"time" "x" "y" "speed" "angle"
"1" 0 8.60992130000965 54.5427416129944 NA NA
"2" 1 26.1029261684492 52.1580139667366 17.654805161034 NA
"3" 2 33.650109410533 49.4523519577212 8.01751718405515 -0.208737236418281
"4" 3 15.8055117196889 55.6216042115509 18.880925298286 -3.13022370790476
"5" 4 19.2006069474146 59.0739979909339 4.8420754241594 -2.01496914290007
"6" 5 39.7959734884692 48.5657027804453 23.1212757258584 -1.26556083322591
"7" 6 59.1746328990693 32.4848211079746 25.1818822949366 -0.220868723833311
"8" 7 75.4828719554422 17.2364950036508 22.3264441885315 -0.0591592997178253
"9" 8 86.2399190791728 8.79856795174534 13.6716010677403 0.0866612549769774
"10" 9 74.4444687746037 12.8208545084748 12.4624009336887 -2.80506833760959
"11" 10 71.9785073037377 33.7340244251467 21.0580540871987 -1.12478651442098
"12" 11 89.3187202127967 48.3239637128181 22.661626423305 -0.988692468250648
"13" 12 110.912982741894 39.9203888377814 23.1717984812558 -1.07060099210473
"14" 13 100.111083515798 29.158296444897 15.2480706833264 -1.98691565493796
"15" 14 89.9194070966347 43.2241841374468 17.3700738286384 -1.72732426614296
"16" 15 105.680848803069 55.3378499065908 19.8787309210589 -1.54254441035848
"17" 16 123.007439250713 51.266653205446 17.7984656394813 -0.886057922273447
"18" 17 107.156702508476 50.3733372539283 15.8758895392018 -2.85451243449792
"19" 18 95.841214704326 65.3717861954528 18.7881274984333 -0.980755658103079
"20" 19 107.589340966008 75.7029950407406 15.644562853125 -1.49582332349597
"21" 20 120.561408904321 60.6786213285612 19.849593246196 -1.57988535144175
"22" 21 106.969492191505 49.0973782529102 17.8568023762782 -1.57732576031851
"23" 22 92.5750419171538 61.0505812486255 18.710405141459 -1.39870041337459
"24" 23 90.7347487146251 79.265637233182 18.3077836886882 -0.7770998120001
"25" 24 103.94781709517 87.3309654459755 15.4801387335208 -1.12345067941059
"26" 25 102.419939968409 70.1623807594362 17.2364354973223 -2.20759052945845
"27" 26 82.9764604070932 68.7698822452531 19.4932795999883 -1.41054184623478
"28" 27 79.9017325868307 85.5794288868182 17.0884408142946 -1.46137645353043
"29" 28 94.1959117784148 86.2765173248563 14.3111666558517 -1.70298320493528
"30" 29 101.377293737749 67.7981006630507 19.8248361701464 -1.24885322396992
"31" 30 92.6695923394848 49.9673473101168 19.843382493277 -0.824958439620907
"32" 31 76.4656565906446 42.1077324229611 18.0094719502527 -0.664898643409617
"33" 32 58.9787732145404 33.7545478812556 19.3795454589951 -0.00597599943311587
"34" 33 56.7409896769826 27.4689565336312 6.67205618608655 0.783135333914857
"35" 34 54.0256386907028 34.8137070117987 7.83061240039576 -2.44545106983683
"36" 35 60.6629339540154 50.2191219163692 16.7744000427543 -0.760923829744262
"37" 36 81.4729547265619 57.5819153857854 22.074140803825 -0.8239231346648
"38" 37 101.873349906539 62.9257020058418 21.0886741863952 -0.0838757176339068
"39" 38 113.063503764191 52.9399082809059 14.997853835629 -0.984774672135266
"40" 39 101.116469867432 39.6498032642807 17.8706046423515 -1.57444120299998
"41" 40 83.5907955958132 43.9466760274881 18.0447325892647 -1.07899924475816
"42" 41 67.231899409904 48.0550834984499 16.8669053583878 -0.00562009272073989
"43" 42 54.1473048617371 55.942891620015 15.278224093544 -0.296445729982361
"44" 43 61.4421407316224 67.3183595667513 13.5135451076241 -1.59851652337331
"45" 44 79.0876005915337 75.0135326381748 19.250401093663 -0.589342927108746
"46" 45 95.7905033295771 84.0173736931408 18.975144627107 0.0831698203615075
"47" 46 103.801070087654 86.4035169696739 8.35840053609209 -0.204898383843493
"48" 47 106.219242686997 77.5228503764223 9.20400987943369 -1.59445108562874
"49" 48 100.500319816026 60.9342254832427 17.5467533934553 -0.597840688449484
"50" 49 83.3015219659165 53.0075009980234 18.9375713478131 -0.806934855937601
"51" 50 64.1102132416204 50.2340682478834 19.390674556879 -0.288350230251441
"52" 51 55.0191025358848 34.5784599028531 18.1037666389325 0.901172309013262
"53" 52 52.5760299478249 33.3962845603727 2.71406378165625 -0.594017989211539
"54" 53 55.4545489813753 40.7706458057966 7.91625388706815 -2.39362449375334
"55" 54 69.5271946916379 56.3734435139237 21.0115837957853 -0.361728453698193
"56" 55 88.5041413055749 62.4905274966106 19.9384858813166 -0.525088673359051
"57" 56 107.537650278949 61.5463501356601 19.0569130429995 -0.361392197035021
"58" 57 119.78379619559 57.1741521185595 13.0032382625406 -0.293355269746035
"59" 58 119.090115971072 50.2450150116317 6.96377292137622 -1.32765380591408
"60" 59 105.274529740627 38.4428636236108 18.1703384744647 -0.764054090671729
"61" 60 88.6044431904138 43.9049017330608 17.5421106455492 -1.02359548559059
"62" 61 79.6942294064806 63.3370041837296 21.3775236014062 -0.824239603617169
"63" 62 76.3951712785289 82.8716177751204 19.8112319833108 -0.262621263687533
"64" 63 94.2119769784205 90.7059675348875 19.4631858005326 -1.32383072888318
"65" 64 108.517951659247 81.0030324274958 17.2860597380292 -1.01024423598744
"66" 65 97.4914990354326 67.9746842221256 17.0681139680283 -1.67718893212086
"67" 66 78.8521054253944 70.9047634843316 18.8682897643836 -1.02435133286717
"68" 67 68.7921526273951 87.5121318272011 19.4166766871604 -0.870235654532857
"69" 68 80.332122943003 101.959050927167 18.4901159100225 -1.21863759901323
"70" 69 96.6859583993446 102.49474513158 16.3626068342957 -0.864052403607244
"71" 70 103.31179825276 87.0926013273117 16.7668657634777 -1.19728316722841
"72" 71 97.0190693944105 69.5074775464917 18.6771254445502 -0.749903459337568
"73" 72 87.7103842067863 53.9664092901343 18.1156402721807 -0.196018722971292
"74" 73 71.3336760304961 41.938522640297 20.3191197632354 -0.397656949984615
"75" 74 67.409524671376 32.7412658232292 9.99942482587797 0.534040774236642
"76" 75 75.7645687510172 30.7845438985839 8.58111427864325 1.74402638858168
"77" 76 88.4328599117909 20.1642404984756 16.5310751387951 -0.467633931888788
"78" 77 89.2398570278582 12.1386450046427 8.0660664128168 -0.772895962606156
"79" 78 97.1692867816849 14.4191024610855 8.25083889259258 1.75061701657117
"80" 79 110.208718586076 23.6023112662722 15.9486082697212 0.333545544180855
"81" 80 114.448656230985 26.5291950683005 5.15205978452275 -0.00938735987741613
"82" 81 118.656894118166 35.8656079383471 10.2409897663788 0.543137298548619
"83" 82 125.126721596889 54.1868134760719 19.4300087483253 0.0840006473437642
"84" 83 124.331145609512 61.0828885663454 6.9418148061138 0.454322151585802
"85" 84 125.876756498097 77.0592353957262 16.0509367649237 -0.211302282962219
"86" 85 126.188980046407 80.0617563511604 3.0187109222216 -0.00717116797220431
"87" 86 119.732321759089 92.0944987898855 13.655596905148 0.596104677635462
"88" 87 116.887935123701 103.729554735682 11.977690186066 -0.252725601213317
"89" 88 110.824014576522 99.5332622765615 7.37427981602072 1.93637524371394
"90" 89 94.8622420129947 99.4414356136354 15.9620366966688 -0.59959041398725
"91" 90 78.9002593755493 113.016939104768 20.9542163956529 -0.710531200120121
"92" 91 61.4107901046538 114.417248714065 17.545438221358 0.624882913667409
"93" 92 51.7672410283929 127.003405550936 15.855894257612 -0.837110354274417
"94" 93 50.4698826549081 125.312294044299 2.13143071131401 1.83340680065816
"95" 94 39.9975869843087 119.027022879865 12.2136648972746 -0.375848550950683
"96" 95 29.0460438015059 112.258155964605 12.8745429977651 0.0130510398325716
"97" 96 17.7065290066264 104.528787200431 13.7232553454301 0.044687843790538
"98" 97 23.405894130322 108.312611256023 6.84105893096048 3.12938797912956
"99" 98 41.5654000691362 114.539064105136 19.1973011390677 -0.25577272886217
"100" 99 63.2357825305734 115.274215208647 21.6828485944527 -0.296402709167037
"101" 100 81.2803093547568 105.010096981026 20.7595055649038 -0.551089947293
"102" 101 100.635342045659 97.6693864952193 20.7003217584246 0.154673039363993
"103" 102 118.374653211453 86.3093901212434 21.0649632863109 -0.207080894133173
"104" 103 114.129304371894 78.3998745148901 8.9768270506173 -1.49381512729274
"105" 104 101.271382759335 92.1502102881145 18.8254583495624 -1.89711554162586
"106" 105 105.410422252702 110.16699673384 18.4861094273112 -0.977685950259021
"107" 106 108.618760979919 111.716884330873 3.56308699753416 -0.894961057045583
"108" 107 103.856077533485 113.516124470722 5.09120994379316 2.33036707475263
"109" 108 95.4799640479896 121.569367502077 11.6195525061839 -0.404544125749921
"110" 109 84.48707876324 115.904806062422 12.3665186365158 1.24155600297398
"111" 110 68.2679492833012 118.149054896793 16.3736622023785 -0.613304751339235
"112" 111 52.8947956812823 120.249820622878 15.5160261764139 0.00168700610015398
"113" 112 35.4687946961242 113.096171838605 18.8372025859327 0.525349115223986
"114" 113 32.4078823943703 113.989895912367 3.18871868295863 -0.673621246999131
"115" 114 23.7296542716332 105.425289471033 12.192789953296 1.06289127914404
"116" 115 18.6211507268382 98.5671748801395 8.55163985496419 0.151768400588516
"117" 116 18.0850922283895 80.4606773330598 18.1144310464381 0.610621950444281
"118" 117 26.230447280496 64.5166344293171 17.9041702695564 0.501904051426734
"119" 118 36.7826660829267 49.3689566819208 18.4608088336707 0.13614900576131
"120" 119 49.6215000407644 33.9993126136871 20.026522818031 0.0874638254623402
"121" 120 64.4219905086282 23.8575371808925 17.9418540574425 0.274130757447173
"122" 121 79.3408365250073 17.695515935837 16.1413280830589 0.209052310354781
"123" 122 92.7217964030728 26.9508756989012 16.2699653227089 0.996814694921563
"124" 123 108.206321439111 40.5982773576134 20.6403025081011 0.117298260709594
"125" 124 117.40120643461 40.9333460281766 9.20098804990245 -0.685994710415954
"126" 125 120.513563980707 53.9867734433572 13.4193418906491 1.30030962563232
"127" 126 123.174706062038 70.9541944156817 17.1748377468059 0.0784910450785408
"128" 127 114.885507271789 83.1797163183908 14.7707211190881 0.751395303908142
"129" 128 107.026052351379 97.955379536925 16.7359270789971 -0.106968800408348
"130" 129 99.7357956664197 116.560817557033 19.9827467194247 -0.115407909158909
"131" 130 82.0348317093517 115.663814650218 17.7236773617738 1.24798079721072
"132" 131 66.3727895921849 115.149199057874 15.6704943281248 -0.0177863732770746
"133" 132 50.5765166334081 125.125785840745 18.6830009159218 -0.59616164582121
"134" 133 47.9266883114487 123.070857228236 3.35325539414558 1.22293520782178
"135" 134 34.8743625581152 113.751350526121 16.0379678495089 -0.0395515621770683
"136" 135 23.1613604131608 100.383500535291 17.7734023930435 0.231215506927982
"137" 136 11.780634823002 90.9771437064202 14.7648387648002 -0.160581510667014
"138" 137 12.209841534191 82.5678461679514 8.42024367173704 0.931089937917547
"139" 138 20.6393423849139 66.2717765188485 18.3471624672795 0.426374261588268
"140" 139 32.8205457718671 52.9457840576328 18.0544673427576 0.263177682799445
"141" 140 48.3839494796307 41.4867357465705 19.3269067148908 0.195585700945843
"142" 141 65.5834003616648 32.8432868441586 19.2491641265825 0.168984133710317
"143" 142 83.8531721216302 30.9264116078739 18.3700563644402 0.361141141450728
"144" 143 95.6292075456051 26.0074850337846 12.7620863869508 -0.291138693584841
"145" 144 109.749973771359 30.4058369215689 14.7899133916051 0.697633161373296
"146" 145 108.345807233054 28.4419549054884 2.41423201875508 -2.49347191335995
"147" 146 101.368838468165 35.3715632155701 9.83349197779602 -1.73206965590244
"148" 147 99.5843485913456 51.6854955491322 16.4112398161905 -0.679852509185441
"149" 148 105.789037912641 66.902512377862 16.4333736870932 -0.496117985247016
"150" 149 118.31552960013 70.4837975494207 13.0283766247664 -0.905161112953882
"151" 150 115.187510643451 79.0288175474868 9.09955325061057 1.64324074714169
"152" 151 110.89816452261 96.6982123193523 18.1825741232754 -0.112763951970183
"153" 152 97.3186843217431 106.522496190521 16.7606335234393 0.70634580742994
"154" 153 85.8174700079001 117.358102182514 15.801528024424 -0.12930670779599
"155" 154 72.4582426618722 127.151292438924 16.5642847923205 0.123033552892318
"156" 155 75.0962515523272 128.92559128299 3.17918657743985 -1.91692564719292
"157" 156 85.0476252908553 119.426472543152 13.7572924704464 -1.35424304164512
"158" 157 101.125377277258 107.518827702566 20.0071515860153 0.124674295318383
"159" 158 109.371782491935 90.1587735636048 19.2191227342027 -0.48985369370183
"160" 159 118.679945191785 75.3923829456313 17.455319668498 0.118979246814188
"161" 160 107.461460708432 63.7694630563869 16.1538435319594 -1.33013919187405
"162" 161 89.261551107915 61.4938263603313 18.3416256596689 -0.678712503186391
"163" 162 87.3842870682455 45.8198688965695 15.7859767784718 1.32720445865763
"164" 163 93.2914347049178 30.6946896470053 16.2377781895458 0.491535700659479
"165" 164 78.3590190961989 24.5917704703416 16.1314183625744 -1.5551440572814
"166" 165 68.8448623252251 39.9434847739015 18.0608502324999 -1.4039705645649
"167" 166 82.5827341299158 50.1242118064763 17.0990153118217 -1.48784676175348
"168" 167 99.6406641740453 50.5070521438243 17.0622256494959 -0.615321707396262
"169" 168 111.029012421527 39.1872700645288 16.0571461389828 -0.804818490887562
"170" 169 102.736603917437 30.1982860042597 12.2297127208482 -1.53352974352862
"171" 170 87.8231100662942 38.9049482926666 17.2689972798779 -1.35411498667506
"172" 171 81.9332080183746 55.1706052583879 17.2992064170761 -0.694946280329316
"173" 172 93.6712605015975 66.9265618291222 16.6127779432545 -1.13205534506414
"174" 173 109.31097902831 73.1080087103901 16.8169878735975 -0.409763777442663
"175" 174 122.410574664672 76.9231973558911 13.6438656632554 -0.0929912161047955
"176" 175 126.253437418408 71.0411321359237 7.02611453052121 -1.27549693123563
"177" 176 124.222601706446 56.5579033779914 14.6249173995472 -0.7180161637413
"178" 177 112.522964268831 43.1266904895059 17.8123270750195 -0.577292982539293
"179" 178 95.3945384452661 36.2800759040319 18.446113478871 -0.473924817205954
"180" 179 79.8536349588407 42.9809119968453 16.9239736916937 -0.787355575477864
"181" 180 71.3205450588445 57.2199596418784 16.6001235260145 -0.623822303297905
"182" 181 82.8424746664053 65.3477729545442 14.100220251015 -1.49632668462599
"183" 182 99.2512949463201 66.880194262057 16.4802214196977 -0.521235087818132
"184" 183 115.635267089035 60.0544587811288 17.7489494908536 -0.487863296082069
"185" 184 122.584069269304 53.339403718353 9.66321976551395 -0.373549572819794
"186" 185 110.989090090184 45.8515650582761 13.8025820035083 -1.79989488744314
"187" 186 101.232305479069 54.6513038220126 13.1388830673579 -1.30727408650986
"188" 187 111.733580827731 61.2171279035931 12.3849436744255 -1.84895112710116
"189" 188 121.804053356087 62.679170081451 10.1760495416538 -0.414598560434894
"190" 189 118.825470663063 70.1323244229606 8.02629830604028 1.80681901590531
"191" 190 115.174349110292 83.5807345617032 13.9352224184956 -0.115095516285937
"192" 191 107.402916754344 99.5765511251704 17.7837371886551 0.187155879860698
"193" 192 96.6861288890337 111.984316247764 16.3951876319707 0.260146499973774
"194" 193 79.8810155554535 112.957645064068 16.8332766608027 0.80053901928534
"195" 194 67.821549489613 123.35218938623 15.9209696142709 -0.653531547946728
"196" 195 74.1940588079832 129.685263276222 8.98424732010517 -1.6479127428442
"197" 196 79.1890269234686 127.618921322949 5.40550418948808 -1.17454198249302
"198" 197 93.5771903610394 115.604537841032 18.7447234590647 -0.303484414444804
"199" 198 105.46643777173 102.604421683014 17.616958424046 -0.134268819526271
"200" 199 107.704107430956 83.8983808101091 18.8394036700373 -0.621738396857869
"201" 200 95.830108585885 72.4699592258583 16.4803115407484 -0.92357443415046
"202" 201 81.5870772345877 74.8438449043368 14.4395039834658 -0.931430888415612
"203" 202 84.9335359590098 89.8731408788775 15.3973544313497 -1.62473277622781
"204" 203 100.206169648988 92.539102867959 15.5035703357476 -1.17889111127147
"205" 204 111.935026172936 96.6544773456318 12.4298987305148 0.164638153603043
"206" 205 117.668984189184 98.4343623672272 6.00385419727963 -0.0364742116921814
"207" 206 115.350921352555 101.987189669937 4.24216892137049 1.84791520719347
"208" 207 111.263656274235 103.433889565691 4.33574404327878 0.652504526800732
"209" 208 107.703273297148 113.039146717709 10.2438904670017 -0.875634895189901
"210" 209 103.562323345529 115.746879958912 4.94765457639601 0.636720754408875
"211" 210 93.5686604990761 123.89504782913 12.8944149432934 -0.104914693852792
"212" 211 80.1114120285437 126.568777962322 13.720290420497 0.487891789062077
"213" 212 62.8155509261821 130.766070807293 17.7978672457863 -0.0419446775827847
"214" 213 46.259115327725 126.796441004593 17.0256723948378 0.473395229131361
"215" 214 33.8770405114274 113.776509069144 17.9675931710432 0.575181990714185
"216" 215 23.2622745893479 105.377053616319 13.5360299750159 -0.141090394625573
"217" 216 12.2005554983797 92.6831289543848 16.8373796230399 0.184585473069725
"218" 217 12.643406874461 77.3880725707387 15.3014661755079 0.74574366238996
"219" 218 6.00874800260964 68.3878411465774 11.1813623514443 -0.664182014564445
"220" 219 7.93805918922914 59.0922692063363 9.49367680885618 0.83988230564104
"221" 220 15.6618822014022 48.3301914337003 13.246877364407 0.417853181926351
"222" 221 24.7239115621059 44.1451947898685 9.98171192948078 0.515659909009178
"223" 222 30.9206865378795 36.5805666610249 9.77873298684781 -0.451833397947187
"224" 223 45.9819146287912 34.9024667640357 15.1544254549865 0.773509658872966
"225" 224 61.6624658023271 29.8844313328808 16.4639109780819 -0.198757049703658
"226" 225 80.6837654312854 32.5673996756408 19.2095850736777 0.449844262195597
"227" 226 99.3753705467475 36.5913285416533 19.119835389226 0.0719174479494675
"228" 227 117.38711702506 38.9160733598667 18.1611522120384 -0.0836851373506694
"229" 228 110.679466706216 36.0805932530296 7.28234304576237 -2.87001060931984
"230" 229 97.0367574389508 38.8320966697296 13.9174095004506 -0.598954052672224
"231" 230 86.9987442160909 51.2005663893833 15.9292420619533 -0.690020304765519
"232" 231 86.2156397093927 69.148056370572 17.96456649333 -0.638157220968924
"233" 232 102.9728733483 76.9327693896698 18.4771923196855 -1.17950727154831
"234" 233 116.355496567017 84.9894722647169 15.6206614914651 0.107014248488417
"235" 234 121.353832463525 74.9990496835354 11.1710297235706 -1.6488072794728
"236" 235 111.154798162189 64.199566371745 14.8542633772756 -1.22070891051142
"237" 236 98.1827452825827 72.6338758876316 15.4729354978645 -1.39049454518157
"238" 237 87.7203536796655 79.8823239616409 12.7279863896219 -0.0293747068949994
"239" 238 76.7967719158129 90.6302494975835 15.3245731385164 -0.171408891243959
"240" 239 88.4681106990917 98.2510559689957 13.9390401487615 -1.78585312353679
"241" 240 99.4271049865028 85.284627609779 16.9772736381967 -1.44755249781476
"242" 241 96.4403913510517 68.0255212785128 17.5156275849353 -0.873044826454109
"243" 242 86.8366571553491 60.1018259537207 12.4505685854839 -0.709603795123346
"244" 243 77.434166017422 46.3193979391195 16.6841889696941 0.282272828352815
"245" 244 71.888437786797 29.2713345600677 17.9273970945065 0.284182520522333
"246" 245 73.5204630326397 12.7878103499481 16.5641201634336 0.413190703766326
"247" 246 64.6293890708984 7.97127138414315 10.1118862633176 -1.17301441631392
"248" 247 55.1278660018898 19.3843794282904 14.8505210635278 -1.37301408996184
"249" 248 56.6397491707418 35.9996512252616 16.6839158354232 -0.78499568558913
"250" 249 71.6700148065526 45.1058445156791 17.5736063835935 -0.935337565412924
"251" 250 88.9088376126086 50.5306730305905 18.0722377185227 -0.239839278514678
"252" 251 107.616199053661 53.4933194073665 18.9405027821332 -0.147812253049052
"253" 252 122.627787007159 50.8533999685092 15.2419469730501 -0.331142339796929
"254" 253 118.046714777734 41.3537204716141 10.5465697416242 -1.84605191268198
"255" 254 102.832373014946 39.8025073911277 15.2932160547077 -1.01985575439857
"256" 255 97.2858517397459 53.5787389729873 14.8508738750712 -1.28964362403611
"257" 256 87.8321080602298 66.1073214954098 15.6951791827664 0.263663211074022
"258" 257 98.4929911863982 79.0082203788451 16.7358185049445 -1.33703526514756
"259" 258 114.958576913037 82.1289775643501 16.7587182902561 -0.692872843643935
"260" 259 119.348988246433 87.1784916336063 6.69128567706023 0.667795474670259
"261" 260 114.601302041692 98.8220951283848 12.5743400082194 1.10286054587939
"262" 261 103.027013283039 110.20064263552 16.2306963387532 0.406755920598996
"263" 262 87.9438381559525 118.810946730575 17.3677721232081 0.258156862797539
"264" 263 69.9322992548786 125.706457931924 19.2863580883698 0.153088490121056
"265" 264 66.6554516732821 130.49280393469 5.80058946411516 -0.604839463361784
"266" 265 75.5285769223204 130.653036903506 8.87457189330377 -2.15307187857308
"267" 266 89.4828195976792 126.644191893324 14.5186682226181 -0.297807523314004
"268" 267 104.09914048576 118.14141093843 16.9095866380656 -0.247127554184461
"269" 268 116.188235643325 106.236236046058 16.9670094874329 -0.25085433267813
"270" 269 124.490351032439 92.1454007883464 16.3547166956243 -0.26063349909918
"271" 270 127.420032301837 83.6931821284652 8.94555937964215 -0.198771999440572
"272" 271 129.750823673231 70.1155752721896 13.7762112484002 -0.163650354217044
"273" 272 128.599367823768 54.5649710758103 15.5931761179599 -0.243918183777463
"274" 273 123.149760217532 37.254045766978 18.1484533255569 -0.231074763231349
"275" 274 112.454351388563 21.3744948786381 19.1455453417803 -0.287755869826312
"276" 275 97.3214031970454 9.45267883748199 19.2648856390667 -0.310794083895413
"277" 276 80.3737832747033 3.2809273520019 18.036416978732 -0.318021820064379
"278" 277 62.8283812776323 2.61581438642721 17.5580040578591 -0.311348977213026
"279" 278 57.70739189378 7.14392620454694 6.83581223461583 -0.761921463685499
"280" 279 68.1201043115623 16.8394786618145 14.2277305761342 -1.66781281502941
"281" 280 84.8266524623312 15.7769552760165 16.7403018807704 -0.81326201341328
"282" 281 93.2386180334298 14.1335689440273 8.57099080652393 -0.129419224349429
"283" 282 105.951927464163 24.4155977139996 16.3507905713489 0.872993127595807
"284" 283 117.002663227616 32.8078968248044 13.8762186952668 -0.030548956906866
"285" 284 123.890043220112 43.4145306097295 12.6466075849826 0.34536940963239
"286" 285 126.950332063766 52.2695905950991 9.36896233054066 0.243168019287542
"287" 286 128.608279004847 64.2371808971901 12.081887505607 0.195087432048209
"288" 287 120.840745053475 79.4674573280585 17.0966635296592 0.609280606511571
"289" 288 121.023719252342 96.2963320306273 16.8298693789409 -0.482492618034892
"290" 289 111.176092376742 106.242311448679 13.996366016411 0.79130150544672
"291" 290 99.9794013630665 119.607978697121 17.4357950966338 -0.0831075631450566
"292" 291 85.1274427780794 127.921913936487 17.0206402046027 0.363148335576054
"293" 292 65.8465553177215 131.551304161616 19.6195080128237 0.324265738216929
"294" 293 47.7598420317656 129.001809344103 18.2655172747147 0.326097430054386
"295" 294 29.8664951616473 120.367797206237 19.8675118676493 0.309534347946401
"296" 295 15.2534716250236 108.171102985032 19.0341747078112 0.245940903939945
"297" 296 6.63729030484737 89.434465105167 20.6228072672795 0.444263134081689
"298" 297 0.692482724096857 74.7235128383216 15.8667215822789 0.0469786408604717
"299" 298 2.73108430754571 56.8215905469872 18.0176224330797 0.497430068748336
"300" 299 3.72160771425779 46.636532091371 10.2331105908009 -0.0164399621877584
"301" 300 8.16333907468538 38.0207643157602 9.69331892807925 0.379050649580891
"302" 301 13.7548682072041 25.8121146508811 13.4281914150625 -0.0465137863295809
"303" 302 25.2921776459712 13.9315122419751 16.5607434218506 0.341255211470522
"304" 303 42.5356576428094 4.25362785962102 19.7736958740538 0.288617961281564
"305" 304 62.9532556743521 0.848505528297335 20.699593413131 0.346185565686113
"306" 305 83.9830926436864 3.61920336131324 21.2115725357329 0.296249324723287
"307" 306 101.840012813184 13.3675661385346 20.3445367304374 0.368705300882399
"308" 307 115.999656465493 25.860835304671 18.8832540314933 0.223256525837564
"309" 308 125.63984956527 44.588537521529 21.0632417572488 0.372455745940402
"310" 309 129.428566357713 64.1392186205501 19.9144044944596 0.283965574694033
"311" 310 126.109212241112 84.0527698133355 20.188304358194 0.356586493882728
"312" 311 114.00360903445 98.2916714793255 18.6893539120776 0.539427851515899
"313" 312 111.617057931854 108.507860205934 10.4912410258739 -0.475108082841099
"314" 313 96.0851376930244 112.731510526373 16.095955030215 1.07579378952067
"315" 314 80.7379110099955 105.333089378314 17.0374294523653 0.714713262094344
"316" 315 74.4246644373425 88.5538371972461 17.927643069935 0.76172732523925
"317" 316 75.601751104404 71.0965491926916 17.4969265156981 0.427193632385072
"318" 317 81.2704909494346 55.4264469319989 16.6639345981435 0.279783712589515
"319" 318 99.6336859876831 54.6267649670701 18.3805990995339 1.18016726884839
"320" 319 118.051375635814 58.4248865601949 18.8052391532532 0.246891034522421
"321" 320 127.534749291867 62.5436044257213 10.339159189998 0.206358806668144
"322" 321 128.744711192237 71.5678937395908 9.10504285661343 1.02778359980897
"323" 322 123.920004442324 87.4609447350663 16.6092403549183 0.428015338146024
"324" 323 117.022894852083 104.22831889887 18.1304979812687 0.0955129009423515
"325" 324 102.705702139986 118.972219374539 20.5515110975267 0.380471323573035
"326" 325 85.9237910487491 127.680266147817 18.9066818474256 0.321431282942967
"327" 326 64.3501948685465 127.22508502109 21.5783975773129 0.499744815494577
"328" 327 46.4755974646737 118.893223992813 19.721083655445 0.415089362363331
"329" 328 29.9021591363851 117.622452876905 16.6220852257053 -0.359659791204136
"330" 329 20.8094814044657 108.191328893652 13.1004918962622 0.727141582900824
"331" 330 11.4973757711725 92.6385397563615 18.1274532484474 0.227635439687516
"332" 331 13.1399746781345 77.3436436671637 15.3828468609849 0.646479047475661
"333" 332 23.8908781080055 61.9152648324587 18.8047014872767 0.501607754558839
"334" 333 39.9352825275866 53.1562842119736 18.2795693244974 0.462497088942097
"335" 334 59.2007761108578 50.3786773035002 19.4646947868458 0.356517769275605
"336" 335 78.4807808731437 53.1403225624704 19.4767879325663 0.285459622583366
"337" 336 96.6921465767178 51.6084602150904 18.2756790035456 -0.226189268387313
"338" 337 111.308052348007 44.3720495581122 16.309210303127 -0.3758059073658
"339" 338 119.376482809544 37.7575222319729 10.4331942309588 -0.226976036287491
"340" 339 126.1336015247 46.7486140555134 11.2471501061402 1.6130137740732
"341" 340 129.498214507256 63.9488707730514 17.5262503597203 0.451307852978935
"342" 341 127.675223725159 80.9430712549472 17.0916981429722 0.300037529925658
"343" 342 120.88663559919 98.1159516143359 18.4659889684234 0.269592874893566
"344" 343 107.185471057116 114.174983672722 21.1095812478894 0.329878847288045
"345" 344 91.0476860661765 125.582078401227 19.7623357566581 0.249149211068881
"346" 345 73.0973125070076 128.979828868275 18.2691165399434 0.428240169059612
"347" 346 54.1456311497649 129.394577872502 18.956219111494 0.165191465159522
"348" 347 44.3719340424577 127.116682637747 10.0356346010557 0.250857382071287
"349" 348 47.4194078141013 129.323636637538 3.76267755010331 -2.74379106685677
"350" 349 50.9027281322871 129.30496028854 3.48337038586167 -0.632139512236193
"351" 350 55.5928717895868 130.292122407934 4.79290481608755 0.212809531797256
"352" 351 73.0440971692353 131.273316998249 17.478787431494 -0.151282098628353
"353" 352 92.0059366111665 125.421917861209 19.8441484292608 -0.355482931477635
"354" 353 109.30150108785 113.917065274161 20.7725343570983 -0.287663144176543
"355" 354 120.672616074192 99.7430013517877 18.1715806717009 -0.307705889037901
"356" 355 126.932597427439 86.1145837542048 14.9973708614912 -0.245522141287628
"357" 356 129.924567847207 68.3204013667471 18.0439689046196 -0.264003113515292
"358" 357 127.669008394267 48.8222887185776 19.6281416666595 -0.281753939707403
"359" 358 120.381264676631 31.7605824495975 18.5529789872919 -0.288513172544675
"360" 359 110.200381540299 19.1567343981786 16.202079099267 -0.275772543228525
"361" 360 96.393405021469 8.55891368250062 17.4053556273113 -0.236690217641951
"362" 361 78.914930954795 1.82850865481901 18.7295330303785 -0.287083133426244
"363" 362 65.5430168907263 0.0385871345986939 13.4911787767187 -0.234502448447085
"364" 363 53.7597592185586 1.23265168723176 11.8436038233535 -0.234056755020713
"365" 364 39.9418911830355 6.33486863557305 14.7297690014159 -0.252727163767197
"366" 365 31.3039484097985 20.7894825668046 16.8389405621218 -0.678432151629759
"367" 366 44.8108692002657 27.1524541935363 14.9306502591999 -1.66918932237732
"368" 367 61.0706423671999 20.7900641094924 17.4602471638203 -0.81323386931642
"369" 368 78.8064723686246 23.8847570995207 18.0037993363058 0.545729824245821
"370" 369 97.6435719051533 27.6038975942074 19.2007376152144 0.0221809022051855
"371" 370 108.151825654786 19.6680592954795 13.1681785517295 -0.841751047906824
"372" 371 96.2426276708588 15.9011154927313 12.4907510676277 -2.18842357895492
"373" 372 79.1351415803865 20.3100558344841 17.6664890477095 -0.558579147602165
"374" 373 79.5485686402629 35.5263298285433 15.2218893766877 -1.3457285122232
"375" 374 96.6230144503814 41.9612437243215 18.246775511546 -1.18322037540479
"376" 375 107.796204733038 30.3923541070824 16.0835129268554 -1.16320841793505
"377" 376 100.018667792634 23.7821504206645 10.207099178282 -1.63435520284881
"378" 377 84.332782745841 26.7814858967874 15.9700658420541 -0.893373435977116
"379" 378 77.9681882355674 42.6780408376865 17.1233326858187 -1.00103427375625
"380" 379 88.3510244075525 55.4948617328721 16.494671407262 -1.0616961159544
"381" 380 105.838172527303 58.9963187262556 17.8342521693115 -0.692313439342324
"382" 381 121.627273410661 55.1259626748874 16.2565483011993 -0.438005336222054
"383" 382 116.69381102923 42.444061919881 13.6077058253339 -1.70140968951123
"384" 383 99.7380700519824 44.7079026720195 17.1062014204952 -1.33252435607794
"385" 384 96.7323456250181 60.3817311567073 15.9594260140602 -1.2485996853253
"386" 385 111.426555529872 67.3825894516834 16.2767263783058 -1.31564347810222
"387" 386 124.616290780701 68.8218547794808 13.2680292685373 -0.335929687933346
"388" 387 126.345336860723 57.5761324769579 11.3778675705205 -1.52692958721925
"389" 388 114.151637990229 46.1235749893434 16.7286390705107 -0.969287579642796
"390" 389 95.7928289085616 45.5807199527343 18.3668332188181 -0.72450498493897
"391" 390 90.5817165995675 60.3373774289641 15.6497486039782 -1.26089073214817
"392" 391 105.016941350768 65.9114873474701 15.4740561909687 -1.54175563431568
"393" 392 119.490599283318 72.7577149085452 16.0111712802806 0.0733189700447068
"394" 393 128.021799044024 67.748895338552 9.89290871492394 -0.972719300117799
"395" 394 128.184189265323 72.0643327475718 4.31849170604057 2.06407747163653
"396" 395 124.488368929183 82.5610526300562 11.1283519106995 0.376150408181431
"397" 396 120.687896243644 94.4499997548023 12.4816127310753 -0.0291396297759785
"398" 397 106.612682318898 106.557581259658 18.5662375543373 0.551008540756553
"399" 398 90.2968284246256 119.016776963699 20.5289708921523 0.0582250307485084
"400" 399 70.4892835376894 125.33360972628 20.7904115062307 0.343450027244263
"401" 400 54.6358243494617 130.505777147435 16.6758353333577 -0.00664644268646382
"402" 401 48.3453666749386 126.494274494745 7.46069777484018 0.883049327887981
"403" 402 35.1735115532718 112.758425441101 19.0307991574362 0.238666798847857
"404" 403 24.6926975587938 97.3439673058563 18.6400907076672 0.167309400705382
"405" 404 22.6793893134884 78.9164425916261 18.5371809395113 0.488307658868037
"406" 405 30.9102127503013 64.5219306400157 16.5815689478723 0.628252100688876
"407" 406 46.7073711639975 56.4085067594856 17.7588811869601 0.576899598571515
"408" 407 64.4792578136246 51.0371976500687 18.56585351219 0.180961312999668
"409" 408 82.4012395236233 46.4657092782616 18.4958355947251 0.0437557350482896
"410" 409 96.1569520293299 40.5481503740637 14.9745494063863 -0.156506282053871
"411" 410 98.0769670295992 24.3909670242847 16.2708644945385 -1.0462597583439
"412" 411 84.7806025868628 22.1572405851788 13.4826867203398 -1.52263407426091
"413" 412 74.4645665010168 34.9438367004012 16.4291704214881 -1.05837286045177
"414" 413 74.7516520235193 52.3449057722063 17.4034371013017 -0.695361225039121
"415" 414 84.9761823298328 64.9945485867617 16.2651309038862 -0.663276394883792
"416" 415 103.178491202918 67.9794603855891 18.4454261744739 -0.728484584690972
"417" 416 119.223028223592 67.5327650491583 16.0507540299944 -0.190372460974294
"418" 417 124.449257796538 61.7593482388913 7.78754243739382 -0.807269311652287
"419" 418 116.918319289356 47.9018903760161 15.7716255731716 -1.23349949909676
"420" 419 102.079659734566 40.5352003955491 16.5666514012725 -0.612184468801911
"421" 420 94.7039195416988 52.6429519046468 14.1774183121868 -1.48446336416281
"422" 421 98.7105055692926 65.3898936956137 13.3617834370569 -0.851678315891215
"423" 422 112.126270749689 70.4075248121654 14.3233856820695 -0.908354082357979
"424" 423 123.362086958454 75.9778748540601 12.5408279418227 0.102353209506333
"425" 424 121.432173839168 82.0076848124855 6.33112729162178 1.42029982064777
"426" 425 110.258918326085 92.4831217768904 15.3158877756357 0.507861559768589
"427" 426 99.2138381192158 105.949323945288 17.4164404404665 -0.130679038079453
"428" 427 82.4733327118093 110.371155882682 17.314650414547 0.625612905970938
"429" 428 67.3905309410753 117.055079272338 16.4974465034455 -0.158900060370832
"430" 429 53.8688794339619 117.367089239845 13.5252508183637 0.394071014773335
"431" 430 52.5295478288144 120.371674609136 3.28958088362458 -1.12840111072257
"432" 431 52.3958912326359 120.48528281944 0.175416393619624 0.446977344271264
"433" 432 52.4542601342056 120.537230732083 0.0781377904628399 -1.70983936880873
"434" 433 52.4806106488366 120.630009780293 0.096448439116584 0.56681090312542
"435" 434 52.5186610461227 120.603894285286 0.0461503175837404 -1.8955686390456
"436" 435 52.4610803353379 120.760731893615 0.167073557575158 2.52415361508015
"437" 436 52.5522010137164 120.901828626733 0.167962097285674 -0.925277367949531
"438" 437 52.4791273536354 121.022857721344 0.141378221590088 1.11660553148953
"439" 438 52.5285816311669 120.942854796917 0.0940542050257046 -3.13111659042633
"440" 439 52.450329277822 120.995466542717 0.0942943614440888 -2.7163750096595
"441" 440 52.2082023811866 121.015657035055 0.242967261282603 0.508720551530976
"442" 441 52.0566110719816 121.021180522454 0.151691904660462 0.0467749912861965
"443" 442 52.0379294446648 121.039516139753 0.0261762881432928 -0.739630579781565
"444" 443 51.9091721098465 121.092330473036 0.139168261718102 0.386795533164031
"445" 444 51.4529058102584 121.453562785264 0.581951647078436 -0.280412263973422
"446" 445 50.7094412413625 121.423565034377 0.744069506337886 0.709994621358051
"447" 446 51.5609405961788 121.268024033049 0.865588906090332 2.92059070847258
"448" 447 57.0616598706777 119.781395228932 5.69806789517939 -0.0832796755323238
"449" 448 64.7228247165477 126.82477567025 10.4068561456732 1.00736459721823
"450" 449 73.6114947318007 110.334072812923 18.7337058631951 -1.81983880442637
"451" 450 65.6001348510691 95.1118645144251 17.2016717972836 -0.978828239088555
"452" 451 48.5423196464621 87.9047324925686 18.5178781596324 -0.686573883999679
"453" 452 34.4930829592296 98.4531041713493 17.5684147425881 -1.0437836564601
"454" 453 40.5851958313693 115.939783597323 18.5174997392649 -1.26201025526917
"455" 454 60.0568800688376 120.100459123878 19.9112457641641 -1.025047693562
"456" 455 78.8687520009796 113.147855067181 20.0555535640507 -0.564528172697944
"457" 456 88.9939034106631 99.8788940635258 16.6908363237301 -0.564966804299686
"458" 457 106.065912246303 92.1584126696384 18.7365770256341 0.494275325398189
"459" 458 120.223441760728 81.0945841060682 17.9678586491516 -0.23863872779154
"460" 459 126.671029808978 68.8746441153618 13.8165959996086 -0.42194512415475
"461" 460 127.081620014513 52.1567149319222 16.7229704448517 -0.460950358729998
"462" 461 121.343432259846 34.7630788843087 18.3157138453474 -0.343213725749302
"463" 462 109.222078760846 20.6260324122652 18.6221183972291 -0.390125884526378
"464" 463 91.018551497962 13.6211403610328 19.5047921665419 -0.494668641764698
"465" 464 73.6807447360059 23.8998084722515 20.1556582987388 -0.902486409983622
"466" 465 74.782702972295 41.4850382974478 17.6197224711258 -1.09823495017548
"467" 466 91.2506313590812 50.2858824106153 18.6721054639427 -1.01740879658657
"468" 467 109.737214807095 51.0036860940757 18.5005137687681 -0.451996644875079
"469" 468 124.815715073252 58.2189527692586 16.7158979259413 0.407502308139644
"470" 469 128.051502117741 68.45706444256 10.737283102921 0.818366572077971
"471" 470 123.877726168597 80.9373835956712 13.1597405687637 0.628854574843175
"472" 471 123.147868724193 94.3825859850137 13.4649975558681 -0.268505359957712
"473" 472 112.624229938838 109.599004236118 18.5009826138281 0.550833870298115
"474" 473 99.6417872297618 121.089762747124 17.3372820780164 0.241210088989607
"475" 474 84.3006784720196 128.14580196841 16.886009220926 0.293429846383583
"476" 475 66.4794291966664 130.768505094582 18.013203419223 0.284973564376493
"477" 476 47.5863501739919 128.322583870052 19.0507471137914 0.274863475950966
"478" 477 43.0141986622209 109.896470486717 18.9848946234135 1.19882919660523
"479" 478 32.3189797719142 93.1541949609316 19.8668441603814 -0.325250185996675
"480" 479 28.0820291136826 75.2950842934933 18.3548245622806 0.335535568655818
"481" 480 38.3335675996304 59.8037097599067 18.5762409079104 0.817533075697718
"482" 481 54.2342833872347 48.9992384426299 19.2241869269944 0.389367972733864
"483" 482 71.1064749631828 41.6363752906045 18.4087642814761 0.18535311390978
"484" 483 88.1538166203167 34.4406415301537 18.5037953384256 0.0120644707532713
"485" 484 82.3856319760075 22.6732515816978 13.1050913880776 -1.62714594165714
"486" 485 63.4779843594195 18.2711322258421 19.4133405990897 -0.886285322369898
"487" 486 45.1154957206044 16.6530053156645 18.4336465114218 -0.140852810457362
"488" 487 33.1245422270697 30.3256955440261 18.1858577956842 -0.938728821894228
"489" 488 45.096153373092 40.2910289053957 15.5764996849353 -1.59656281209452
"490" 489 61.4197492481455 36.5435709508444 16.7482304561763 -0.919858174084725
"491" 490 78.7561170088694 33.6857800379379 17.5703334071086 0.0622884141256794
"492" 491 95.177791080021 33.1561053523662 16.4302140756494 0.131131021173744
"493" 492 89.6280027670937 24.2398373053533 10.5023800257126 -2.09530486334391
"494" 493 74.4410092954148 16.2795145972801 17.1467637857842 -0.531260827323367
"495" 494 56.2365891599851 14.6330781467968 18.278721658057 -0.392587346801192
"496" 495 38.6739663062201 20.0635461720707 18.3830276199844 -0.3900772885434
"497" 496 31.1940432230091 36.4633323439994 18.0250446827667 -0.843001107479411
"498" 497 43.2908390160155 49.1380026994612 17.5208372253531 -1.18998827548038
"499" 498 60.0229122552195 52.3979382340888 17.04668456246 -0.61630118733707
"500" 499 76.4066101475588 56.4063433797887 16.8669163879921 0.0475237710429926
"501" 500 91.6578523191208 63.9661444312803 17.0220733083184 0.220244328482707
"502" 501 107.083313526183 72.7377307038565 17.7450156153165 0.0568549039100137
"503" 502 120.759322865184 71.8306506314882 13.7060579926585 -0.58327334966364
"504" 503 127.718977678559 73.3059466724736 7.11430204095133 0.275115580357768
"505" 504 126.255843670503 83.9060061774126 10.7005617905687 1.49907412531801
"506" 505 118.87457163835 101.367078513151 18.9571153904417 0.262780067177959
"507" 506 107.07741311852 115.117041978693 18.1172416345796 0.309163109361142
"508" 507 92.3047628034373 124.818166976494 17.6732290075885 0.280621831777924
"509" 508 75.7130911138038 124.679232557184 16.5922533801005 0.589440854801584
"510" 509 62.2884160476297 113.342199729009 17.5712894797016 0.692914226313972
"511" 510 47.3469085094814 115.277860914809 15.0663675694826 -0.830119500643479
"512" 511 44.0601985514806 120.309903678912 6.010317523042 -0.863373805907327
"513" 512 40.2115740296614 104.923927711238 15.8600178810683 2.31789287260558
"514" 513 24.9546333685559 94.8578175715895 18.2784247592625 -0.742472809297299
"515" 514 18.0318513377495 79.7197281887958 16.6459202571534 0.558666487959786
"516" 515 22.2419006561445 60.8398970869699 19.3435399474034 0.648317586278318
"517" 516 32.7896671107919 46.7171691493704 17.6268778171643 0.422089192686307
"518" 517 47.808160631216 36.8064814186666 17.9938011247914 0.346002257133992
"519" 518 63.8037590144003 28.8143369708338 17.8810944998105 0.119937843667906
"520" 519 80.5851628880964 21.9433945844694 18.133542545483 0.0747488458114513
"521" 520 90.6384871923366 15.5489685278308 11.9146134708619 -0.177890689092612
"522" 521 102.717741030145 15.8902546349268 12.0840742088544 0.594752989075301
"523" 522 104.893129191854 15.3665330807595 2.2375428309655 -0.2644990376527
"524" 523 94.1515252458474 13.4779358670167 10.9063676248615 -2.73129805919933
"525" 524 76.4939180835064 9.59406714440973 18.0796993048557 0.0424648792290807
"526" 525 59.7767013458207 4.41079323330887 17.5023330985403 0.084149962187731
"527" 526 45.2948116138188 16.0501652429341 18.5795616468287 -0.977661391851582
"528" 527 38.9407643897706 34.8722904657907 19.8657069854141 -0.568220513587822
"529" 528 45.2143069808685 52.8873674720081 19.076171947806 -0.660675864797271
"530" 529 59.0920938461257 64.3186292020694 17.9796193791379 -0.546660119462276
"531" 530 74.2553637742219 78.2838806831652 20.6143882723343 0.0552610689282141
"532" 531 92.2974412430169 87.1541893512233 20.1046993326592 -0.287350813123314
"533" 532 111.582415710967 91.3029662069596 19.726190448948 -0.245041381878992
"534" 533 122.085978129867 92.8709236120281 10.6199488657826 -0.0637160512924202
"535" 534 122.174093677335 84.9991980456094 7.87221873061944 -1.70778724044387
"536" 535 122.946199385123 67.601284196201 17.4150381433816 0.0331566484507047
"537" 536 126.47245950037 61.8265960629927 6.76620524638451 0.503856782426823
"538" 537 116.718666356219 49.6955155113409 15.5659755893924 -1.22540235191496
"539" 538 102.824852797674 36.3688229466124 19.2519814542399 -0.129034020938118
"540" 539 85.1708141329299 36.0997323179918 17.6560893445486 -0.74932558769535
"541" 540 68.3241906709934 44.9946790000756 19.0506902380303 -0.501033872597299
"542" 541 51.6921370148729 56.4456781082132 20.1928351004668 -0.117166534133356
"543" 542 54.9379009767448 73.8257715374471 17.6805721430356 -1.15246225548833
"544" 543 72.3056700911577 77.6649100405628 17.7870286573576 -1.16862001770885
"545" 544 90.4141102151084 83.5210380802836 19.0318112469705 0.0952257662806484
"546" 545 109.223238710545 89.6595187605125 19.7854557647628 0.00268128554332801
"547" 546 123.190158649062 88.2493369426009 14.0379295242751 -0.416083124403602
"548" 547 128.295325899528 77.9271819393209 11.5156248882537 -1.01086648344554
"549" 548 129.136900625968 60.5744780784525 17.3730993004466 -0.410844784712349
"550" 549 125.137924549431 41.9359212993709 19.0627282535255 -0.259810003273683
"551" 550 116.401389693282 26.4438498097198 17.7857055056352 -0.302129759430996
"552" 551 102.550103329494 12.7313429054169 19.4907921730285 -0.276953423985893
"553" 552 86.1364295632642 3.65063529425671 18.7581432243071 -0.275035714318198
"554" 553 72.9737904095017 1.15819103753497 13.3965423846986 -0.318185899503824
"555" 554 54.2060405113593 4.31298103947575 19.0310571486601 -0.353681130121909
"556" 555 45.0621520055248 18.0610278049191 16.5111927755674 -0.817336581844454
"557" 556 58.4753463792952 28.9934756653043 17.3041093249143 -1.47386498291369
"558" 557 76.5256910978683 27.6784940617678 18.0981800487496 -0.756574009844001
"559" 558 90.134952718293 37.9615309952897 17.0573400748575 0.719792124213005
"560" 559 107.352971601888 45.6152171937517 18.8424809061957 -0.22878567459856
"561" 560 124.88236065827 49.5083855197366 17.9565096915981 -0.199737597063531
"562" 561 124.480696132669 42.1008351391443 7.41843224894174 -1.84351348914976
"563" 562 117.213519674609 28.3780822402811 15.5282259384594 -0.432853239402176
"564" 563 102.595300648874 15.0831419520345 19.7597511308316 -0.34574582774589
"565" 564 86.4002074362108 4.06480883808956 19.5878714713138 -0.140610631825886
"566" 565 67.948130466283 2.03664892793666 18.5632049260167 -0.487940477571428
"567" 566 49.5096452621817 3.25926869309893 18.4789755049361 -0.175686648048947
"568" 567 32.910176959836 11.888920564801 18.7086407669651 -0.413209935879242
"569" 568 35.3866309600046 26.4565033493972 14.776579191444 -1.25976309525973
"570" 569 49.7500223906725 20.1690521818135 15.6792555810324 -1.81502155647369
"571" 570 60.4879890415509 11.1363548179027 14.0318761918489 -0.286745554038866
"572" 571 78.9875232250804 5.68861749570939 19.2849839756012 0.412973962477536
"573" 572 90.5962022208642 6.11748212897664 11.6165981638697 0.323311293491516
"574" 573 105.421380684248 15.304194846771 17.4408029353713 0.517830392659652
"575" 574 118.074492946304 28.7141526297546 18.4371423397882 0.259671958401661
"576" 575 126.007714511206 45.3522323287124 18.4326259785929 0.311442303116861
"577" 576 129.369543035428 64.5278112385148 19.4680434957477 0.271370595447163
"578" 577 125.510649638235 84.4210328984924 20.2640402255795 0.365155179479461
"579" 578 119.427689002556 100.418628232271 17.1150654850788 0.171757863400888
"580" 579 105.005686070439 116.456373745289 21.5685755142602 0.369044039895366
"581" 580 87.9632697221316 121.36739785488 17.7358989846593 0.557829927780787
"582" 581 74.1919793261799 107.476700024381 19.560161691251 1.07027853621225
"583" 582 67.5160803354323 92.5452917684567 16.3558729464293 0.360638156647797
"584" 583 57.7067322106201 77.0434597237195 18.3447569451601 -0.143735551095019
"585" 584 41.0791164047122 80.188218615237 16.9223850527831 -1.19353824650086
"586" 585 26.1577763426249 86.2637548961746 16.1108202879133 -0.199752065105602
"587" 586 32.8786409875082 102.326184579773 17.4118255480405 -1.5804087811978
"588" 587 52.2790145494611 108.172494284299 20.2621280102696 -0.881815761305165
"589" 588 71.7453649278967 106.196322589956 19.5664010901735 -0.393865924337405
"590" 589 88.6912363325249 101.759900997672 17.516974459269 -0.154882205026975
"591" 590 100.557579666993 90.0600949193735 16.6642001428587 -0.5222785549651
"592" 591 116.687404819735 82.9032063191936 17.6463116229259 0.360724560773085
"593" 592 109.0650551941 67.5365680934152 17.1532441298245 -1.6136578580052
"594" 593 91.1140840776683 63.5850976508665 18.3807367284697 -0.893657657045716
"595" 594 72.762543291766 66.9681932844294 18.6607712938793 -0.398972846244295
"596" 595 54.7658129475384 77.8238889290766 21.0173364395218 -0.360469258083549
"597" 596 43.2353931237456 92.8413089846114 18.9333960619139 -0.373226447802532
"598" 597 50.4994141875079 107.49495028627 16.355280658321 -1.11501125094004
"599" 598 69.3963651381416 110.74359960666 19.1741617192911 -0.940333319255808
"600" 599 86.6757751953079 115.743303455423 17.9881919741546 0.111403002478798
"601" 600 102.931175105037 117.513369702513 16.3514880284425 -0.173189128735071
