"time" "x" "y" "speed" "angle"
"1" 0 26.263431008667 88.5010539753752 NA NA
"2" 1 42.5405158244378 78.0328164568946 19.3527126481825 NA
"3" 2 59.5402244368813 67.3927732599633 20.0549398438527 0.0122855115643319
"4" 3 73.3327842396836 51.4538836084109 21.0780195758103 -0.298220604063815
"5" 4 85.8118513895019 37.8832777164629 18.4360641462393 0.0301878326205995
"6" 5 102.975066465835 32.314274779608 18.0441055601867 0.513520537747116
"7" 6 115.725456123036 41.7206704914965 15.8446431546786 0.949359859362954
"8" 7 113.72500071519 59.9898749179433 18.3784017861751 1.04425606197646
"9" 8 98.9584709592262 66.8337158269369 16.2753973660056 1.02773326560195
"10" 9 87.2844474470302 55.8250286259493 16.0459969728432 1.19007306031135
"11" 10 92.0526637724508 38.9772913050821 17.5094871358058 1.09052734788573
"12" 11 103.99301926759 26.1122182557994 17.552270335022 0.47233129777287
"13" 12 116.496018846731 32.1277053008721 13.8748363185095 1.27109244771314
"14" 13 109.571019621092 46.0834295716968 15.5794048088621 1.58297632467266
"15" 14 91.0810995980363 45.5274271092948 18.4982777900317 1.14024514088466
"16" 15 73.7761273022725 40.8271362682972 17.9319491452301 0.235155017698487
"17" 16 52.7136505717926 45.288910260183 21.5298711834668 -0.473965761338811
"18" 17 34.2374410165658 51.7368028151554 19.5689968554631 -0.127019747119675
"19" 18 28.1686959985376 71.0371044206739 20.231937825078 -0.930378027539672
"20" 19 21.9689873274996 88.0243219596968 18.083195163572 0.0452930287635169
"21" 20 11.2871029647767 84.3637235443053 11.291706438681 1.55100372789499
"22" 21 11.8719366272403 69.1366303625437 15.2383200248191 1.27903514667813
"23" 22 29.1145446440073 60.8828704364264 19.1162779886111 1.08595793114349
"24" 23 50.0860703507374 67.9514687353647 22.1307472169332 0.771547873827317
"25" 24 69.0968267671806 76.3986811027584 20.8029867159787 0.0930378683523286
"26" 25 85.0355163704969 85.4119530487039 18.310677143198 0.0965268421174136
"27" 26 98.8842830070788 78.0261080325957 15.6951917464067 -1.00461087420434
"28" 27 99.7428580300679 58.5680985820469 19.476942338256 -1.03675231086187
"29" 28 94.9635631678497 40.6323059866255 18.5616355800344 -0.304511769831235
"30" 29 88.7544626288829 23.5256270109389 18.1986646510175 -0.0877607497278561
"31" 30 90.1404679610369 8.60559687972846 14.9842687474894 0.440806388264399
"32" 31 72.7049663368993 4.12500059311914 18.0020126643907 -1.41188775354427
"33" 32 55.662822219501 11.822549765831 18.6999181651816 -0.675786214848689
"34" 33 39.6586519483739 25.195299601665 20.8557882670262 -0.271814299099599
"35" 34 21.2514509063277 23.3736069098684 18.4971244918137 0.794707259339923
"36" 35 11.2429937886003 27.8974546832227 10.9833698177686 -0.523163058206734
"37" 36 5.24650642305765 38.3276924570773 12.0311146925069 -0.624508880812398
"38" 37 1.61161773447713 49.8223554012854 12.0556912692438 -0.215495499855163
"39" 38 1.45981678626198 58.7484698777739 8.927405175932 -0.289269229886543
"40" 39 0.965090772549246 71.5858941599227 12.8469535699537 0.0215139860295966
"41" 40 0.858747362151466 80.8213670634711 9.23608513782288 -0.0270045729960821
"42" 41 7.97465810048578 91.289122631575 12.6574125424397 -0.608549502935381
"43" 42 15.4478743622615 106.341453824176 16.8054049527832 0.136205838629927
"44" 43 17.3819103356401 111.060620260658 5.10010068543182 0.0718814475248595
"45" 44 29.4426435856967 116.242496901525 13.1268096676297 -0.7760468504679
"46" 45 46.2967701348447 121.815789589715 17.7517090197798 -0.0864423608206158
"47" 46 66.911460408497 123.471777536052 20.6810964689262 -0.239200703959208
"48" 47 79.3116498783694 130.028717831964 14.0270511845105 0.406245278970387
"49" 48 97.3764637807794 122.739273082311 19.4800797248611 -0.869937522704364
"50" 49 110.934004851617 106.466606467658 21.1803351871279 -0.49263349671641
"51" 50 119.113898219177 86.446124571944 21.6270744864224 -0.306751180425036
"52" 51 118.595197315693 70.3164468778373 16.1380157746558 -0.420024851066266
"53" 52 102.102292041549 59.9950300023454 19.4562989980001 -0.979468017132231
"54" 53 82.9022617060556 50.3268628235738 21.4968514317918 -0.0926979811671845
"55" 54 63.0866638841104 42.9028049433668 21.1606841205511 -0.108013072827622
"56" 55 44.2602976131988 44.1067600817218 18.8648237453121 -0.422333678598314
"57" 56 26.1138199330036 47.8744349120422 18.5334839095312 -0.140853566396151
"58" 57 18.2497417645277 33.2150561336867 16.6355376110061 1.28312986782352
"59" 58 29.0191312112262 21.4271495947476 15.9666680815199 1.23265990339823
"60" 59 48.5429063089977 19.1039735786979 19.6615091198491 0.712084695307621
"61" 60 65.9008875423721 29.12619108568 20.0435614663522 0.642059205091134
"62" 61 76.8406607453325 47.414196171693 21.3103206864244 0.508081956616924
"63" 62 84.4243614650455 65.8120624457295 19.8995979869822 0.148106598828376
"64" 63 84.9336643136396 78.7516150021164 12.9495717979817 0.351643981030553
"65" 64 70.1651654716825 90.1277039800715 18.6419944876947 0.953772793647052
"66" 65 53.3875087157587 90.4238443405815 16.78027012097 0.638714340781335
"67" 66 39.3011425091503 85.0238416591334 15.0859451764325 0.383719732464245
"68" 67 41.4318114789784 73.4125165560167 11.80519465783 1.38620589010059
"69" 68 56.5275182992276 62.7605488251912 18.4755184214535 0.774822275211594
"70" 69 61.308709341707 48.4690170459167 15.0700918505064 -0.633459946658264
"71" 70 52.7707425834907 36.7591489642426 14.4919938881651 -0.952849798172609
"72" 71 40.5308772341765 39.1798130213996 12.4769354509412 -1.13603841118165
"73" 72 33.6579634356891 59.0561455711238 21.0310613072347 -1.04263321143057
"74" 73 30.0860466767774 77.8416756438258 19.1221005500176 -0.145014894285129
"75" 74 29.2856219646464 89.2941056586687 11.4803672835265 -0.118121131726972
"76" 75 23.3249564925435 91.7158601545796 6.43385014659058 1.11510215383546
"77" 76 29.9719096555589 78.0545616792756 15.1925331127717 2.40954540636529
"78" 77 48.6544131543731 69.6354963974907 20.4918666109791 0.694578415513701
"79" 78 66.5017606191591 73.0554468355064 18.1720629683943 0.612712509278734
"80" 79 83.220981722487 75.1810778326368 16.8538025809586 -0.0628687661869054
"81" 80 91.7915649004281 60.0767826500741 17.3664800397775 -1.18113059272973
"82" 81 101.766354718863 55.8568409127872 10.8307128199421 0.654445156075678
"83" 82 103.955973426123 47.6245549596168 8.51850703456581 -0.910608746132973
"84" 83 94.3414128284222 32.6270147199787 17.8147688372996 -0.830036705752871
"85" 84 77.1443001568283 37.6504687054468 17.9157967778051 -1.28492321600552
"86" 85 60.938754003458 47.5167775730829 18.9727113718785 -0.262678813531842
"87" 86 49.091127618019 57.7461012228626 15.6526455687496 -0.165344473131274
"88" 87 45.9022173787434 74.3088160195488 16.8669105040171 -0.668362171737256
"89" 88 40.3065008092773 89.647118109911 16.3271416647559 0.159607903937335
"90" 89 27.3033720580403 94.0333702794609 13.7229940397906 0.895643687984942
"91" 90 19.7620242992347 92.6422989833961 7.66857257708226 0.507745645764092
"92" 91 19.8129733514884 79.0752156777303 13.5671789709136 1.39214279890469
"93" 92 22.1969697475088 64.5572525740592 14.7123992433524 0.159002246004329
"94" 93 29.9194385332936 57.7619127375476 10.286552757902 0.686415482627678
"95" 94 46.7777887949269 50.7071724089852 18.2749373363456 0.325295231947631
"96" 95 63.2608255193877 58.3646802531773 18.174925750709 0.831231277860986
"97" 96 73.4574546543178 70.9801321282201 16.221000947131 0.456132747901261
"98" 97 86.0382135716169 70.046234250725 12.6153739611948 -0.965132320605578
"99" 98 98.2491097976854 64.9543377399805 13.2300187724714 -0.320975480205936
"100" 99 105.743508120473 73.9276307593799 11.6912785371237 1.27003554068814
"101" 100 98.502679874572 89.3853618992857 17.069594186162 1.13390482591624
"102" 101 91.5783159409408 98.9567048927578 11.8134424527341 0.188217586070367
"103" 102 85.8659501632045 104.383100946525 7.878889319631 0.184776100232664
"104" 103 76.2698362616183 108.805611716497 10.566172605193 0.327878172863096
"105" 104 58.7723634599815 102.110302584589 18.7346929202438 0.797307910442142
"106" 105 55.1554664067957 85.7661426625065 16.7395790822811 0.987554531753778
"107" 106 68.5807184103403 77.2279206833191 15.9103307924303 1.22212474161879
"108" 107 71.8588763376569 63.9494896754695 13.6770994522469 -0.762300068821161
"109" 108 70.2320791975382 47.3742285088956 16.6549017311791 -0.339871311578061
"110" 109 67.1527033337317 33.5950528348572 14.1190735519936 -0.122034840221913
"111" 110 53.0390979307407 27.5052585143698 15.3713842036811 -0.943578945053538
"112" 111 38.7539679960049 27.7459449811079 14.287157422929 -0.424196922264495
"113" 112 31.674240806875 27.9457547525093 7.0825462241522 -0.011368169001817
"114" 113 22.9689619960481 44.0726327734025 18.3264310184771 -1.04760308370255
"115" 114 15.008443475248 51.2697405751454 10.7316455322523 0.340742509934383
"116" 115 26.373666855573 67.4014642485799 19.7332412735651 -1.44947772180078
"117" 116 35.9227275068529 85.9113130624317 20.8278434417362 0.137478006279916
"118" 117 34.1147108902774 97.7014892253084 11.9279997500619 0.628443317876175
"119" 118 48.7153600702286 93.8233570632329 15.1069144944471 -1.98257942101434
"120" 119 66.530123367609 87.2558290940214 18.9867905389001 -0.0935786092640652
"121" 120 82.1847626300802 88.4141687383733 15.6974354965958 0.427056446614563
"122" 121 81.1212773295523 72.8362693634567 15.6141586362976 -1.71281819694348
"123" 122 71.832347203453 64.3513830707116 12.5808393316331 -0.762441799975651
"124" 123 60.3668188226607 67.2147945514135 11.8176760134372 -0.984926236360129
"125" 124 57.5127406766138 75.3280220211803 8.60059428411323 -0.987801077958805
"126" 125 56.0921856341024 79.2067963940952 4.13072236597737 0.0128065336455821
"127" 126 54.4078721577519 84.6638036216812 5.71102790822649 -0.0516920525115269
"128" 127 53.26889200636 77.3967036920644 7.35581519427329 2.68675143549741
"129" 128 54.1051181273188 74.390948674993 3.11990983011106 0.426812813916576
"130" 129 54.8540541301003 71.913601986186 2.588078776391 0.0222316320229424
"131" 130 54.7768209058186 71.5398967493864 0.381602640117176 -0.497377756191148
"132" 131 54.7304263385915 71.5851719320931 0.0648251343023834 -2.14018444395524
"133" 132 54.5779583390685 71.1804407051345 0.432497233463906 1.98371135923061
"134" 133 54.5204898138111 71.0979651337083 0.100522889320596 -0.248298705434142
"135" 134 54.818609625608 70.0289300453484 1.10982496022137 0.880530195071725
"136" 135 55.8564591904022 63.2549876819186 6.85298671107807 -0.119928986129915
"137" 136 58.1750322988329 48.8813999210221 14.5593889425117 0.00790042233108037
"138" 137 50.6616351436246 42.0938872764449 10.125288376742 -0.996042810328763
"139" 138 43.1347753465491 50.2052103534126 11.0655854098995 -1.55743865472982
"140" 139 40.1959826969004 51.7534479835026 3.32167758773427 0.337876113370569
"141" 140 51.337693453102 47.9040861053778 11.7879304987609 -2.98936621977833
"142" 141 61.7349506225576 61.5908383830105 17.1880814681883 1.25379475217834
"143" 142 70.3650115974953 76.0731291485423 16.8586683414957 0.112251323854999
"144" 143 86.0286278202003 69.8041757797888 16.8715337036024 -1.41409309794542
"145" 144 90.7155947268308 66.8986955241832 5.51447860632027 -0.174228664629041
"146" 145 88.9948323252847 64.8813802978097 2.65152483773641 -1.72209928831332
"147" 146 70.5118717309036 59.0746710160541 19.3736342748663 -0.56016382477768
"148" 147 58.2632096803862 45.4243951997259 18.3401131918432 0.535062494825504
"149" 148 59.6743776435179 34.8046038191672 10.7131397819107 0.863439348466042
"150" 149 71.9331597776416 35.0646654144626 12.2615403373824 1.45990043028993
"151" 150 77.819548124253 38.2573363299023 6.69647036440968 0.475764501009852
"152" 151 70.6656335769381 35.2549501498615 7.75840293645436 3.04197669179285
"153" 152 52.9400463828611 42.3618202074675 19.0972260653353 -0.778674819984795
"154" 153 48.3279241855513 60.395830304943 18.61443502658 -0.939102059911488
"155" 154 48.7992164123756 76.5016503357597 16.1127140863395 -0.279632996873374
"156" 155 37.536878221351 83.2635517836292 13.1363454857015 1.05933706173157
"157" 156 45.4615258417989 92.4886846336986 12.1615425012496 -1.7397951807744
"158" 157 64.5199679762715 90.7185764656591 19.1404675888443 -0.95369653852923
"159" 158 73.1883455244404 76.2886566230047 16.8334000125652 -0.937233530656099
"160" 159 61.7422713226225 62.145393058303 18.1946288473863 -1.22133363868829
"161" 160 61.2426861875367 45.3338366601101 16.8189777881065 0.650675030484851
"162" 161 75.6162557595567 41.4274952733751 14.8949322009675 1.33514116272071
"163" 162 89.3184194209587 53.7360042237371 18.4187046663165 0.997232427963737
"164" 163 93.0820493261983 71.6501777189579 18.3052594103576 0.631846495172093
"165" 164 82.7254811636277 85.8305715273542 17.5596717699157 0.83788284621293
"166" 165 65.9527072525423 90.7736104112189 17.4859823309926 0.653401111890721
"167" 166 56.5603136063034 91.4165521754464 9.41437371884596 0.21824613258363
"168" 167 58.5011659411154 101.526838800383 10.2948921035589 -1.6921102659016
"169" 168 60.2228186217885 103.064410256175 2.30829242829731 -0.65215752741665
"170" 169 60.7559471571181 96.9575936890897 6.13004360663206 -2.21269456762777
"171" 170 52.4275163329742 80.5972049661936 18.3582428123395 -0.557949651705706
"172" 171 57.7474489569767 67.2789028764689 14.3415080684387 0.850897922488793
"173" 172 71.0724467790545 63.8570489421532 13.7573489926718 0.939400301529527
"174" 173 81.1256641257469 65.9247025732653 10.2636431425731 0.454210259217223
"175" 174 78.2589548261297 51.4138966184185 14.7912647081894 -1.9686839106136
"176" 175 64.0554696505394 43.580257137474 16.22050858175 -0.871734390816748
"177" 176 49.5716095629807 45.7825480152553 14.650334062619 -0.6549122250397
"178" 177 50.8292585715745 34.3285910514092 11.5227952840643 1.83105420998529
"179" 178 66.7690635559372 31.3041902041893 16.2241913026252 1.27392410349298
"180" 179 81.9638125340915 39.4914394205948 17.2601114202851 0.681729879105145
"181" 180 95.077197681104 45.7553682459122 14.5326416849288 -0.0485917889563157
"182" 181 98.9878859481346 41.3469106903708 5.89304511614326 -1.2907892656015
"183" 182 95.8558334091365 32.147552430591 9.71791878432941 -1.05378981742565
"184" 183 78.4401190719586 27.2864296388224 18.0814164453683 -0.97044665984515
"185" 184 64.4047782225257 22.0265563343635 14.9885643054536 0.0863644712347744
"186" 185 50.1969869159169 34.5496176506937 18.9390706885188 -1.08101529596475
"187" 186 34.1972474307292 40.5545022293956 17.0894792898265 0.36341209453502
"188" 187 19.6749371782511 41.3404906299044 14.5435646536523 0.304973581075839
"189" 188 12.5208417083901 36.7689980031653 8.48997213353589 0.622676057747807
"190" 189 10.6348005684841 30.629313900035 6.42283987560403 0.704151587080543
"191" 190 18.239441699065 19.4768651158598 13.498432524133 0.896500413902451
"192" 191 30.3538763587604 10.8261903475698 14.8860236823256 0.352221445325267
"193" 192 42.0102983731921 4.54618210911848 13.240493859881 0.125940878238405
"194" 193 52.514261979421 1.79883587632441 10.8573091861579 0.238349895085725
"195" 194 68.1784146041643 0.335840306368293 15.7323244782506 0.162694920245932
"196" 195 82.7876384595897 2.7229177124255 14.8029578193157 0.255091496337328
"197" 196 96.5327487596481 9.58503838168928 15.3628368877726 0.301076138077783
"198" 197 107.388351143623 18.8734778860421 14.2870294863902 0.244716604893398
"199" 198 113.828020624211 24.7741321524328 8.73424660693126 0.0339900139005698
"200" 199 117.910115397347 41.7548249483308 17.4644617886017 0.59312998577262
"201" 200 123.105139291394 47.7234490814689 7.91282170293248 -0.480292788364024
"202" 201 127.625746890236 56.0522439365917 9.4765350630609 0.218938141420236
"203" 202 119.623481286038 70.5068510367408 16.5218619174659 1.00288751372291
"204" 203 104.163931496424 75.7996766254254 16.3404921103916 0.735325184362339
"205" 204 88.6308783910211 77.4243828316577 15.617791426186 0.225640140432306
"206" 205 72.19740350011 75.6171277617459 16.5325517654695 0.213751589564967
"207" 206 60.4804519881258 69.1096491049186 13.4027695348107 0.397438204773516
"208" 207 61.6541542710742 54.4872364929953 14.6694419676528 1.1439199063307
"209" 208 54.327435693627 53.2597211617105 7.42883564239039 -1.48489407962371
"210" 209 48.667118333219 69.673265370899 17.3621319580149 -1.4047088961475
"211" 210 34.8886094022291 78.6026928731428 16.4189519726198 0.663694314401354
"212" 211 29.2183695959385 75.9109632460636 6.27670517438398 1.01822985444604
"213" 212 22.489424938229 85.7295549068178 11.9030852474117 -1.41319928158905
"214" 213 22.860212264523 93.0562376712325 7.33605913087618 -0.651374858756671
"215" 214 19.6766702454671 97.595412276781 5.54428046609752 0.662194901106162
"216" 215 20.2599071319036 85.8156512635612 11.7941907223121 2.57943379539831
"217" 216 17.2634689756024 72.3004329371193 13.8434016063946 -0.267650678674222
"218" 217 24.5275239040467 64.9387175671302 10.3422119100408 0.99690027873822
"219" 218 40.096062277778 69.7360897374199 16.2909228355736 1.0909880572008
"220" 219 48.1830862309515 79.0289872093715 12.3190056353347 0.555757578752112
"221" 220 64.2104634021233 73.9297096606717 16.8190204978076 -1.16270366449021
"222" 221 75.1144658108531 58.655331691224 18.7670959629649 -0.642785221982956
"223" 222 72.5453415228509 40.034703191865 18.7970265020387 -0.757084045315808
"224" 223 70.0792414068434 31.3823400301699 8.9969460409647 -0.140551717374149
"225" 224 52.6703034610318 35.6390903724147 17.9218035888501 -1.53294818634512
"226" 225 38.7496323526242 37.4780286091465 14.0416088090706 0.108469107345652
"227" 226 43.5432789292249 25.4109561765688 12.9843476768929 2.0802707035488
"228" 227 57.487218702552 33.7808956395652 16.2631283281046 1.73327076617194
"229" 228 64.5704145978911 50.2617113744783 17.9384768411342 0.624272293277519
"230" 229 59.563727946742 67.878681516546 18.3145993188303 0.682812150179814
"231" 230 61.0229222876097 76.3899160869298 8.63541325221417 -0.446688749415982
"232" 231 76.6690113667153 70.7028684115548 16.6476008701944 -1.74963702394383
"233" 232 83.7907444547577 58.2649452979622 14.332515953487 -0.702147702042421
"234" 233 76.477476384003 45.3089099646266 14.8775919232031 -1.03389854722082
"235" 234 69.5379696155345 36.3578155514996 11.3260251360455 -0.145594934044733
"236" 235 58.5087404878842 33.4732155831487 11.4002110562752 -0.655506858420807
"237" 236 47.3111789701568 46.6483653841762 17.2907477057183 -1.12217155554415
"238" 237 34.5337226551538 45.6782976035681 12.8142273033057 0.942135140774666
"239" 238 30.2523592695738 39.2444029793069 7.72819982114086 0.907869342573458
"240" 239 24.9180370302757 43.2907291461359 6.69535280631542 -1.63259207525541
"241" 240 23.5041610749638 61.7148171285981 18.4782592037918 -0.845257983109235
"242" 241 34.5170375933304 75.9472753023521 17.9957304624304 -0.735141658960299
"243" 242 48.339948200513 84.0499529602018 16.0226790169802 -0.382051361951378
"244" 243 65.9092424482035 80.39354182383 17.9457360606946 -0.735378711468748
"245" 244 81.5099162772056 79.6360428793977 15.619053382639 0.156667476969688
"246" 245 86.7574520734686 92.4662330109901 13.8618328782983 1.2310737087125
"247" 246 77.6555929919905 105.258412318359 15.6997990487445 1.00665410007095
"248" 247 60.9749422030319 108.799443097181 17.0523608254033 0.743203808754164
"249" 248 46.5664968561698 112.207257631209 14.8059615429679 -0.0230688006523439
"250" 249 36.0359344032992 116.03610212923 11.2050343936926 -0.116485923088632
"251" 250 36.2505306852281 117.526567834418 1.50583517775305 -1.36505978801018
"252" 251 35.2760476842751 120.429959183721 3.06256403138863 0.466818270107936
"253" 252 34.6178676176443 120.792771298729 0.751554143696148 0.743183543766552
"254" 253 29.9449477793581 120.611431627365 4.6764370937135 0.54257819541404
"255" 254 27.1115469472272 108.774909321275 12.1709252145466 1.29705269015926
"256" 255 21.29128402172 98.0626412261052 12.1913144600912 -0.262748844555885
"257" 256 18.20505927462 97.0085062710005 3.26128558902559 -0.743953523140141
"258" 257 27.6586939530502 88.2900358089879 12.8601296972545 2.06749072360932
"259" 258 39.3069286215595 81.8512704567336 13.309360245859 0.239999094230359
"260" 259 54.1398444827864 78.5682436641051 15.1918944792068 0.287143227011056
"261" 260 58.8704771550739 66.0843100173518 13.3501866944493 -0.990755686452217
"262" 261 57.4910969605673 52.7950545350258 13.3606512189912 -0.465644674418021
"263" 262 71.7745642877008 48.0984912583329 15.0357954727135 1.35654752774841
"264" 263 73.4372329265744 43.1066194506428 5.26148754128578 -0.931603041216
"265" 264 63.2784950085606 30.6712195865755 16.0573698302722 -1.00649194047629
"266" 265 63.6035971314353 23.7383694604349 6.94046844685755 0.731832406053197
"267" 266 73.6163708525424 21.2113185160483 10.3267431490096 1.2767177046156
"268" 267 83.2004728580812 30.7059185431864 13.4908280297357 1.02792695065451
"269" 268 73.6568871520895 41.7812337525964 14.6199396413049 1.50133605535542
"270" 269 63.8664723455586 47.0602443598689 11.1229571192033 0.365034430345788
"271" 270 75.5021986740965 61.2249108762742 18.3310639274867 -1.76397199674042
"272" 271 79.0361883734279 78.9898156602735 18.1130043112549 0.491323405376535
"273" 272 63.8232367852967 81.7803856925324 15.4667765590561 1.5857467549592
"274" 273 56.7844780503441 65.5725546340844 17.6702550108385 1.3425076367436
"275" 274 47.35354897569 53.4720481431968 15.3415996736706 -0.252336874204163
"276" 275 32.7051303810172 52.3516197772691 14.6912057724317 -0.832414389848454
"277" 276 24.8753273129294 62.9362423587466 13.165866901855 -1.01023739634861
"278" 277 22.1402755506927 79.4383603019309 16.727235418708 -0.472651924094276
"279" 278 17.4639793302334 88.4658553749703 10.1667799049273 0.313702018461401
"280" 279 13.2983840884651 84.2778888049202 5.90688138615464 1.88092414989823
"281" 280 19.2846214883257 67.9755456820262 17.3666758334478 1.13463587061271
"282" 281 23.4153328216003 49.8294023950667 18.6103544380462 -0.128093972082495
"283" 282 28.077812443552 39.8341071175068 11.0292630719703 0.212641746782077
"284" 283 42.549646698709 47.7988382072167 16.5188052848905 1.63745301017959
"285" 284 52.507082012715 62.8887841557793 18.0791865625408 0.484392153384468
"286" 285 64.774526358774 69.0810193106921 13.7416871961704 -0.52005622458725
"287" 286 81.9529167086535 68.9177539448819 17.179166178616 -0.47695997333563
"288" 287 85.9806721980051 81.1040392784927 12.8346548264525 1.2610878414708
"289" 288 79.2544948380008 89.1970127943487 10.5231973376242 1.01263893229885
"290" 289 81.8433597061507 94.0239629352808 5.47737792822308 -1.18571838320793
"291" 290 95.3143802293785 87.5420531444111 14.9493661562689 -1.52697856193551
"292" 291 109.028501372437 87.846325988905 13.7174961523739 0.470657186753404
"293" 292 117.858376956441 86.0385275922527 9.01303710587693 -0.224128961540707
"294" 293 119.517183587631 75.6077272953377 10.5618764560944 -1.21114155313807
"295" 294 104.973593349811 70.3880594493787 15.4518914514614 -1.38392550970616
"296" 295 89.3495779406418 65.5104365860803 16.3676834739227 -0.0419796397920479
"297" 296 77.6941637351577 74.3338913794939 14.6185510497044 -0.950582957192936
"298" 297 72.0328405918244 81.9672976912005 9.50365569940549 -0.284677270662956
"299" 298 60.0517879945 71.763717341979 15.7371748825154 1.63810722481292
"300" 299 49.0710611964476 72.1748524705919 10.988420865049 -0.742871215839821
"301" 300 45.3566319128553 77.3828528159782 6.39689397288649 -0.913831468563698
"302" 301 36.0681422056744 81.4210895242155 10.1283462002521 0.541149635283171
"303" 302 23.2976661940777 71.2032498153615 16.3551003016979 1.08491647128178
"304" 303 27.2370063133146 55.5779198812902 16.1142587829417 1.14295158534565
"305" 304 44.7386397600755 51.3689409023883 18.0006299153563 1.08782162668815
"306" 305 56.1739671525768 63.7857979261805 16.8803154864768 1.06253431728574
"307" 306 62.0875428200606 73.4977375922849 11.3706705718313 0.197334755836684
"308" 307 76.7139705936923 66.6413223186173 16.1537246423927 -1.46221232918439
"309" 308 81.5222080585347 51.0883267130725 16.2792757770243 -0.832612524532963
"310" 309 84.9055514971259 35.8628878850909 15.5968266108227 -0.0811682266862602
"311" 310 73.4538748870532 33.2335744872811 11.749646212784 -1.56377064918237
"312" 311 60.2957408131324 46.0164198707984 18.3449619352613 -0.996621304189196
"313" 312 47.020333620905 54.2173035778006 15.6041959003089 0.217563265281113
"314" 313 39.5839170206074 41.7462172357259 14.519927217609 1.58647619568908
"315" 314 33.8978592046697 39.274221719805 6.20016252342787 -0.623010073624937
"316" 315 30.3197923529733 53.1981351952181 14.37629746722 -1.72936311935249
"317" 316 28.9931933216848 66.0866599523229 12.9566174368282 -0.148962941443217
"318" 317 42.5695377647212 70.7897293805098 14.367880514617 -1.33988501631796
"319" 318 45.8527231299029 69.8492843880465 3.41522223669152 -0.612451925154984
"320" 319 59.4591697057582 70.0940237181216 13.6086474625986 0.29695818653588
"321" 320 74.2027408594257 77.4535448587893 16.4783324940114 0.444996834302891
"322" 321 72.0719565594344 94.7859549899428 17.4628944533146 1.23013705895584
"323" 322 57.8705940303022 93.264396538876 14.2826411354432 1.55520823828035
"324" 323 52.7253175265773 78.8540498172984 15.3013712763224 1.12111636160092
"325" 324 45.2821677284761 69.184493184503 12.2024917288156 -0.31307689599205
"326" 325 41.4712206725697 70.3281957298316 3.97886579003517 -1.20633153918431
"327" 326 45.3978532198887 70.416047763166 3.92761519772822 -2.8276654856888
"328" 327 34.5529698369949 81.4440613105808 15.4670158204655 2.32545257046462
"329" 328 36.6214101619969 97.0072910767326 15.7000817237405 -0.909157132082833
"330" 329 31.1179391373862 96.9272518807982 5.50405301497131 1.7174699470261
"331" 330 31.7892429753856 94.1393696103909 2.86756628459814 1.79254904736963
"332" 331 21.9592929821356 77.2239300895968 19.564253398774 -0.762718756662741
"333" 332 24.5212689737859 61.5244589299048 15.9071403990721 0.68818645322014
"334" 333 14.0138420667897 69.7930638399339 13.3707085587871 -2.3992793198061
"335" 334 23.6412580154861 71.5238193167896 9.78175098690816 -2.2969987950906
"336" 335 7.88480991490732 58.7154472185386 20.305665528455 -2.6369105678179
"337" 336 18.1008106416536 71.6651241066431 16.4942657416203 -2.92128800997693
"338" 337 23.9330358167974 70.9557231194056 5.87521065616156 -1.02390050179737
"339" 338 12.0297559644011 74.8837441267653 12.534648789604 2.94388985282215
"340" 339 25.6469538770108 55.1457754666155 23.9794805160628 2.49345355344305
"341" 340 40.2008393089833 56.726196675851 14.6394437177641 1.07504918870492
"342" 341 43.5848472242172 54.2497410077334 4.19336884217422 -0.739925614415676
"343" 342 43.5561525109799 52.6773821494834 1.572620668084 -0.957285330764465
"344" 343 40.1052028124096 54.3468342405274 3.83355241340891 -2.00312514300991
"345" 344 37.7734044908755 55.4987690659353 2.60081472894494 -0.00826895896743818
"346" 345 41.2977454843195 49.2091414176824 7.20974308777628 2.54038999536601
"347" 346 48.84296003374 44.5533447214601 8.86604226661149 0.507183734285442
"348" 347 53.5989638342954 42.4166277528086 5.21393628221717 0.130619699851172
"349" 348 60.9643574500431 54.0219649461022 13.7452855366828 1.42752812748198
"350" 349 55.8394439989161 64.717283348531 11.8597880930004 1.01236068993379
"351" 350 50.0929544348263 66.740833924172 6.09236401098698 0.785371100586445
"352" 351 43.4260670514676 69.499409458666 7.21506246417154 -0.0537454870630884
"353" 352 38.767014929434 67.2264114063383 5.18394510211211 0.846216893122798
"354" 353 39.1041584077963 71.6243536265389 4.41084589361559 -2.10120028512011
"355" 354 46.924144183871 85.1303613055698 15.6065505786529 -0.44832586635611
"356" 355 50.6421621642738 92.357835816884 8.12773311042477 0.0497120244679769
"357" 356 59.5660127168167 90.8020916223338 9.05844626208024 -1.26827362117143
"358" 357 69.9669886816606 78.9923201494231 15.7369311895184 -0.676140990592264
"359" 358 78.564766627661 69.7892936415816 12.5943432743738 0.029355595483179
"360" 359 83.2257567518712 56.2057544864792 14.3609667124531 -0.420863942324909
"361" 360 82.6824736488902 43.0257901545954 13.1911567468404 -0.371743178147924
"362" 361 84.3785065662524 40.2313535187531 3.26885358627664 0.58669800400103
"363" 362 85.4170851733688 51.4092299967075 11.2260219169378 2.50344393529544
"364" 363 75.8093224083512 61.5489227664821 13.9686246572194 0.851115809615628
"365" 364 63.3285215498461 66.2710430653871 13.3442425857369 0.450623218034278
"366" 365 51.6279560346022 61.5655225375026 12.6113106699842 0.744073678765628
"367" 366 45.5012854836773 69.8557208965484 10.3084179616416 -1.31672438600183
"368" 367 35.4638954046585 68.4574888891209 10.1343106497177 1.0727674109795
"369" 368 27.3316173499358 64.3221366500977 9.12332639447463 0.332021509011109
"370" 369 19.2731747917064 74.086091863658 12.659909868427 -1.35123569777582
"371" 370 22.4957718902236 90.3868800594288 16.6162820108095 -0.885172762098124
"372" 371 31.7609003360423 103.477838437863 16.0379486338935 -0.420729537500534
"373" 372 35.3624559926978 111.601013802634 8.885785342603 0.198583479161085
"374" 373 47.4906664965544 109.964715262935 12.2380947429279 -1.28757823024519
"375" 374 62.9439494690126 104.148786033161 16.5114804736767 -0.225851640826939
"376" 375 71.1686972442382 101.736724432617 8.57114444697407 0.074688627431965
"377" 376 67.4077784707687 88.0596867506097 14.1847054878023 -1.55387445237155
"378" 377 66.3635335074741 87.4027340323014 1.23370758993314 -0.740893543675484
"379" 378 66.2302526073731 87.5590260278212 0.205404445412721 -1.42625185816749
"380" 379 65.9745983715625 87.4227706684849 0.289697447755053 1.35436950861689
"381" 380 66.0582198605195 87.5301848607312 0.136126272671085 -2.72195901746904
"382" 381 65.8274200881949 87.324592204177 0.309090399938428 2.95998645450601
"383" 382 66.0643767280496 87.3918050138742 0.246304711604552 2.69028323169873
"384" 383 65.8932664043893 87.5569643132433 0.23781576278961 2.0974994645347
"385" 384 65.7976145030628 87.4718294082061 0.128051701601526 1.49499301057238
"386" 385 65.416597391622 87.3527480386899 0.399192199042753 -0.424372980399105
"387" 386 64.9453572863698 87.2085881756186 0.492797425844373 -0.0060418074241475
"388" 387 65.0277711209446 86.756802528204 0.459241016612351 1.45435499707545
"389" 388 64.5327117182566 86.3820465290807 0.620907296678696 -1.10326940950268
"390" 389 60.7208290931459 77.0781165340294 10.0545294519651 0.533989217005325
"391" 390 50.365703017659 69.5889725624087 12.7795114721531 -0.555802772302879
"392" 391 40.8736650639943 72.3377058677692 9.88202000088088 -0.90802019992004
"393" 392 41.1355039132495 65.9878427027787 6.35525938078708 1.89388110681069
"394" 393 56.8120066090691 57.7972014030195 17.6872649574026 1.04811576398948
"395" 394 66.8892023736481 46.5902298590026 15.0713664166874 -0.356960409823964
"396" 395 70.3777574240344 40.7942971476792 6.76482463436891 -0.190554105220789
"397" 396 79.2397947870607 50.7241195445534 13.3092854450245 1.87114188030041
"398" 397 68.6868517490788 61.287502849219 14.9314993756213 1.51354126570619
"399" 398 53.6224786648248 56.2276637645312 15.891422465737 1.1099344219239
"400" 399 45.7894999158258 62.9873204800951 10.3464252278039 -1.03601990514419
"401" 400 55.7294556150394 77.7866253250603 17.8275669455071 -1.45026305764373
"402" 401 68.5752445879764 83.9878964949708 14.264293128648 -0.529601023077823
"403" 402 83.7762940918895 80.1883570080462 15.6687078705653 -0.694684414266329
"404" 403 95.3025792399091 74.0136481410708 13.0760192300776 -0.246869423350071
"405" 404 93.7326270300459 61.4994591946861 12.6122827008861 -1.20379475935595
"406" 405 78.7853578146871 51.4110799659943 18.0331986197212 -0.85229212534848
"407" 406 65.8115603363733 41.9887457957617 16.0343319855813 0.0344303414366416
"408" 407 71.7446080854399 30.3529846339261 13.0610869918236 1.41419791790645
"409" 408 86.8954252504388 25.6934426271473 15.8511385231523 0.800898563354536
"410" 409 99.2228869541709 32.41250667737 14.0396628794275 0.797397090133692
"411" 410 100.182041202106 47.5056590608921 15.1235983067374 1.00829899966002
"412" 411 86.8154403502237 57.8593557240227 16.907544260645 0.975203219668675
"413" 412 76.3630759830041 67.90178381757 14.4949054111846 -0.106342123518653
"414" 413 80.0460616613687 77.8753117134553 10.6318221484861 -1.15914052380467
"415" 414 89.503850258582 80.9018141938736 9.93023073314797 -0.907349355937248
"416" 415 90.869745710066 79.9909317016802 1.6417604267887 -0.897851224506892
"417" 416 82.9263826467984 87.7842910270634 11.1280486307988 2.95387359257158
"418" 417 65.6995465682879 93.3794826820156 18.1127041308447 0.461819821908329
"419" 418 50.3173500897938 91.0074618751358 15.564011411306 0.467046990298842
"420" 419 52.4608145572156 75.1311353914305 16.0203677404828 1.55199453376361
"421" 420 48.5047950913407 60.1767721787746 15.4687772338481 -0.392814028981607
"422" 421 35.4905849547462 60.6018168232073 13.0211492745149 -1.3448293839636
"423" 422 27.8424739770256 50.5101816945391 12.6623339514365 0.954928151652579
"424" 423 39.5305966838954 39.1392653939123 16.3067455344929 1.44767017907677
"425" 424 57.2292615981271 45.3463682532714 18.7555555943544 1.10895016095346
"426" 425 71.3815609078969 56.4697412190824 18.0004722685225 0.328823866452929
"427" 426 74.9793535390677 63.717179640251 8.0913209975589 0.443883417969553
"428" 427 72.6933894614207 56.7411576701371 7.34101588963023 -2.9974728895336
"429" 428 72.4887001846911 40.2142676662264 16.5281575168369 0.30427728333452
"430" 429 81.5823049579579 42.9653623798178 9.50064049922591 1.87695784720766
"431" 430 81.0674454302836 61.8813388820893 18.9229819893093 1.30423091810819
"432" 431 66.4991386434073 69.6780821029912 16.5234611231795 1.05218677074701
"433" 432 51.4947651378746 64.2217856988451 15.9656629910389 0.840178493752927
"434" 433 56.4536160731888 47.0852664480947 17.8395766381942 1.50369510233292
"435" 434 55.7819623664843 40.9893531936124 6.13280336452293 -0.391417572893206
"436" 435 42.4524767810803 47.7688168210206 14.9544746830788 -1.93156710196982
"437" 436 33.1291728729396 60.1588310586955 15.5060133036619 -0.455197389261397
"438" 437 21.8829314248301 52.9635631527869 13.3510234419303 1.49487291806086
"439" 438 31.4373482756136 40.9110214424235 15.3802029583027 1.67192246077323
"440" 439 46.8821600905537 31.6159643126069 18.0261004947123 0.358744244485177
"441" 440 45.3889172524586 21.7559929654779 9.97240237554262 -1.17933958912086
"442" 441 39.0832745900777 19.5127994406592 6.69276075886674 -1.07871089614118
"443" 442 27.0406271910118 24.301207470641 12.9597148054972 -0.720236360991494
"444" 443 18.6219971987559 35.8341565515416 14.2787340282378 -0.561788759029359
"445" 444 11.5526190387497 49.8030544887936 15.6558684572443 -0.162054166116221
"446" 445 23.070660482277 63.822586743299 18.1442156989474 -1.15625598124708
"447" 446 38.2059280112476 63.376595504879 15.1418371196582 -0.912498514716944
"448" 447 49.6161717389011 71.3889564351118 13.9424384381204 0.641664597781026
"449" 448 48.062027982677 76.4274252407023 5.2727156873777 1.25778625548923
"450" 449 46.7514004616636 77.7317982393925 1.8490898892563 0.488593914767253
"451" 450 48.1182529512504 77.0116011516924 1.54498206249181 -2.84352301234582
"452" 451 47.8221530786141 76.7669361446169 0.384104283056654 -1.96608749161054
"453" 452 47.6436854238773 76.4240397057406 0.386560049127278 0.400337930108812
"454" 453 47.5927826228749 76.3738087811523 0.0715139212663552 -0.312151536203803
"455" 454 47.7113479603868 76.3267372690804 0.127567497851343 1.98491252203687
"456" 455 47.633950465074 76.3385228739597 0.0782896721353713 -2.91478023140246
"457" 456 47.6223329189367 76.1998283807427 0.139180206304621 1.63834073279773
"458" 457 47.6883675122017 76.0670888623822 0.148257705507178 0.545194065688008
"459" 458 47.6210574727486 76.0081531342127 0.0894654205045223 -1.31326010779102
"460" 459 47.5156227465219 75.8845591778272 0.162455986499423 0.14535885747678
"461" 460 47.4794034716569 75.5555381553024 0.331008563537275 0.596635178901856
"462" 461 47.5582384231826 75.483874677183 0.10653921192798 0.942654122570633
"463" 462 47.6896267893326 74.8345913512806 0.662443763692054 -0.63335077070838
"464" 463 48.5146123600362 74.3156832464817 0.97461110864546 0.809669709562126
"465" 464 49.3594794119876 74.0568117938885 0.883637235770831 0.264141264984364
"466" 465 50.1801804463499 73.6773011498182 0.90420048482956 -0.135813849110917
"467" 466 50.9147314750542 73.0970115589412 0.936109621278832 -0.235472428552615
"468" 467 51.2495321208392 72.764572081322 0.471812970039867 -0.11325069816103
"469" 468 51.3710841982832 72.556741935282 0.240766021551909 -0.259722168307062
"470" 469 51.4890744767616 72.1665802945132 0.407612330214432 -0.235544839504112
"471" 470 51.5499664789393 72.0409318422213 0.139625819577031 0.157599835843707
"472" 471 51.8877317952818 71.6705676917391 0.501253441770039 0.288125823943902
"473" 472 51.9481125983919 71.4530239204853 0.225767875915876 -0.468653604851429
"474" 473 52.0008763679731 72.1915532037207 0.740411721663443 2.79952755263077
"475" 474 58.5842467367844 78.3948683582724 9.04554499848588 -0.74378894937906
"476" 475 68.3232082412266 71.8301379896997 11.7449161766727 -1.34879386509167
"477" 476 74.3221106037353 60.5448284982956 12.7806509956139 -0.489105203659356
"478" 477 69.0555339596149 51.7889689026502 10.2177251287676 -1.03009703605812
"479" 478 57.3034402680787 59.3283233912642 13.9625775643192 -1.59968061967925
"480" 479 53.163741487139 68.7474857595288 10.2887183709461 -0.586310593464641
"481" 480 49.2326811921882 68.8985160963036 3.93396049867872 1.118309624948
"482" 481 56.3913605620713 67.3050280970926 7.33388671336143 2.96096912448251
"483" 482 52.5127646590173 71.1386409905228 5.45344789980258 2.58105151327567
"484" 483 55.6476759024726 82.3363078780712 11.6282162101004 -1.06420343786274
"485" 484 47.8188276545318 90.717620507821 11.4689697134 1.0243026259283
"486" 485 33.6440949966551 91.8382276760671 14.2189593975017 0.740573755212178
"487" 486 27.236437627065 93.6753844298283 6.6658246229519 -0.20032989383176
"488" 487 20.9681346068942 91.5340123316767 6.6239789564449 0.608411604315192
"489" 488 31.0240501656446 85.2499448467514 11.8579484684246 2.25386712566708
"490" 489 35.8424643323355 94.3166917808794 10.2675710394079 1.6408521430712
"491" 490 39.8045856063355 92.8236364042868 4.23410195288862 -1.44269186535608
"492" 491 36.4431144290417 76.8258657283916 16.3471145794697 -1.41752849852789
"493" 492 26.4042991114508 65.4288136767281 15.1878441014196 -0.515011653170001
"494" 493 37.852554294343 61.4149376382336 12.1315187666268 1.95569787480314
"495" 494 52.3209056606124 69.7188906040171 16.6819910716849 0.858255042472955
"496" 495 66.3699057042636 71.3693676199329 14.1456168690722 -0.404092643132503
"497" 496 75.6305390207592 66.2980495829538 10.558295130123 -0.61795894953871
"498" 497 76.9043308589735 76.608889750932 10.3892237735402 1.94889497371047
"499" 498 69.3616359511158 90.1573202796521 15.5065217332765 0.630904894330839
"500" 499 68.0918823018358 100.431423975805 10.3522693690396 -0.385024330931486
"501" 500 80.1935676944819 102.713720813359 12.3150179941929 -1.50735667140777
"502" 501 93.7851250082013 91.2902640392604 17.7545992599613 -0.885346162189224
"503" 502 98.2582849501496 77.2525829585053 14.7331480000454 -0.563372795404219
"504" 503 97.3445363611249 60.7353020199263 16.5425362652735 -0.363745715420139
"505" 504 95.2315002613215 47.6714865775885 13.2336010016373 -0.105093991662878
"506" 505 91.7251888546709 34.7724590337947 13.3670913536177 -0.105056025180976
"507" 506 97.6801932498232 28.6231580109932 8.56013904182114 1.03476213009579
"508" 507 110.642559715154 33.5634173647388 13.8718818789594 1.16557681630825
"509" 508 120.408601942965 40.5338172546926 11.9984188717203 0.255758847319988
"510" 509 119.312579592942 40.4916700654384 1.09683242900261 2.56014137803874
"511" 510 123.845541091911 43.5929413693308 5.4923240665028 -2.58001254343525
"512" 511 129.2076593836 54.8015514484675 12.4251862151112 0.524567564929341
"513" 512 129.655711536153 72.0069470602295 17.211228569996 0.420177419226468
"514" 513 127.342452278849 88.5833513957407 16.7370352537677 0.164691358765617
"515" 514 117.258560167713 101.025548289083 16.0154033243534 0.542430135926563
"516" 515 98.8089622408973 103.924619747344 18.6759813391765 0.733850112135803
"517" 516 82.2194444719692 97.9852114640903 17.6206887084688 0.499663409559128
"518" 517 73.8103661879495 104.784556818889 10.8140508062701 -1.02374916676565
"519" 518 73.5219070795912 111.324391690228 6.54619345891843 -0.846770919250109
"520" 519 59.5251693064034 112.207588010744 14.0245750036125 1.46370027957404
"521" 520 44.3468528908021 102.770054601984 17.8731174128516 0.619295156483627
"522" 521 42.5632884482006 82.9536886728853 19.8964685498921 0.92475502255818
"523" 522 41.1673446921837 77.7748228175029 5.3637030602009 -0.173526091444385
"524" 523 41.9951221309679 73.7368106479297 4.12198468820307 0.465483865068968
"525" 524 43.0088458178951 62.0109924213013 11.7695560153036 -0.115957162161583
"526" 525 58.1713702975777 51.1178838644009 18.6698142098252 0.861574690277619
"527" 526 75.5286972493783 44.7708815971132 18.4813754004581 0.272420435347715
"528" 527 68.0816932184095 36.4429056864128 11.1719761817895 -1.94984294570256
"529" 528 51.3737823693591 47.7921799217201 20.1980273939815 -1.43786742526149
"530" 529 37.3626970936387 41.8515309976219 15.2184697076578 0.997701296244052
"531" 530 38.4729871330416 32.9563434362183 8.96421249882819 1.29395304743704
"532" 531 53.130150166481 27.5184863789372 15.6333847123469 1.09135718145822
"533" 532 65.6104330414711 33.4191884351556 13.804917435321 0.79691558668258
"534" 533 81.75646691898 28.8004310073314 16.7936693474281 -0.720273964089784
"535" 534 86.0088187198191 11.9378710621581 17.3904693364689 -1.04514909376999
"536" 535 77.4880787494383 2.30754302086979 12.8587024160943 -0.971370074275816
"537" 536 61.1854108813241 1.82188772861935 16.3099000818807 -0.816671797836828
"538" 537 46.1241501807624 3.81405336434272 15.192442127928 -0.161288574736264
"539" 538 31.5122285509713 9.11251564569772 15.5429069437509 -0.216358772588553
"540" 539 25.6781356334396 23.294801001894 15.3353792941346 -0.832665038817461
"541" 540 25.4527858539593 39.624508275076 16.3312621113901 -0.376465947487533
"542" 541 34.6101292549422 54.6661717422053 17.6099000003378 -0.560663054283582
"543" 542 49.4912113399512 61.6437826377368 16.4357433002045 -0.585479932802604
"544" 543 55.0923976075064 61.6814325851971 5.60131280347678 -0.43173077293682
"545" 544 57.5605517058372 62.5216246611496 2.60724133474454 0.32138710636307
"546" 545 60.6361302607873 64.6935019637377 3.76513405673238 0.286745256894313
"547" 546 60.7493158182808 65.6014278150514 0.914953726648987 0.831918253863252
"548" 547 56.8273660416741 77.845327441048 12.8567012916107 0.434016026838652
"549" 548 42.6600598935721 72.7169554669666 15.0669427090765 1.60811728368974
"550" 549 37.8151570358511 54.6085151810834 18.7453645813612 0.962057006829231
"551" 550 40.016657016006 36.7765729267627 17.9673249740758 0.384263020618539
"552" 551 48.6120773817862 30.6078597644954 10.5798994958742 0.825469920568263
"553" 552 66.1993715245954 36.4649429184432 18.5369452267074 0.94396659471404
"554" 553 81.1208928197481 46.6472664264314 18.0646480669573 0.277333515124584
"555" 554 82.5807389249006 46.2056015521286 1.52519458165895 -0.892597699482474
"556" 555 89.0490822468317 55.997651712641 11.7355746206295 1.28081309676173
"557" 556 91.5941952308317 65.4273825792838 9.76716050439635 0.320149115329668
"558" 557 89.3299327906682 65.5372696070692 2.2669273382291 1.78592478286188
"559" 558 76.8252176243305 56.7847891058792 15.2634798232562 0.659174946625338
"560" 559 80.8677049059809 37.9306132350776 19.2826774901574 1.17132468544286
"561" 560 94.1670952731056 41.0098870037278 13.6512164688523 1.58711175667444
"562" 561 100.508000902963 49.9786061487582 10.983852116138 0.727860498452775
"563" 562 110.926074872164 45.6688460148456 11.2743202739501 -1.34763073110647
"564" 563 117.418744717574 37.0165958869128 10.8174023683052 -0.534793191036291
"565" 564 113.334564918657 23.5616937645338 14.0611136028652 -0.938465329651673
"566" 565 100.748878608883 11.3213481709206 17.5563538395396 -0.504601002333037
"567" 566 86.9005647232918 4.59867064130597 15.3938361249246 -0.319547838410843
"568" 567 70.9525178299837 2.60701894709019 16.0719282036173 -0.327700276043966
"569" 568 55.6405876162584 1.61099032298086 15.3442914430755 -0.059282848194005
"570" 569 42.0120095734854 7.70587630816001 14.9293594852655 -0.4854920421924
"571" 570 28.0757463569169 14.8241192264902 15.6489237548733 -0.0516930786547172
"572" 571 17.2249437030157 22.1107942962018 13.0704074842931 -0.119136781874811
"573" 572 8.76632276512722 36.2596412201453 16.4844817160889 -0.440608888378833
"574" 573 1.00263603849493 51.9798919051566 17.5328581009739 -0.0800953693127455
"575" 574 2.3576290751572 69.9583249981696 18.0294221374215 -0.533953311333305
"576" 575 2.83707242915952 84.403067648191 14.4526971930863 0.0420461083515033
"577" 576 11.1500727327443 100.642401709438 18.2434082561392 -0.439947015803694
"578" 577 23.1321691073981 112.243743757558 16.6781824803838 -0.328415366660931
"579" 578 38.5311737551147 121.907370742406 18.1800723497646 -0.208824512539458
"580" 579 45.4669667088777 126.660246701256 8.40803507233916 0.0403399733459069
"581" 580 60.7714990581487 118.574640988911 17.3091227439577 -1.08681179633062
"582" 581 67.1274458341205 105.519009433686 14.5205914040977 -0.631693800541026
"583" 582 61.9558261761792 91.5314373249554 14.9130085289103 -0.807202840974155
"584" 583 66.3622688147568 76.9807635424139 15.2032511080038 0.648197079486441
"585" 584 79.0691724823988 67.2426538789216 16.0092529693591 0.622849437003171
"586" 585 79.7182409202971 58.224863731783 9.04111879000075 -0.845051912639582
"587" 586 90.3701782949433 57.6174663998923 10.6692408985913 1.44198323782525
"588" 587 87.8252639261738 72.8836726769028 15.4768744660091 1.79294040169135
"589" 588 83.3593281828412 87.8481220799664 15.6166362575436 0.124838124018356
"590" 589 89.1490249087116 90.402549440841 6.32816618931095 -1.44530427340784
"591" 590 95.5839127469223 102.29210878127 13.5192234540276 0.659203949552919
"592" 591 85.9372867702815 99.4673377402606 10.051702550679 2.35173609443559
"593" 592 80.9309255359268 93.6323716156822 7.68833418133132 0.576818979722661
"594" 593 77.2869036886605 91.1724041318717 4.396627712777 -0.2678827527197
"595" 594 76.6430184333793 82.3292318013574 8.86658249209596 0.904315708022751
"596" 595 86.3054375591757 68.9462705901582 16.5065439793742 0.698018412660757
"597" 596 73.2386756302119 55.4272024463899 18.8017411636281 -1.39372185494884
"598" 597 66.4277387870617 44.0781648480472 13.2359176142033 0.227869144966866
"599" 598 69.0235818702603 40.952859049844 4.06275001013755 1.23363379526147
"600" 599 64.3569452780816 42.7494381014958 5.00051931026121 -2.63140717027749
"601" 600 55.2332256754967 59.6145974358594 19.1748757169392 -0.70740971180894
