"time" "x" "y" "speed" "angle"
"1" 0 97.8914688632671 107.523690727976 NA NA
"2" 1 87.894782432675 119.979413648723 15.9711857127142 NA
"3" 2 73.6152950505275 127.138805658001 15.9737488974699 0.429737755082599
"4" 3 54.9951823768734 126.378678001982 18.6356215359998 0.505548069359915
"5" 4 35.7035506552376 119.790276593658 20.3856343438323 0.288296531323161
"6" 5 25.0888272866956 111.698692616978 13.3471376497864 0.32222876285137
"7" 6 20.6274197034766 108.222603500704 5.65573630643065 0.0105697099985495
"8" 7 18.5321657433159 103.967915134581 4.74262187512326 0.45130547415377
"9" 8 20.653465768412 89.4594283130754 14.6627454334536 0.602777824952608
"10" 9 11.0329759881344 75.4635463458847 16.98347831429 -0.747388134387131
"11" 10 4.00369403122007 75.3471283164642 7.03024594074601 -0.952030097116906
"12" 11 15.4809794301639 91.1759541268777 19.5519770525955 -2.21472229161155
"13" 12 35.3906854287779 95.4093955408326 20.3548131692883 -0.733918989155245
"14" 13 57.0704987697265 96.4950492829624 21.7069793049649 -0.159476810403111
"15" 14 73.7902368496772 87.0820394805963 19.187349869161 -0.562794908774981
"16" 15 81.6012371613728 68.4675231408293 20.1869250861235 -0.660732456786707
"17" 16 94.6820521787855 53.3774990219984 19.970391819558 0.316892553095984
"18" 17 104.225034667133 37.4007443184506 18.6098147661456 -0.17576150167789
"19" 18 103.809052267242 18.338869885679 19.0664128311481 -0.560254207990712
"20" 19 88.6514717860389 20.2052401612316 15.2720523849815 -1.67149151855237
"21" 20 81.3412198669575 40.1958611446487 21.2853167799558 -1.09770347125351
"22" 21 76.9986069259365 61.2461627055686 21.4935684092054 -0.147135463829001
"23" 22 81.3135467645453 80.3783887682732 19.6127708375244 -0.42526419811599
"24" 23 98.9170435008628 88.2702706034708 19.2915757844263 -0.927524662412823
"25" 24 115.126602276557 80.6160108196 17.9258887796854 -0.862617049327887
"26" 25 120.927856903127 65.22050776301 16.4522360063238 -0.76926881604215
"27" 26 104.769313345981 59.3906678454682 17.1780547022171 -1.58490246239811
"28" 27 91.5301635631479 73.537964595389 19.3757862370176 -1.16480118120665
"29" 28 83.4199829857147 92.4867831957025 20.611471450291 -0.347837083865938
"30" 29 93.8464773942842 99.7546012315114 12.7095619379096 -1.36646380320849
"31" 30 103.982148566847 85.913512341353 17.1553948303031 -1.54747252622859
"32" 31 91.8586551617174 78.5679513997813 14.1752022169199 -1.65812282265318
"33" 32 78.6472164720719 89.944491337785 17.4346715831201 -1.25565298699907
"34" 33 74.1611406760128 108.110981095424 18.7121945843453 -0.617787124029445
"35" 34 75.0440594729169 120.123237812976 12.0446609354635 -0.315468374087845
"36" 35 81.6281672683207 121.324702573018 6.69283146591349 -1.31693317983173
"37" 36 93.5645460774095 110.170884046149 16.3366094035576 -0.932013270375957
"38" 37 94.4130813970853 94.4896903725145 15.704134717289 -0.765217714766683
"39" 38 83.5435619170552 89.7826264121669 11.8449527163917 -1.2161845580359
"40" 39 81.3220920584379 102.365216099217 12.7771863712404 -1.80471676408821
"41" 40 81.7436619535536 107.488991527207 5.14108897150556 -0.256842554209527
"42" 41 66.4941786921798 113.73228641851 16.4780299441011 1.26429636309354
"43" 42 50.8684448196774 120.175898874326 16.9021803485534 -0.00253378637199169
"44" 43 53.499602872721 125.053499232133 5.54201930261636 -1.67436754516617
"45" 44 65.2858771169398 118.14590906435 13.6612979795475 -1.60621348109197
"46" 45 63.8145065888713 103.629105193852 14.5911797276766 -1.14169332406503
"47" 46 49.4817787430148 104.927220880577 14.3913929777319 -1.56010851778622
"48" 47 47.26247736839 117.08360884805 12.3573082427829 -1.29989875627029
"49" 48 58.3477567914603 113.659672748838 11.6020152688677 -2.05094683679666
"50" 49 68.4202990290158 107.031077059211 12.0579595265484 -0.282461820334039
"51" 50 77.6180620160834 93.6278853165124 16.2555957398616 -0.387328916219896
"52" 51 78.5316526898486 78.1067835298973 15.5479660595738 -0.542635685778802
"53" 52 63.2926605915961 69.987684430564 17.2669235926785 -1.14005973741111
"54" 53 56.8358890928225 82.6802903160839 14.2405106071555 -1.58974023421466
"55" 54 67.9095565325274 94.3643971570157 16.0979645680903 -1.22916730388056
"56" 55 83.4807974220078 90.6176361917246 16.0156723420922 -1.04834674448257
"57" 56 101.009853077236 89.1017040004663 17.5944832993919 0.149865200973547
"58" 57 116.525452600352 86.1602302150565 15.7919630379498 -0.101091717763985
"59" 58 127.159078160066 80.075011333493 12.2516889195221 -0.332415905167562
"60" 59 121.64218166722 64.3427566484444 16.6715321547844 -1.38829758282031
"61" 60 104.473993918088 66.1278367528779 17.2607410492337 -1.33712472454055
"62" 61 104.272240097495 80.8298108624772 14.7033583688712 -1.453470529129
"63" 62 115.942247867929 90.5562133189238 15.1918394576414 -0.889709504075814
"64" 63 114.636527554512 95.8862912008587 5.48768036280903 1.1162284007211
"65" 64 99.4843010598039 106.245579212045 18.3549670619602 0.730865998398079
"66" 65 96.2090443899775 113.970336237582 8.39042176275006 -0.570088029910899
"67" 66 87.8144315675297 120.549152469503 10.6653807926484 0.505057911433787
"68" 67 75.2097226877607 122.961015964009 12.8333850351283 0.475658557549997
"69" 68 59.371167267603 119.218323836743 16.2747529061704 0.421106995671528
"70" 69 57.4734826129201 124.506117783908 5.61800426097119 -1.45827845497852
"71" 70 67.4517819998551 121.381883622615 10.4559694791968 -2.21879425371045
"72" 71 78.823547025405 111.598075840374 15.0013310914786 -0.407043707286837
"73" 72 93.5813267081405 103.978956323393 16.6085232148498 0.23389253391773
"74" 73 104.740969419304 92.6522234959401 15.9007075938562 -0.316243573573668
"75" 74 117.374829452141 82.0376513804929 16.5010169542172 0.0940701038857805
"76" 75 118.891348630927 74.8257029625328 7.36966962644467 -0.664778563962524
"77" 76 104.256754113932 69.7095168619852 15.5031195858219 -1.44174116159464
"78" 77 92.5777257730722 82.1526502796754 17.0654994722407 -1.15337832935614
"79" 78 92.9473159680992 100.020129528732 17.8713013411929 -0.774414403968008
"80" 79 86.1578734002111 112.21510724015 13.957579008003 0.528685940133632
"81" 80 80.1584033537637 116.996400913869 7.67166279450267 0.389912464576777
"82" 81 65.2873836676535 120.969263154415 15.3925586205491 0.411822116420011
"83" 82 64.5371034339694 125.473273105628 4.56607337541522 -1.14467355368019
"84" 83 72.857345276848 116.463887704868 12.2635822508517 -2.56100517180604
"85" 84 69.8730152055206 101.887615530047 14.8786402768905 -0.947600344495558
"86" 85 53.5363435266208 99.0764284707909 16.5767793683301 -1.19843889619467
"87" 86 39.9796222302019 95.4007304285951 14.046189818103 0.0943597589066104
"88" 87 31.3008083689437 80.9553301996115 16.8520443215026 0.765018747521398
"89" 88 18.4372080719136 82.1508853253158 12.919038844293 -1.12246262525666
"90" 89 20.3436000401243 95.9090953071783 13.889660623697 -1.61580883871349
"91" 90 35.9569577983479 100.25331337107 16.2064546114478 -1.16173572460028
"92" 91 51.3922296787937 110.085255713976 18.3006750765518 0.295793632418138
"93" 92 67.2023197485615 111.106473663031 15.8430374017623 -0.502663821133189
"94" 93 78.3438248998756 101.457344901401 14.7390238107979 -0.778243071237323
"95" 94 74.8290149205356 92.5948780602902 9.53400271138284 -1.23462403003595
"96" 95 62.805818213529 86.1934081153623 13.6211628178798 -0.703977602945455
"97" 96 54.3739300961606 88.771297733923 8.81715669075362 -0.785957406944126
"98" 97 49.4611335416253 91.8360221817625 5.79034592467831 -0.261047531178171
"99" 98 50.5203291848285 100.298275556134 8.52828397643027 -1.13756204005159
"100" 99 64.2086670539302 105.350881277673 14.5910732366064 -1.09267330906224
"101" 100 73.920378691281 108.941917865591 10.3543655866895 0.000568384914662472
"102" 101 72.1950853818269 115.291382486456 6.5796913282666 1.48194116887548
"103" 102 59.2323820612366 115.078307838585 12.9644544113205 1.32191563035277
"104" 103 45.0502711345938 113.200491228171 14.3058891914464 0.115205638388015
"105" 104 41.1010141465288 119.546051158618 7.47413952162173 -1.14573546855661
"106" 105 48.430541219204 121.843444502183 7.68114465975846 -1.82375457352249
"107" 106 56.2985152225858 110.102573448584 14.1334025632587 -1.28414038139924
"108" 107 58.5471000370305 95.9046610772067 14.3748686732455 -0.433330464783169
"109" 108 53.638147811003 81.7853777016222 14.9483101050747 -0.491673736429439
"110" 109 39.0292253178816 78.2253490121286 15.0364364355403 -0.997162546397034
"111" 110 26.3903746381744 88.711806300526 16.4227382907151 -0.931620124380388
"112" 111 31.5845543440296 102.685999370653 14.9083055636082 -1.2340786469096
"113" 112 47.8917018785738 102.466504238517 16.3086246761161 -1.22838293697491
"114" 113 62.471727783549 97.4885945338645 15.4063863516862 -0.315551400806538
"115" 114 77.0533921358082 104.726038437512 16.2789904336967 0.789724902943883
"116" 115 87.7215031605047 109.891638240131 11.8529327238484 -0.00977872880023982
"117" 116 102.988912397841 107.694830949811 15.4246473895221 -0.593843339390531
"118" 117 114.319189199575 103.880991463829 11.9549380604321 -0.181785273255254
"119" 118 119.79707854857 91.9175496505468 13.1579334144695 -0.816710921734011
"120" 119 110.685679581952 83.4985144641244 12.405552974338 -1.2542649280119
"121" 120 99.074026619245 89.9008761573322 13.2597405622056 -1.24982109178332
"122" 121 95.8115306141165 101.722390303607 12.2634447401235 -0.797622304773858
"123" 122 88.336596767119 110.495786331109 11.5259322344165 0.43637739971786
"124" 123 72.1031905394397 115.798975963437 17.0776842115462 0.549388259174869
"125" 124 57.9308931230819 119.836985247626 14.7363337719018 0.038186351921945
"126" 125 44.2627657672124 119.390178023378 13.6754284068876 0.310245746087195
"127" 126 44.7874770895829 122.742829728021 3.39346363240783 -1.75872139240457
"128" 127 56.7241850400874 120.942186259594 12.0717568562339 -1.56526975052351
"129" 128 70.6119360638537 113.7061360464 15.6598228337995 -0.330615839399923
"130" 129 84.7191061281099 112.268983474622 14.1801852856869 0.378812585375722
"131" 130 95.7773189259295 116.198820343836 11.7357440369365 0.442980819293551
"132" 131 101.417692910445 106.656987986122 11.0842403180327 -1.37838851253938
"133" 132 94.0144867911001 93.4912733097795 15.1044200082086 -1.04610968908579
"134" 133 80.355566382341 98.9662048576754 14.7153315350678 -1.43977496858267
"135" 134 78.0990271778122 110.412715093735 11.6668147223568 -0.99493108511065
"136" 135 87.262530007826 110.762736447141 9.1701853341964 -1.72725943820211
"137" 136 100.452351587606 105.679190869219 14.1355519506396 -0.406048362231496
"138" 137 111.797505994101 95.9467261263001 14.9476887336934 -0.341165405418155
"139" 138 116.042393622136 78.7908425418241 17.6732400124803 -0.619202544969126
"140" 139 116.136528313324 61.9460183025097 16.8450872658316 -0.2369704976815
"141" 140 122.751313142377 49.8422740785132 13.7933318155764 0.49456945036202
"142" 141 118.566761421429 37.8936537967163 12.6601737643627 -0.83702152127135
"143" 142 103.567651368103 35.633870970468 15.1683855704415 -1.08439607892966
"144" 143 89.5774776183162 27.3470988078365 16.2602445991625 0.385222789606753
"145" 144 77.8516729114315 17.6691015002649 15.2038852899304 0.155254306796641
"146" 145 63.8291476827355 15.9718169419796 14.1248712794563 -0.569559657379396
"147" 146 49.1782441383418 17.0147245446015 14.6879757262441 -0.191517876296639
"148" 147 37.5885399506117 12.6806122897429 12.3735917258007 0.428924555445869
"149" 148 27.0261098880202 20.7096579202163 13.2676487202277 -1.00782697089832
"150" 149 22.4203797819074 36.5756591024886 16.5209788852302 -0.638305695084735
"151" 150 30.6481824260719 51.1655927848223 16.7500119763006 -0.796004600279386
"152" 151 44.3426791166638 59.3334186077828 15.9453008213345 -0.519524679598459
"153" 152 61.1182740732586 62.476653820242 17.0675280503233 -0.352569389210347
"154" 153 77.7010436199779 61.7642439689667 16.5980653582216 -0.22815634837191
"155" 154 92.4016417005271 64.6043237834339 14.9724292377152 0.233778111708934
"156" 155 108.180663085791 65.374660117467 15.7978142141293 -0.142062109148226
"157" 156 120.245977218186 65.0781765932886 12.0689563589181 -0.0733498226261872
"158" 157 121.026684659702 51.1330245459337 13.966988570665 -1.49030229121027
"159" 158 108.506230057159 42.7837482615444 15.0489932529523 -1.03859196317554
"160" 159 91.3623513379499 42.5196620196025 17.1459126056948 -0.572727236757536
"161" 160 81.5098558311094 55.1731759095316 16.0369286796114 -0.924620844402409
"162" 161 83.8257540622905 69.8940323000392 14.9019125446077 -0.817620316272495
"163" 162 89.136265026661 83.3596718252069 14.4749775310519 -0.219605874128876
"164" 163 89.5871992573664 98.8119317537164 15.4588382027449 0.346473680246501
"165" 164 100.303518535633 98.9688445296056 10.7174680075562 -1.52698082664244
"166" 165 102.754191185648 83.0147709621654 16.141197595991 -1.43302106290167
"167" 166 98.7221269631879 68.3951138090012 15.1654844027517 -0.421524077240647
"168" 167 86.1600842098754 64.4052245217348 13.1804451617043 -0.994151176453472
"169" 168 76.8041571819913 74.3888805933359 13.682352104339 -1.12538272697307
"170" 169 79.2051259251771 88.923334352835 14.7314288849647 -0.91666437663601
"171" 170 84.3899320519852 102.631618578445 14.6560318975736 -0.197881375132769
"172" 171 94.2948876070613 98.3630506501682 10.7855837443481 -1.61610374328424
"173" 172 95.265972516714 82.8527751217914 15.5406451882771 -1.10136694432287
"174" 173 89.5183984431501 69.9636838062261 14.1125221938562 -0.481987898347524
"175" 174 78.1755445757711 63.2571922913312 13.1771530421435 -0.617373207354645
"176" 175 66.4102030454705 70.2915740925199 13.7078732358272 -1.07282943425661
"177" 176 67.7448918775041 83.3365938239997 13.1131206839963 -1.13388889628342
"178" 177 79.2444639813177 86.4271526783105 11.9076325355952 -1.20628669847273
"179" 178 91.4106949036225 79.5939529305208 13.9538451205408 -0.774296150964274
"180" 179 104.391406211909 75.1109781072545 13.733023313718 0.179213566872229
"181" 180 117.271820171036 76.3955676093581 12.9443128032111 0.431935523720827
"182" 181 121.764351863604 68.5331156970648 9.05543986131316 -1.15108208562786
"183" 182 110.93604891873 59.4916201110161 14.1067638776054 -1.394200269289
"184" 183 97.5709017742405 60.1147597691718 13.3796659609806 -0.742304089063441
"185" 184 85.4450174665482 69.7565690872207 15.4919836421665 -0.625181708226136
"186" 185 76.6741291432642 82.5162629488835 15.4834837624766 -0.296811358560728
"187" 186 69.4020576279044 96.3532981609604 15.6315887735304 -0.118333707726291
"188" 187 68.44194206093 110.211211894739 13.8911336814093 -0.414706765958434
"189" 188 58.765325738794 117.471634487182 12.0975468449886 0.857927153389048
"190" 189 46.638382860864 119.231175121535 12.2539269953969 0.499608875155708
"191" 190 39.5546616919088 120.44507115234 7.18697774959041 -0.025627715859271
"192" 191 29.7998770759375 115.36310566573 10.9991907025512 0.649999480000088
"193" 192 24.9623388404405 111.943780487462 5.92398184117971 0.135012505200939
"194" 193 22.7126013626032 109.964916943762 2.99620086839503 0.106131718684821
"195" 194 21.8938440361704 103.304856220095 6.71019913285151 0.727046679632105
"196" 195 28.8926255465382 94.9978996488056 10.8622497719008 0.822457450301962
"197" 196 39.3262879087563 86.5378172945376 13.4325836580222 0.189341716576455
"198" 197 44.7511440205412 73.8980954186232 13.7546949415114 -0.484062326007715
"199" 198 39.3628467858317 60.6377806559726 14.3132698812727 -0.791381633367972
"200" 199 27.5232394644866 59.554286464404 11.889081595599 -1.09356970513234
"201" 200 21.4505981935512 67.7544240479908 10.2038830057591 -1.02462855884975
"202" 201 33.2860771964146 76.661698149769 14.812767977371 -1.56306702552138
"203" 202 45.048668428667 72.8426022899452 12.367054850836 -0.959101047285388
"204" 203 58.5342127195467 70.8671994254545 13.6294578504912 0.168495238902863
"205" 204 73.4373141747309 71.7146043500492 14.927174149508 0.202248384365941
"206" 205 86.4450477153868 81.4007095565176 16.2179457988821 0.583263368321788
"207" 206 99.6237170140697 84.5656332089223 13.5533784057554 -0.404371627280788
"208" 207 113.295546272547 79.5489185934299 14.5631844321996 -0.587375567589361
"209" 208 117.349943408594 72.5461334511539 8.09179435512699 -0.694300169936168
"210" 209 106.283663257882 62.6503342967218 14.8455177504492 -1.36599040574876
"211" 210 91.2701213692 63.2339486745353 15.0248808908821 -0.76847103691817
"212" 211 79.1693650072502 70.4594765363601 14.0938482116587 -0.499441576720727
"213" 212 74.054062683895 84.5241378210573 14.9659952864012 -0.683675514948576
"214" 213 79.1935881028404 97.5235227666242 13.9785095949109 -0.725332147557711
"215" 214 78.6475822669127 106.454673935052 8.94782563342481 0.437564878203944
"216" 215 69.0853881191887 116.43524753889 13.8219899573254 0.702934033264639
"217" 216 61.0722157708626 123.183737805218 10.4763090809074 0.106869856937832
"218" 217 52.4089629073762 123.928352510391 8.69519414595587 0.614193225439163
"219" 218 43.3122681875225 116.54769621581 11.7142623397703 0.767367189383862
"220" 219 35.4341915553409 107.909292925575 11.6912831984884 0.149773136891407
"221" 220 26.643479618233 103.203953627604 9.97079907882238 -0.339941967083008
"222" 221 22.4204372414358 104.874597752336 4.5414908023385 -0.868167425392558
"223" 222 19.2188234874429 104.057481800808 3.30424107897663 0.626594845158821
"224" 223 15.3583035341877 99.3219779566216 6.10971447514449 0.636952594514506
"225" 224 13.2516965988633 87.2792219907221 12.2256191677217 0.510783030119291
"226" 225 8.16495059940007 82.0647151507601 7.28464593834632 -0.599821204814126
"227" 226 2.32538827471431 71.3661467609351 12.1885131880658 0.273362986916242
"228" 227 2.45703379016614 54.6059156620586 16.7607481047084 0.507487830344135
"229" 228 9.21749365454538 37.8068064383632 18.1083927582635 0.374744683273228
"230" 229 21.343800456116 29.4271312260281 14.7399549968798 0.583514876494854
"231" 230 25.8594134132393 18.7673652634459 11.5767599420376 -0.565418972036672
"232" 231 38.7298462085701 10.490142133766 15.3023025416972 0.598578342346508
"233" 232 50.2230685583719 6.82001956594772 12.0649890030946 0.262428502205217
"234" 233 62.3755599567264 4.72037764937044 12.332540020812 0.138008832606014
"235" 234 77.1232135800329 5.28992870024575 14.7586474919816 0.209686178307299
"236" 235 92.0046273787702 10.2885192265046 15.698483490403 0.28545357052031
"237" 236 103.910437994497 15.2863828105415 12.9122796911391 0.073389832179563
"238" 237 113.730639695871 24.7999571049033 13.6727633384771 0.372095824126413
"239" 238 119.712040453656 36.8682802486319 13.4692827769961 0.341112486981936
"240" 239 123.774044079104 48.5409183854286 12.3592214368769 0.12525773867312
"241" 240 121.736576494428 63.5280832101587 15.1250250790614 0.470005434728164
"242" 241 118.792608648133 75.7011688795793 12.5240153862517 0.102167125448074
"243" 242 109.521988902062 86.3172495786095 14.0941675839535 0.480558514331217
"244" 243 97.533829520277 96.5831751980121 15.7830666914316 0.144788982272493
"245" 244 83.366522826393 102.764172591092 15.4569501432795 0.296771540223405
"246" 245 77.3292994190068 111.548199498183 10.6586676078763 -0.557256749412588
"247" 246 86.0439151898855 116.165947043167 9.8624601607944 -1.68567579470844
"248" 247 97.9858768442627 109.204176737971 13.8230493718617 -1.01507022130324
"249" 248 100.977052938359 98.3058033699745 11.3014015278705 -0.775130365188822
"250" 249 108.331838872688 86.7176343661303 13.7251060834318 0.297665534223469
"251" 250 102.616366555152 73.6777497812213 14.2374581228626 -0.978617938327921
"252" 251 89.5209297831227 71.7259657353648 13.240087809825 -1.00975481966827
"253" 252 78.3298762851093 80.1997830599058 14.0372810203789 -0.796044397792928
"254" 253 72.9386065163599 95.0479957346359 15.7966834922222 -0.574415586714203
"255" 254 74.1831915394339 108.306773477503 13.317063456874 -0.441884786862936
"256" 255 87.6801181550414 110.603359263925 13.690921603073 -1.30865985298189
"257" 256 97.5642441343775 99.8553068346765 14.6019374535458 -0.995788455179155
"258" 257 106.41502141519 89.848126898261 13.3596372987572 -0.0193967212220716
"259" 258 117.296116718821 85.7087526692258 11.6418492523608 0.483130211377434
"260" 259 112.164415664446 74.2842680868722 12.5241049054975 -1.62945885455988
"261" 260 98.8937453742714 76.4749715680636 13.4502740378412 -1.31222392350812
"262" 261 88.8472397688124 86.6081206904214 14.2693022259836 -0.626088623868018
"263" 262 78.8087566643244 98.8276794228846 15.8141948468839 -0.0933850286907418
"264" 263 77.113408784408 111.59293274548 12.8773404406334 -0.555682665400703
"265" 264 88.542869408618 111.852016377582 11.4323967079869 -1.68016904224755
"266" 265 89.666399631979 99.7022622391856 12.2015919365586 -1.50124925171792
"267" 266 81.1576122092116 94.4032188983131 10.023937536432 -1.10601127760925
"268" 267 68.9206540970207 102.695260443073 14.7817825995221 -1.15254559527546
"269" 268 61.0060493936479 113.559381008881 13.44135719632 -0.345642923317096
"270" 269 51.0968508329586 119.503186876612 11.5551306486964 0.400899861016926
"271" 270 41.7820763985178 120.255425003319 9.34509951599141 0.459709712930206
"272" 271 35.720433897507 118.207653526054 6.39819332570995 0.406369810666617
"273" 272 26.053474669249 110.605785931597 12.297905986161 0.340591261589463
"274" 273 21.8107542648795 108.308936376419 4.82454083916536 -0.170190899884506
"275" 274 16.8778714040437 103.282458182208 7.04264271105691 0.298608086725386
"276" 275 11.3488445953211 96.7016148280067 8.59521010238337 0.077241258668343
"277" 276 6.84566648271994 84.5540106685801 12.9554197125345 0.34375953546166
"278" 277 4.6099780182264 74.5719019170539 10.229408489134 0.134666486522587
"279" 278 11.6089011978285 62.7242028309857 13.7605559229267 0.75391712757496
"280" 279 4.89887883865456 55.1994376213256 10.0819884705908 -1.26180819620518
"281" 280 3.41697663791002 68.6498585743681 13.5318091158062 -2.30363556675157
"282" 281 14.9348954195683 75.1655889541699 13.233185385354 -1.1657090376414
"283" 282 25.654478404513 69.3701598803963 12.1859122563827 -1.01044806029071
"284" 283 22.9937048038019 54.9960549630813 14.6182970392663 -1.25820512230565
"285" 284 21.3466020573201 39.9393429936704 15.1465350092775 0.0740769860230821
"286" 285 32.1993360852351 28.0228983264909 16.1178003892161 0.847674974462803
"287" 286 43.8584317035358 17.6901474962383 15.5788398270463 0.106920972293733
"288" 287 42.4997789595095 8.23053306738852 9.55668574461638 -0.988287041256038
"289" 288 31.3307708448406 17.4823457294284 14.5031989505426 -2.11993344118794
"290" 289 30.8587921826688 32.0652355133387 14.5905256350558 -0.846654179146379
"291" 290 33.8602476543842 45.3585381830016 13.627935676982 -0.254417374338291
"292" 291 46.8499875169904 52.7998799310744 14.9702006903645 -0.828506086319518
"293" 292 60.0076513566667 55.964780154457 13.5329490925627 -0.284174477811602
"294" 293 71.5744389812473 65.1191638544905 14.7510446029964 0.433445417574135
"295" 294 86.0764696683115 60.1082224496747 15.3433512575007 -1.00218821961526
"296" 295 96.7273915148974 49.9440163917417 14.7225412538122 -0.429329160329257
"297" 296 109.508810398253 42.8926051500088 14.5975021552259 0.257878027732442
"298" 297 118.570166651982 40.3523229659444 9.41069661245489 0.230815440337351
"299" 298 114.424924768775 29.747158521476 11.3865070660192 -1.67008125942905
"300" 299 101.203000464199 27.4920978957903 13.412851327792 -1.02925605469339
"301" 300 90.6283943985946 37.8498754541639 14.802224474432 -0.943969189342867
"302" 301 78.2475444629301 47.3784840885319 15.6230543632286 0.119096910605203
"303" 302 65.581831394934 57.1950930178319 16.0245467452786 -0.00340057011895468
"304" 303 71.8730850572476 70.4525583263625 14.6744764489391 -1.35452905614029
"305" 304 86.5725900032052 74.9023085867485 15.3582460924428 -0.833774815408443
"306" 305 102.426432577855 75.2972588700976 15.8587613043418 -0.269038300457722
"307" 306 116.783788812853 73.4301023923245 14.4782578845364 -0.154229768289621
"308" 307 122.603649876352 76.5526153471951 6.60460975014857 0.621763455181323
"309" 308 121.874123131591 77.3140013884769 1.05447521316504 1.84238825975451
"310" 309 123.798253912293 76.6478249041248 2.03619016045837 -2.66813395146254
"311" 310 119.799095412977 65.3410774157816 11.9931566932065 -1.57745535877588
"312" 311 105.592211381838 61.3482246387404 14.7573177499626 -0.956849472576116
"313" 312 93.8221716344108 70.8819457781877 15.1468040992403 -0.954790887008896
"314" 313 91.6376885853152 86.1149862403209 15.3888754596551 -0.747554866876752
"315" 314 95.8316538958679 98.8653874717914 13.4224467437797 -0.460213821067712
"316" 315 88.1295241700939 110.205575025521 13.7084884676031 0.914402448540047
"317" 316 79.5654310838429 120.059308033381 13.0552573540379 0.118869151044152
"318" 317 75.4263807341819 124.484035282658 6.05887357745072 0.0365608042778944
"319" 318 64.9444893590168 126.107447347136 10.6068616249979 0.665087600623693
"320" 319 53.0563040303634 124.345231071182 12.0180845650065 0.300817909313613
"321" 320 42.229433718511 122.410874224851 10.9983115594448 0.0296362487255561
"322" 321 37.4573557561454 111.021477247444 12.348728338897 0.997227404939006
"323" 322 32.8203904395006 98.8383535321832 13.0357182697811 0.0330956051862733
"324" 323 23.4741038103802 100.607047927749 9.5121687126849 -1.39414886910365
"325" 324 18.4060614137615 96.1739688551146 6.73329368126451 0.905695683118061
"326" 325 13.4525882794473 81.7428469410002 15.25759403682 0.521481029979625
"327" 326 7.88668364252322 71.0346799234024 12.0683112034825 -0.148698841551757
"328" 327 12.4411695714047 55.7392635915476 15.9591072068944 0.768754957523301
"329" 328 22.0220416805464 44.1178862011893 15.0615245848772 0.400045759340607
"330" 329 29.0427314754728 31.7861496064827 14.1902012895452 -0.171899370445052
"331" 330 20.955965014071 26.1443757680451 9.86029430825115 -1.47920010230719
"332" 331 12.1851000420858 30.6498492672215 9.8603936944007 -1.08368710299148
"333" 332 20.0191207694629 41.7331813093527 13.5724769262323 -1.71155420374358
"334" 333 31.7045616589353 49.6665460230227 14.1240151678429 -0.359070766773373
"335" 334 46.5705265681879 48.5509225952525 14.9077673819965 -0.671336119806543
"336" 335 55.2984015249 39.2753982033441 12.736214272887 -0.740902939687994
"337" 336 49.3057312979216 28.696762459896 12.1581096656458 -1.27040207588876
"338" 337 35.0671059645636 28.613296825133 14.2388699655531 -1.0495207183287
"339" 338 23.9168456965257 25.9331217918 11.4678525563544 0.230031846026862
"340" 339 16.2355538597316 39.1931713044942 15.3242016875627 -1.28164457325812
"341" 340 25.3525535464904 48.9828550999563 13.3775032088762 -1.27487944386586
"342" 341 39.4658487326706 46.9089608212825 14.2648567637875 -0.966864291694184
"343" 342 55.2492404234435 47.0197302886401 15.7837803817482 0.15291994740688
"344" 343 69.6179793380681 49.0798704912514 14.5156755148033 0.13538804810724
"345" 344 82.2705696843224 53.5786793060411 13.4286009406103 0.19921717471648
"346" 345 92.7807015199379 44.3021753865594 14.0184305886992 -1.06475544646342
"347" 346 94.8360776735146 29.2299659784907 15.2117082398187 -0.712131500096413
"348" 347 83.8014999991305 21.8613525682099 13.2686988074259 -1.11755950508688
"349" 348 72.0183685797978 31.1607445110901 15.0106920744038 -1.25689777146062
"350" 349 67.69288893264 44.974024293207 14.4746838486033 -0.599200856184947
"351" 350 74.0504244719508 59.0307294420402 15.4275473674474 -0.728213634303545
"352" 351 85.8265437076501 67.7030056686052 14.6248199716527 -0.511290832925329
"353" 352 98.8791696520226 73.5407585035095 14.2986153946855 -0.214196477452194
"354" 353 111.868059525737 67.7239801853504 14.2318716321533 -0.841608057803293
"355" 354 123.01328796469 67.1103906680621 11.1621059416297 0.366047075067673
"356" 355 123.528171505829 69.3819523297772 2.32918385790174 1.40289616153625
"357" 356 125.616891226717 68.6672903417022 2.20759865682683 -1.67756493007365
"358" 357 121.545530120432 55.98745635482 13.3174386123106 -1.55181996720318
"359" 358 107.036354994866 53.471161416861 14.7257564504891 -1.08838560944727
"360" 359 98.0395923632348 65.7826049449775 15.2483894098991 -1.11144001431308
"361" 360 99.5937095233519 80.5445072574511 14.8434847670749 -0.735968661799628
"362" 361 100.989146084874 95.2636440010807 14.785135429711 0.0103707973059163
"363" 362 91.0958417283649 108.328967909894 16.3884154186034 0.74262666700524
"364" 363 85.6885641583712 118.914590420485 11.8867175728076 -0.175844093891279
"365" 364 81.9395856450747 123.082970234799 5.6062670440801 0.260214409389367
"366" 365 68.381210293904 125.783845788261 13.8247701940583 0.641691518827385
"367" 366 55.9468866798011 124.003706414715 12.5611026557976 0.338826678864713
"368" 367 43.2300069813354 121.646003738058 12.9335915807159 0.0411208623599531
"369" 368 34.8524174312968 115.975074483213 10.1164937247239 0.411747184196125
"370" 369 35.7780950864387 115.395607488286 1.09209025242342 1.98721499451438
"371" 370 31.1136202390821 117.277017746752 5.02961530957221 -2.96567008409099
"372" 371 29.5085015724154 115.930863899252 2.09488331780574 1.08126541947391
"373" 372 38.1501134210641 117.737863208058 8.82851640111358 2.64985145150802
"374" 373 53.9260606124154 120.018635106495 15.9399633072667 -0.0625563614732217
"375" 374 45.8593103901932 116.475735694668 8.81048213153207 -2.87133594793151
"376" 375 37.8517394418891 120.542874700085 8.98124780759919 -0.883791560612283
"377" 376 55.4077086124154 126.507786986752 18.5416350979113 -2.34410745955861
"378" 377 47.5393345946376 120.717188690363 9.7694594688643 -2.83468347007742
"379" 378 28.3626937857487 115.945656798675 19.7613529219671 -0.390569683196282
"380" 379 32.1515969768598 115.471462189391 3.81846145968323 2.77321872079751
"381" 380 39.4304838865617 94.7129151600851 21.9977150952575 -1.10904058765675
"382" 381 18.9888007724154 93.914098591239 20.4572851681214 -1.86898795201472
"383" 382 30.8419847724154 99.9298776899569 13.2923876373821 -2.71100168080803
"384" 383 20.2531403990821 102.779976312136 10.9657050534301 2.40901451816972
"385" 384 4.2072453324154 78.0096184400851 29.5134101316667 1.25890818992927
"386" 385 1.47854359908205 70.0975305200851 8.36940549879779 0.242713197629591
"387" 386 2.87482475917071 56.8664809923639 13.3045207611184 0.43724563247765
"388" 387 5.42714810783145 51.9979870932688 5.49696164454921 0.377719873006011
"389" 388 12.0875682666438 40.5724191832164 13.2251577971355 0.0449195428250634
"390" 389 11.9326592820497 28.9513249176514 11.6221266867409 -0.541110093817547
"391" 390 23.0084337665879 18.1332787388273 15.4823416691249 0.810498550185166
"392" 391 36.3837566803708 9.08177357484486 16.150201509008 0.178688589676247
"393" 392 49.1910199156053 3.08555928150372 14.1414489154492 0.157062209090796
"394" 393 64.842044810298 5.19327816327662 15.7923101267317 0.571740500169879
"395" 394 75.84230309415 2.64116782298427 11.2924288574461 -0.361835750257908
"396" 395 94.3347762413567 7.35860426963464 19.0846998857291 0.477744626801284
"397" 396 109.828973471119 18.6672219785664 19.1821527019661 0.38071418036158
"398" 397 121.381956111095 33.7624748095852 19.0088943895212 0.287063059774672
"399" 398 127.081422512146 50.6014989024604 17.7774196568887 0.326881501599966
"400" 399 127.502290653023 67.239616061178 16.6434393254284 0.301074353697065
"401" 400 125.003491014006 81.7233834879019 14.6977385507901 0.196132404555262
"402" 401 118.272677297471 99.0182872520826 18.5584899574013 0.200300903529609
"403" 402 105.097101765441 113.406382119057 19.509307125095 0.370293459691658
"404" 403 91.5277444176829 121.443878163598 15.7711382435505 0.294601136659389
"405" 404 75.7920625400131 126.401159064156 16.4980701320566 0.229566340411703
"406" 405 57.6163375591312 127.091752736961 18.1888399355641 0.267214990550307
"407" 406 40.7374272020539 122.383686983513 17.5232273848466 0.309995053903153
"408" 407 26.3361331037877 113.312912152639 17.0198774301453 0.290067372235296
"409" 408 16.8388549457511 104.852457492066 12.7191817926601 0.165640000703415
"410" 409 7.67618434045431 91.2591012675449 16.3931042230536 0.249970796220056
"411" 410 3.26375338025243 76.6534564550367 15.2576016256716 0.299713816399099
"412" 411 1.46559807329992 60.979264149596 15.7769980330815 0.17916497825663
"413" 412 5.22882662388436 44.6138959120955 16.7924735126462 0.340243029375356
"414" 413 12.7207497737834 29.2961278357983 17.0517720874759 0.22886819065565
"415" 414 27.0253343019237 21.5645502833781 16.2603330215527 0.620388959556392
"416" 415 31.8365909586009 14.1258728399308 8.85901307844573 -0.501163958165055
"417" 416 42.6321241613988 4.66106502019095 14.3570931667006 0.276870453852413
"418" 417 59.5179160314125 0.512677306207812 17.387900612292 0.478908757901315
"419" 418 77.9971731126743 1.54766778598071 18.5082183791036 0.296852095204907
"420" 419 94.8655792247647 7.85261924399583 18.0082075079763 0.301744563458086
"421" 420 108.553297402704 19.3687217814699 17.8878239753276 0.34175393971971
"422" 421 118.282758551122 33.0359538784511 16.7766399326962 0.252691796314259
"423" 422 121.20817555437 44.1839654197046 11.5254599026161 0.362026473922531
"424" 423 116.999650199348 60.8197970147854 17.159911961422 0.504410760736135
"425" 424 119.623254423179 73.70530319362 13.1498885397591 -0.448644254387904
"426" 425 117.860167153548 79.0772008619222 5.6538271355821 0.517991851236063
"427" 426 109.516199374077 93.4623911079434 16.6299578086981 0.208484209780132
"428" 427 102.153199581561 105.862760274226 14.4216129959403 0.0102151786494595
"429" 428 86.438340619253 113.939373540063 17.6688560481749 0.560225070460506
"430" 429 77.0411351276143 121.593036724308 12.119654747143 -0.208753718830589
"431" 430 68.5526612596014 126.484177835646 9.79680815260539 0.160754069328154
"432" 431 50.4498949413871 125.429919457235 18.1334389761105 0.580914650651063
"433" 432 34.9546008801727 119.209292554365 16.6973152664796 0.323586323270782
"434" 433 23.9196667803939 111.280491467807 13.5880704022558 0.241288441235415
"435" 434 19.9785735706698 107.595127504405 5.3957504788936 0.128832391382721
"436" 435 17.1183519666779 103.390279796085 5.0854313360915 0.221590362091401
"437" 436 11.0840519194555 92.6184025631018 12.3469071504719 0.0866939938214735
"438" 437 3.2193315957151 79.6673186871861 15.1520427445166 -0.0351100855661879
"439" 438 1.57880325011863 62.0014078154587 17.7419204197438 0.453144692084339
"440" 439 5.58785404014714 42.5931744629874 19.817971896766 0.29629797218679
"441" 440 13.9916919328546 25.8683220750406 18.7175099499244 0.261927016001327
"442" 441 25.9435982475407 13.5492917729975 17.1641070882725 0.304646750073494
"443" 442 42.5431650576746 4.84576138010235 18.7429202523019 0.31760715268555
"444" 443 57.7737787867541 4.88172449794235 15.230656187777 0.485277165957966
"445" 444 71.3163528625112 11.7050381310143 15.1643965106638 0.464355014521315
"446" 445 86.9602247749787 15.8300838778285 16.1785886537424 -0.208900146838193
"447" 446 95.2328021296685 11.2479196426845 9.45683695360974 -0.763647109693339
"448" 447 102.871687787673 25.3706904511029 16.0563143156575 1.58080415526901
"449" 448 111.179495355919 39.9090174014855 16.7446295004463 -0.02333289954091
"450" 449 111.728103487462 56.6475160675738 16.7474866316303 0.486392577602308
"451" 450 119.975027800045 68.2422238795811 14.2284577471801 -0.585483751396249
"452" 451 119.186312837647 75.6514545353832 7.45109187990513 0.724298195959578
"453" 452 115.210744998936 91.2376030428236 16.0851846410347 0.143694300960402
"454" 453 102.829970659125 103.978832203366 17.7657674693431 0.521305731577217
"455" 454 99.5233436101386 113.335720979642 9.9239684608874 -0.431359678458265
"456" 455 109.028950269497 104.889064903539 12.7162320217269 -2.63696703423186
"457" 456 108.418520392352 89.832311194464 15.0691226317477 -0.884836658185583
"458" 457 95.7073343510278 86.749524014167 13.0796722962072 -1.29234499143682
"459" 458 84.3712078822854 97.3683874764016 15.5328047868021 -0.990671669802744
"460" 459 77.8071697916402 109.276540677885 13.5974522880368 -0.314275195550186
"461" 460 71.3212625573582 116.356692224487 9.60185078901833 0.237841337156823
"462" 461 56.7680039179056 113.727848392391 14.7887848358258 1.00788293757319
"463" 462 42.7745461910528 114.828717033552 14.0366937317271 -0.257217544142669
"464" 463 38.317835815766 114.412103227944 4.47614057333018 0.171717782967254
"465" 464 32.1081283847579 103.501496215847 12.5539560199618 0.960164817084208
"466" 465 20.8206427132129 97.0046448054238 13.0236865377839 -0.531103976428244
"467" 466 16.5152401148476 97.4060605901022 4.3240751804518 -0.615236689085567
"468" 467 14.4759238668959 88.9700412281297 8.67901108622039 1.42657416053501
"469" 468 15.9640001671414 73.320882761364 15.7197497369804 0.331993574557533
"470" 469 15.4935284033518 58.3965004734637 14.9317959521256 -0.126318067285509
"471" 470 24.7651788453175 47.136274556279 14.5861643218511 0.720359498718685
"472" 471 31.8736439338528 34.6064433720557 14.4057955497105 -0.17280034041483
"473" 472 32.6669652844894 23.0202621642517 11.613309336509 -0.447681258781388
"474" 473 21.6486157609486 22.6714296084874 11.0238700271217 -1.60751229387064
"475" 474 21.123832953906 37.3999058027453 14.7378223628659 -1.56682957192318
"476" 475 31.9631086137772 46.8139489429796 14.3566745828157 -0.891268091852726
"477" 476 45.2967819810161 49.4656941032905 13.594800397926 -0.518829277676948
"478" 477 57.601223838259 53.5329298145452 12.9592320663369 0.122929266526751
"479" 478 65.4059938334681 68.3430823589788 16.7408199640135 0.766548643991519
"480" 479 73.3037391477892 83.034040906939 16.6792878777172 -0.00826318206072741
"481" 480 83.1529624709621 94.8372847207569 15.3728255242217 -0.202130037810006
"482" 481 91.6858691476413 106.04199450624 14.0838921371124 0.0445472984056266
"483" 482 102.639160609738 103.552888987348 11.2325526990893 -1.14339875723571
"484" 483 108.785840897299 87.9401687591545 16.7791153366719 -0.972283009299595
"485" 484 108.234832665451 71.1343097109742 16.8148894857762 -0.407835862882088
"486" 485 95.3244874633574 61.709150188334 15.9847003495356 -0.907412938116953
"487" 486 83.1742840354434 66.4305631173067 13.0353052662975 -1.00123761703484
"488" 487 81.8457680985095 79.8087176883501 13.4439567955798 -1.101186804063
"489" 488 91.6656320535536 89.902000485654 14.0820483496516 -0.870648817226823
"490" 489 103.292102016792 96.7635734427772 13.5002217482536 -0.265968993983799
"491" 490 106.783498366379 98.7278070365434 4.00600325521461 -0.0206991094070585
"492" 491 95.2782832044792 104.028549104656 12.6675902362795 2.19739579876175
"493" 492 87.4001394472264 109.912211920635 9.83273294623954 -0.209734471342946
"494" 493 73.6274754577265 115.193326816627 14.7504728030102 0.275314158085954
"495" 494 65.244835472821 118.025105059359 8.84802922308371 0.0403791362664785
"496" 495 50.50276223927 117.422031243042 14.7544034529121 0.366663813085626
"497" 496 44.2729819566418 119.879014999928 6.69678516539254 -0.416549259332255
"498" 497 48.1312573029417 119.652186440085 3.86493723667356 -2.82465149359429
"499" 498 38.88844610937 114.125094130249 10.7693225488636 -2.54393115713623
"500" 499 28.6475567052081 108.56802836161 11.6514718274241 -0.041767767703374
"501" 500 20.3041266555526 96.6369057494047 14.5590010571112 0.463369363083076
"502" 501 11.5497259088991 93.8230333828311 9.19551032452113 -0.649546624549202
"503" 502 7.91447466025256 80.5379969234655 13.7734253316834 0.992705651270247
"504" 503 4.06386903796425 64.6652865939474 16.3330982016025 0.0291016144327975
"505" 504 14.7642475639828 50.635362227086 17.6447408124894 0.889563799339516
"506" 505 19.3663092744218 40.1963119309596 11.4084505114299 -0.236349358965912
"507" 506 22.023427110153 27.497516884438 12.9738071061089 -0.208953454856353
"508" 507 28.3668117073594 16.66729955766 12.5511806414105 0.323581276180667
"509" 508 43.5998551495652 11.943946936149 15.9485319857115 0.740277113114961
"510" 509 58.0107894907872 5.2111562317203 15.9061465872992 -0.13639305339807
"511" 510 69.8539091921594 3.14191883385396 12.0225300028638 0.264090560488995
"512" 511 86.4949304728535 8.17765392008084 17.3862651861512 0.466823916451384
"513" 512 100.411212734485 15.1866282540883 15.5816761999527 0.172716239903728
"514" 513 107.754837795558 27.5292976089155 14.3621139056967 0.567511591411646
"515" 514 115.781847164113 39.0903283395395 14.0744559737598 -0.0701818788536192
"516" 515 123.3665349412 45.4364147334636 9.88940348024328 -0.267175100215201
"517" 516 120.097955252912 62.2606266324202 17.1387782294912 1.06596409195836
"518" 517 124.279990914369 66.3012839264371 5.81518130769723 -0.994478095034905
"519" 518 118.507558034732 77.8193613633347 12.883597680473 1.26716763290635
"520" 519 113.32108917884 90.9230209769493 14.0927411976026 -0.0876943652914525
"521" 520 101.117955560658 97.0406751504445 13.6507202260429 0.729211519520128
"522" 521 93.8096299961052 107.442708433534 12.7127463193438 -0.493635040750607
"523" 522 97.7573750462528 112.163700318233 6.1540600709096 -1.30889372782095
"524" 523 107.191870110693 110.612602315825 9.56115066997812 -1.03731157477783
"525" 524 116.902798208361 98.9020679367407 15.2131107917416 -0.715524996639686
"526" 525 112.961882102746 85.6558436980668 13.8200317051999 -0.981494992187803
"527" 526 100.600050529593 84.1471127063589 12.4535596938521 -1.16017638680673
"528" 527 91.147710070686 95.8808559804406 15.0674308152767 -1.01411573056605
"529" 528 82.1047950130591 104.055020498725 12.1898022261004 0.15768655838698
"530" 529 65.0167955088194 103.559699829855 17.0951767941109 0.76396062401623
"531" 530 57.5817492048022 112.454803491348 11.593221411307 -0.903548099347159
"532" 531 71.1094002198658 115.705017755825 13.912628606786 -2.03122784598448
"533" 532 85.1612634303352 105.55282802044 17.3355650646004 -0.861449469983227
"534" 533 98.6476411517373 97.7042549116059 15.6039252718361 0.0986029839499125
"535" 534 111.486296120333 95.7510315895905 12.9863829740349 0.376073010864139
"536" 535 113.331741270325 102.405736979017 6.90585053571894 1.45125819756519
"537" 536 102.650523890623 111.784505849696 14.2144190961879 1.1207513911509
"538" 537 92.6373495754708 118.481382176426 12.0462364413594 0.131078900985853
"539" 538 76.3413237072161 124.312958268131 17.3080252718839 0.245829280664268
"540" 539 63.7620360343294 124.441947862194 12.5799489932439 0.333399535036367
"541" 540 49.0516596916557 119.469137991101 15.5281682808093 0.336241292719996
"542" 541 38.7931840991826 108.998505807466 14.6584603491075 0.469644998331657
"543" 542 30.8690487864406 105.666458518725 8.5961886664409 -0.39758511827882
"544" 543 24.6147296907759 100.601383910793 8.0480735666563 0.282672221025076
"545" 544 13.8860112683956 94.5978539327177 12.2942169813443 -0.170554379863637
"546" 545 8.4646636308481 79.5384990236863 16.0054734538942 0.7150766817016
"547" 546 11.1587846628751 65.0989443335126 14.6887381277538 0.530012702973623
"548" 547 7.07210346049066 54.552887035976 11.3101851343312 -0.554149519666428
"549" 548 0.231137042587697 62.4052228321976 10.4143170197329 -2.05522687914787
"550" 549 4.00172398779695 69.5519347206502 8.08039706499203 -1.2021555998606
"551" 550 8.29249503917793 86.6301010654196 17.6089318788785 0.23933276462655
"552" 551 22.1782713453582 90.0974226774516 14.3121313153053 -1.07994882866111
"553" 552 35.5949753568119 85.1600149764665 14.2963611222123 -0.597322808548273
"554" 553 42.2853546589013 70.7121977773256 15.9217020769017 -0.784501487165341
"555" 554 31.3807353012312 65.2452416370569 12.1982922073254 -1.5397460353941
"556" 555 22.7418972963091 74.853159044565 12.920588182617 -1.30317954258692
"557" 556 34.1058976578376 85.3078806163438 15.4415578022503 -1.55938663898584
"558" 557 48.2628453696117 82.5580276937144 14.4215415129591 -0.935599534957942
"559" 558 63.5864332210747 79.5180826389185 15.6222152903384 -0.00398911224254393
"560" 559 76.0089785235804 72.18056750286 14.4277080704003 -0.337683784372819
"561" 560 89.1476087148466 63.9642475794199 15.4961774766286 -0.0253307896654621
"562" 561 90.6945931037197 49.2907753255338 14.754794091582 -0.906901855837123
"563" 562 79.9783437159251 43.188035546126 12.332130138649 -1.15815610750934
"564" 563 67.0820685551249 48.4104609480769 13.9135775450462 -0.902451056120842
"565" 564 64.3263759832646 65.443447005577 17.2544619036816 -1.02562891215495
"566" 565 66.1065990677829 81.9321980880033 16.5845743535632 -0.267945162878233
"567" 566 62.2731209040454 96.6138748575316 15.1738982333729 0.362953337424093
"568" 567 56.0722545549965 108.133548492077 13.0825694771791 0.238400402096868
"569" 568 52.6844147008513 109.678505066129 3.72348622839412 0.649134765900876
"570" 569 54.4063292613612 107.688713390585 2.63139899402595 2.71200566022782
"571" 570 56.7389913157127 106.021538122054 2.86719124507101 0.236914218680542
"572" 571 65.9873206443864 99.8257484450103 11.1319093193294 0.0302672706688092
"573" 572 79.4116211406084 95.701197132845 14.0436379666933 0.292172240875689
"574" 573 89.9152208507366 87.926736587541 13.0678170954866 -0.339090451569592
"575" 574 94.3606969177015 74.5825758769587 14.0651655707214 -0.61203876923481
"576" 575 105.934083071951 64.6536632985187 15.2488219894415 0.540151837269224
"577" 576 118.834120727247 59.1319014927492 14.0321354379052 0.304623106097795
"578" 577 124.374794244782 55.5955934379527 6.57301587449226 -0.163622598999552
"579" 578 117.437434709719 41.4138629647089 15.7876038883185 -1.45767987191478
"580" 579 103.661879647931 35.4944608134015 14.9935065641521 -0.70999783100373
"581" 580 95.4541185928886 43.8676287989371 11.7250707311584 -1.20122123834493
"582" 581 98.5918672927416 57.6804100209931 14.1646882066572 -0.998794737767672
"583" 582 109.904994099581 66.0714804611113 14.0853434916818 -0.709249350800656
"584" 583 120.662158921472 61.5147790956025 11.682470729249 -1.03885658394542
"585" 584 111.596513213827 49.5017300595151 15.0498929976262 -1.81658512154045
"586" 585 98.5614426782468 51.3820676228542 13.1699936681702 -1.06758988693788
"587" 586 94.7255690978828 65.3669875476092 14.5014451495822 -1.15982970924624
"588" 587 104.761668189217 69.9217775398482 11.0213155677747 -1.41245576397844
"589" 588 112.461580847982 64.0385392720423 9.69026044378543 -1.07848571611736
"590" 589 113.202914657687 59.9868087409116 4.11899212360352 -0.737388322498789
"591" 590 116.073121284031 68.1836097808578 8.68479322530888 2.62380816811393
"592" 591 109.998088640211 82.0817033127211 15.1678286331267 0.748904241249926
"593" 592 98.9693811099791 95.2398936635545 17.1688777471378 0.285496490759328
"594" 593 100.691356141683 107.687716735614 12.5663637239701 -0.835044779168496
"595" 594 113.184844028848 105.08100411635 12.7625307155815 -1.63902807354899
"596" 595 117.463304226031 92.5831934402532 13.2098634873505 -1.0352699281527
"597" 596 108.910965859399 87.5456799529045 9.92567547689228 -1.36831981084002
"598" 597 96.3914812419247 91.6003199929267 13.1596960808874 -0.845514392149248
"599" 598 83.2011998910387 99.0747033379838 15.1608023700726 -0.202336499938584
"600" 599 70.6498792394315 107.548698705883 15.1441159396855 -0.078308405340354
"601" 600 68.3923719255849 112.98520457714 5.88658945063114 -0.583362055389728
