"time" "x" "y" "speed" "angle"
"1" 0 26.3472970060085 79.5403243659901 NA NA
"2" 1 39.406163971071 81.4361511235685 13.1957631649689 NA
"3" 2 57.1791408937075 84.4058223742657 18.0193689131942 0.0213914498360121
"4" 3 73.367402990679 94.4048129956561 19.0273393612165 0.387750645214635
"5" 4 81.740497974664 112.921951265895 20.3222323904141 0.592819960248153
"6" 5 85.7297459932053 124.59956654574 12.3402106293817 0.0954806219458187
"7" 6 96.4240119930897 120.119704507931 11.5946750344325 -1.63830619582714
"8" 7 93.2755306357662 122.615946588725 4.01797951504735 2.8679280891191
"9" 8 83.8810490259961 126.292103282722 10.0881322728805 0.297367021448516
"10" 9 70.6864362427763 129.776681088483 13.6469809475761 0.11479667956447
"11" 10 57.4534290378038 130.385569287487 13.2470081348861 0.212215731940218
"12" 11 43.6174808307655 127.240353922524 14.1889338034908 0.269503854968606
"13" 12 31.2957744983004 122.166122220052 13.3256247250883 0.167124390310036
"14" 13 21.2446077386941 115.425468929664 12.1021634433942 0.200096291781646
"15" 14 11.7883084839783 106.19926292911 13.2115280251526 0.182338680053549
"16" 15 8.73367118657154 98.8472201109802 7.96136562521341 0.403932721986034
"17" 16 12.7891094282808 91.6685162683128 8.24502081216569 0.908011428506859
"18" 17 19.602801357595 86.0015883570382 8.86230611405325 0.362793830314286
"19" 18 26.2979665561035 85.7744096748472 6.69901837502783 0.65985312305464
"20" 19 34.0379043917001 92.249779951656 10.0914348791774 0.730592298442512
"21" 20 36.0963319495031 101.681133990242 9.65337055187802 0.659238787584275
"22" 21 40.9361986831604 111.913983874346 11.3196964071556 -0.226909610208116
"23" 22 48.7165606130949 119.22374367774 10.6755149826179 -0.374780575482546
"24" 23 61.3218551502048 125.45271785927 14.060354537545 -0.29526116731444
"25" 24 60.8922954606717 129.794030002312 4.36251219484693 1.21046127355612
"26" 25 56.3919052310554 129.811351547931 4.50042356392909 1.46832150538117
"27" 26 55.8756469878126 129.827119035448 0.516498971324033 -0.0266834902121122
"28" 27 57.8178733965712 129.915356951801 1.94422975822345 -3.06566017843425
"29" 28 63.4026008632284 127.193395890576 6.21274922201581 -0.498911920973921
"30" 29 71.2573450909734 118.971507002014 11.3708602919553 -0.354719540013513
"31" 30 83.1012661658909 119.625722286853 11.8619755550158 0.863411658389103
"32" 31 89.5948474008884 123.290548141666 7.4563761842882 0.458633627064164
"33" 32 91.5149168694032 120.758277921024 3.17790170305404 -1.43585614733538
"34" 33 100.036165825298 116.565541921794 9.49687943103316 0.464788468252024
"35" 34 109.463443315075 108.877964976922 12.1643906609654 -0.226843778140381
"36" 35 116.167097241635 100.218284340156 10.9512120195828 -0.227937165514636
"37" 36 121.969098821876 89.1819325457865 12.4685317205438 -0.174752449311432
"38" 37 125.371892037527 79.1949520253248 10.5507716108616 -0.155622806026963
"39" 38 126.329717727245 65.8539051064271 13.3753864596172 -0.25671396500951
"40" 39 125.453559303281 53.1056358379349 12.7783419474463 -0.14029214489149
"41" 40 122.752276504435 42.5006891571647 10.9435745011089 -0.180795511025748
"42" 41 118.955450381422 34.8817401039904 8.51259497939744 -0.212903385330502
"43" 42 115.809784111075 29.9905205380363 5.81543163718464 -0.109208459069578
"44" 43 111.5944321843 23.7006859903549 7.57173761456209 -0.0189072401877534
"45" 44 109.447111563647 22.553318927346 2.43463283169327 -0.489632942679178
"46" 45 104.929475562906 22.1890605657526 4.5322973412148 -0.410272807733789
"47" 46 102.820042103234 26.3699769348806 4.68292336115216 -1.18398072698754
"48" 47 95.921530817608 32.9923539424298 9.56270543246137 0.338546266681284
"49" 48 90.3438146725422 39.5160709648194 8.5831113929124 -0.0984339288396446
"50" 49 86.5358142690997 50.0425799039171 11.1941170941492 -0.360277243362992
"51" 50 84.3334723651857 60.4731748115097 10.6605637743992 -0.139020755743705
"52" 51 86.8731373897275 66.9345933151747 6.94260956099254 -0.582587465605001
"53" 52 94.2566448930247 76.3579895874678 11.97149031474 -0.290115583432977
"54" 53 104.143173916391 83.2601303739699 12.0574874483267 -0.296705674554682
"55" 54 116.316650614113 86.8491784640554 12.6915247745472 -0.322771225804017
"56" 55 118.661559558378 84.6993337699531 3.18126235410559 -1.02872973615677
"57" 56 108.970746071988 74.7834659238488 13.8649306225958 -1.60268937099122
"58" 57 103.677728892109 62.3788495080608 13.4866800692139 0.370612760207428
"59" 58 111.289744620593 52.6771649593262 12.3314827386589 1.06859208332735
"60" 59 119.831234794042 51.9947384118939 8.56870820927861 0.825785558257994
"61" 60 116.155916792963 46.4410981254107 6.6596458494956 -2.07568582716575
"62" 61 113.094274075171 33.7185538168063 13.0857475833751 0.348458942661926
"63" 62 107.992931819807 27.6064308815851 7.9612649485883 -0.459344512983289
"64" 63 99.5845282330311 15.4729944697603 14.7621654928369 0.0894924762653767
"65" 64 97.1893091707991 14.0424820192417 2.78988175863569 -0.426402493108693
"66" 65 88.9966560552105 9.77850181315476 9.2358590434385 -0.0585007146580594
"67" 66 86.1746120367638 8.82889833345637 2.97752904447738 -0.155291105012397
"68" 67 77.1849191072097 3.79522563835513 10.3030306108971 0.185848013235501
"69" 68 70.2296672138848 4.20999860353178 6.96760830645934 -0.570005250524712
"70" 69 60.3963353251793 3.37648955532995 9.86859429538297 0.144125467446221
"71" 70 57.6399518006748 1.64366487314607 3.25581503057923 0.47666450741442
"72" 71 55.0582790564913 8.14608906623098 6.99618142595486 -1.75407690272928
"73" 72 44.6629202324176 7.86204256615646 10.3992387940393 1.22016844573706
"74" 73 41.9580026577048 9.12449967613522 2.98502546731616 -0.463993972742604
"75" 74 32.2404730213596 9.29819420652017 9.71908185083001 0.418803965323128
"76" 75 29.9218244260185 18.6365506813187 9.62190381156911 -1.30955244364351
"77" 76 18.3918656401934 24.0420484377606 12.7341806017397 0.889029344395472
"78" 77 19.8518290144056 28.6698046980129 4.85258910874864 -1.43799798602275
"79" 78 28.0141061625989 35.962574439125 10.9456502201011 -0.536002129572327
"80" 79 43.7933452605173 35.0792002438592 15.8039468639368 -0.785121935072349
"81" 80 56.939508536704 40.1505348501045 14.0904238251609 0.424100186978123
"82" 81 70.0352848145372 45.1334965813775 14.011754491654 -0.00459013797259719
"83" 82 79.5612354665714 54.3997563501736 13.2893681538214 0.407994866898118
"84" 83 86.5779647028387 66.0975468350588 13.6408500982659 0.258919124488408
"85" 84 90.1359319476433 79.6014436694096 13.9647542272642 0.282675030104398
"86" 85 82.8090533611395 92.4704083799499 14.8085584221591 0.77519608729474
"87" 86 65.1153056244023 93.740464545735 17.7392714516562 0.981565397529567
"88" 87 59.9566910075474 77.3618001105233 17.171836053448 1.33732946327005
"89" 88 70.8386773825736 61.8694691592412 18.9322461892483 0.917466275084828
"90" 89 91.0273780261247 58.1022466541008 20.5371760249105 0.773975057739066
"91" 90 107.963688561022 70.4317968043452 20.9489002442101 0.813747458308874
"92" 91 120.229243979039 81.0894787767288 16.2490010381226 0.0861026556722231
"93" 92 108.642016077333 90.7035047053538 15.0563390305329 1.73362599852439
"94" 93 89.2887273133051 101.001599401593 21.9226034119249 0.203590367231418
"95" 94 70.7641854894112 106.427371924239 19.3027888465034 0.2040779714548
"96" 95 52.5830615801922 95.8267496882697 21.0458180737195 0.812794966351347
"97" 96 37.282013366429 82.9764122786768 19.9813224782618 0.170694506288654
"98" 97 19.9926000167003 83.2627159453632 17.2917837069325 -0.715120335902917
"99" 98 16.0689126591762 80.7015962272354 4.68557965359429 0.594851962613966
"100" 99 28.0771536983762 70.5356674969291 15.7335297948425 1.86079381838526
"101" 100 47.1669661985491 68.9921769973912 19.1521096543937 0.621826194831474
"102" 101 66.8374793122941 74.3747378784854 20.393652144643 0.347776328813412
"103" 102 66.8569853663577 96.0271850131084 21.652455920837 1.3027977703465
"104" 103 50.7003321001743 110.801120027535 21.8930719766359 0.830973200652149
"105" 104 38.8336794907429 93.7320342795146 20.7887260895463 1.70401425021499
"106" 105 45.3236506372284 72.1020907038575 22.5826080107751 0.89900477609599
"107" 106 64.7600564155073 73.1877159091959 19.466701098655 1.335094891358
"108" 107 82.038546642904 81.959689370964 19.3776609257208 0.413976807744003
"109" 108 103.404604746874 86.2157757091283 21.78583736789 -0.27314932458128
"110" 109 119.622804737345 88.4431887782886 16.370442263774 -0.0601382909381445
"111" 110 111.001519096907 82.0449197123565 10.7361265423841 -2.63962231555127
"112" 111 106.418473691698 64.9594465359615 17.6894798919447 0.67026675456555
"113" 112 120.78800656615 55.5041098380251 17.2013623617809 1.25088158208475
"114" 113 118.02213474536 51.5981630635023 4.78607011382444 -1.60496244366001
"115" 114 106.697051026057 39.7697527694481 16.3758606287948 -0.14750926310596
"116" 115 106.026726651738 21.1666197513456 18.6152059579265 0.727645606210418
"117" 116 97.1394788894189 16.2986008759742 10.13315254794 -1.03366240872228
"118" 117 89.4908368293703 9.35650813715598 10.3292970214385 0.235894816370327
"119" 118 77.4365257408448 5.94214699290992 12.5285385357705 -0.460993290220766
"120" 119 70.8314720196369 5.98070290533369 6.6051662521412 -0.281855420193683
"121" 120 57.0885470674493 15.4754096088983 16.7038151818132 -0.59874136931442
"122" 121 61.6170946717584 30.6432072167722 15.8293975778587 -1.2563558828022
"123" 122 69.5485166869624 45.2751401749603 16.6433445339623 -0.206590541138525
"124" 123 78.8952605785848 59.8722671824104 17.3331398842567 -0.072807138945787
"125" 124 76.8604324744686 79.2510109961896 19.4852825797674 0.674155594513282
"126" 125 67.4894268425028 95.3741391959016 18.6486195065126 0.421872830518801
"127" 126 53.5763620073307 109.300190472291 19.6852299265298 0.258439130872811
"128" 127 35.2067704304221 101.913798495487 19.7990070745336 1.16817908061126
"129" 128 20.5435523470859 102.792551575776 14.689525912554 -0.442171918590254
"130" 129 18.1372479646066 88.043721311049 14.9438380263861 1.46892653186308
"131" 130 20.2680233396548 69.6521117167794 18.5146295444155 0.277068891672631
"132" 131 29.7433425202017 50.2514640840024 21.5908962793214 0.338984790024296
"133" 132 45.3360642069772 36.1961381806448 20.9925023722955 0.382880230997677
"134" 133 64.7272090534574 26.7486774512152 21.5701416938158 0.280230460679622
"135" 134 86.2805307824411 33.2722321637566 22.5189352243974 0.747264223709666
"136" 135 104.293951182572 47.0727839543421 22.6922573631729 0.359837197977358
"137" 136 119.001895379591 61.8201260770186 20.8280513295387 0.132993522668505
"138" 137 110.949573440506 79.1997654995763 19.1544186826118 1.21793547973373
"139" 138 88.1490579405213 82.8561588439601 23.0918323082837 0.977910814054173
"140" 139 72.3551467453191 68.9215009747668 21.0623436676312 0.881949197242571
"141" 140 56.7480953092016 54.0444502717955 21.5616950202992 0.0385172566323614
"142" 141 50.4623723552973 33.1813276958184 21.7894515000604 0.51670625131531
"143" 142 59.0428276622251 14.2150177706708 20.8169432302377 0.717486475282583
"144" 143 80.2029838079171 14.5344351661902 21.1625668476824 1.16103820232132
"145" 144 96.3020854287639 31.020148024559 23.0425649927897 0.782168291628264
"146" 145 99.7159325821678 52.7411016670228 21.9875914898577 0.617640841246421
"147" 146 90.338780725715 73.1079386699539 22.4218426192616 0.587372481372884
"148" 147 73.6913273012465 87.5242615520374 22.0219906221108 0.425619856809801
"149" 148 56.9761573680012 100.621979190948 21.2355153750947 0.0490471932939285
"150" 149 37.882314926788 101.032414764128 19.0982532324192 0.643157513508761
"151" 150 23.7741965694663 84.4016084649564 21.8087762550944 0.888775240710676
"152" 151 18.4750539752424 66.287441208706 18.8733666212823 0.418913469598856
"153" 152 28.7615119504112 49.1689999783585 19.9712855828506 0.825680438777636
"154" 153 49.1122430705187 45.8851322459237 20.6139769187568 0.869731332402845
"155" 154 69.6126746355624 47.4372944323967 20.5591075148255 0.235554018345803
"156" 155 90.6579318453484 53.225293057657 21.8266758603334 0.192821182467638
"157" 156 107.429946245582 66.8152344934288 21.5867314633166 0.412584132972088
"158" 157 115.646686851323 87.3540172503921 22.121401929348 0.509263660872448
"159" 158 106.201752034178 104.196998828019 19.3104329864556 0.891627506809563
"160" 159 85.8122657964117 107.774750374655 20.701001308379 0.886024654203003
"161" 160 64.1274657582971 101.687973951656 22.5228639368218 0.447353476727832
"162" 161 44.0099329759537 93.614465863524 21.6770998544039 0.107989800749589
"163" 162 31.5685008717935 75.1367473443856 22.2758908794899 0.596559942525692
"164" 163 29.8829693051497 53.143646956704 22.057594640504 0.516105584977339
"165" 164 31.3437873282156 31.8588217648173 21.3348956581861 0.145014030384956
"166" 165 42.1777023647552 13.0368773494257 21.7172582660669 0.453760786635808
"167" 166 61.531175108976 16.7263017004912 19.7019988656871 1.23688460261906
"168" 167 80.5696049151868 27.9731274507456 22.1122793701283 0.345211826904274
"169" 168 94.6518347426429 46.411170827867 23.200660345988 0.384961838403513
"170" 169 96.225089515104 69.0198484309616 22.6633500069991 0.582774822694113
"171" 170 99.246215536908 90.8318745611554 22.020256273347 -0.0681573585092153
"172" 171 88.6090918455861 109.923148058845 21.8546362172436 0.645964580171344
"173" 172 67.4722348905728 116.379069054672 22.1008062712892 0.766028537283232
"174" 173 46.8483301498776 113.355975786266 20.8442927359686 0.441980397948118
"175" 174 35.0650808860254 96.8205242472183 20.3043374876962 0.80611497909324
"176" 175 29.569060202307 76.361882272021 21.1840098854104 0.356691534007881
"177" 176 32.955237422263 57.3652949179604 19.2960236127914 0.43884347036816
"178" 177 46.4253987278564 43.0552972098828 19.6525133253712 0.578776693905106
"179" 178 68.0936846567229 40.5859618742142 21.8085357622902 0.702149200973829
"180" 179 86.1519880322858 52.2806477950517 21.5143672830717 0.688162495184744
"181" 180 95.6254626302688 71.514214502374 21.4400748423051 0.538436023445489
"182" 181 97.2989921805795 93.6124754263435 22.1615395904617 0.382082088666321
"183" 182 91.4397713769835 115.996782353821 23.1384456057186 0.331598916467139
"184" 183 74.3551550191212 116.548811195579 17.0935324593095 1.28248418719503
"185" 184 57.2280340153904 104.290567095911 21.0618807869451 0.653499603529802
"186" 185 45.4179514315855 86.6433481829443 21.2344622253182 0.359820480973284
"187" 186 40.2930273738484 64.3495570437347 22.8752698335183 0.363820882002362
"188" 187 47.4660153967634 45.1926646687731 20.455764044463 0.584229763366792
"189" 188 65.4773998410046 34.4104863014384 20.9920303911573 0.67310965205937
"190" 189 84.852206992844 31.0106902490618 19.6708354008853 0.365705887556536
"191" 190 104.083064613182 40.3799456061425 21.3917935377077 0.627061100532774
"192" 191 109.596227263901 61.8555535846395 22.1719800752968 0.86615095046662
"193" 192 103.376619689871 82.1878526322411 21.2623117966045 0.548149768807508
"194" 193 89.4289840649679 98.0851049213262 21.1485027807618 0.423306979304248
"195" 194 69.233808233602 107.657127577289 22.3487973856773 0.408018187553149
"196" 195 47.7345656466668 102.488061729289 22.1119124806711 0.678563921863874
"197" 196 35.2555746478974 84.9623749662506 21.5145279488884 0.716083758364737
"198" 197 37.3457953854174 65.9533479379939 19.1236014205628 0.72828030422522
"199" 198 48.1022429265566 48.0330981940144 20.9006343107542 0.431076434727761
"200" 199 62.093430966179 32.7253377302202 20.7383912871026 0.199896724656399
"201" 200 81.0458235450307 27.7140929105215 19.6037179918981 0.571807310069854
"202" 201 101.353969187964 29.5968095765551 20.3952298712015 0.350939697475913
"203" 202 119.449106668303 40.9951291522109 21.3858759367283 0.469679541171075
"204" 203 120.435176303705 50.6816884272157 9.73661973757041 0.907225304611333
"205" 204 119.126486198711 69.0798175636495 18.4446150816927 0.172460342109522
"206" 205 112.951504882988 89.3327957053294 21.1734153564531 0.224927179810605
"207" 206 98.3979454700323 105.17952627482 21.5156910492891 0.446946405270054
"208" 207 77.567348782354 112.910730014127 22.2190294482768 0.472522637283902
"209" 208 56.3682993638682 105.701530755071 22.391343197856 0.683190896388659
"210" 209 44.5830400017026 87.6520243092145 21.5563684597507 0.664553649304668
"211" 210 47.4185365191046 67.387368835373 20.4620698360086 0.717460465837119
"212" 211 66.5132893763521 58.1225821760587 21.2237098199624 0.980037462736088
"213" 212 88.2909369087551 58.5255087159564 21.7813746545559 0.470237923708392
"214" 213 103.723229852441 72.6151933167448 20.8967671578508 0.721451483735478
"215" 214 109.14589697044 92.2136619905457 20.3348295549922 0.560909976248751
"216" 215 95.0307097928074 106.821294315375 20.3130852210344 1.03819024533642
"217" 216 73.0818744792206 104.643748949962 22.0565880281014 0.901427696521276
"218" 217 56.8705148437151 91.1551824637016 21.0890873933884 0.595090470264203
"219" 218 49.7432464351481 71.7963917122449 20.6291234502691 0.524052677868986
"220" 219 51.7453871481632 51.6744351124033 20.2213180787164 0.451940576939825
"221" 220 60.9300172537155 34.9576900053779 19.0737253086301 0.403229259610793
"222" 221 80.2208056041156 37.9182124996647 19.5166392757337 1.2206732807084
"223" 222 96.8484137107944 51.7391587532645 21.6216536530901 0.541200637628771
"224" 223 102.320727761921 71.7605350479495 20.7557637731674 0.610508619797784
"225" 224 93.0787749875263 90.6001686768309 20.9844105553292 0.722873344523984
"226" 225 73.2768738389535 96.0090635898281 20.5273338083078 0.848084230507966
"227" 226 52.2704119251946 91.4348204588789 21.498724202967 0.481052810247
"228" 227 38.928924777955 76.479770872652 20.0411772964181 0.627952717887975
"229" 228 48.3289516912938 58.3601495523818 20.4127700903499 1.20699196176932
"230" 229 67.3685735654895 55.2398576795225 19.293610923935 0.929800766737644
"231" 230 82.8472430616835 69.9942586754536 21.3841426791241 0.923886706371093
"232" 231 90.5128852431227 91.1862483921388 22.5358048049311 0.462269184390938
"233" 232 90.2243685937183 112.400310772373 21.2160242394622 0.360679981426739
"234" 233 76.8585779340365 121.592044442372 16.2213540685924 0.954769733341172
"235" 234 59.8827562564006 113.769192556147 18.6915899073543 1.03424510951027
"236" 235 46.0598770911901 97.8715536884512 21.0667251841307 0.42327616360772
"237" 236 46.0607918852017 78.3874686815764 19.48408502835 0.715749181805639
"238" 237 63.9063735614653 67.4913383726891 20.9090994801891 1.02258777999453
"239" 238 84.2525333370466 71.2581446009766 20.6919077606428 0.731224839050171
"240" 239 95.6848979487405 86.4569053313778 19.0184460026233 0.742831478800052
"241" 240 91.6014832389458 107.003689925848 20.9486188772372 0.84108283959244
"242" 241 74.3898261530665 115.976727278943 19.4102173862615 0.894045610812416
"243" 242 57.0101525300374 105.442927896894 20.3227455001599 1.02546133223143
"244" 243 50.0757686627566 85.784738479314 20.8453853597445 0.68678379204202
"245" 244 60.5618868013742 68.0107420416343 20.6367057202378 0.87213226722969
"246" 245 80.0601904509394 62.2651366887472 20.3272188476873 0.751223104145075
"247" 246 101.207640580886 66.5478025822136 21.5767438264821 0.486373841717935
"248" 247 114.373994022689 82.9068813633084 20.9993409782438 0.69330216938676
"249" 248 109.23764726901 99.0429889665464 16.9338721666753 0.985854637486689
"250" 249 89.9230249978694 108.876067741712 21.6735800382741 0.791722377354623
"251" 250 70.3441652845332 108.164677326593 19.5917795005259 0.507219909188293
"252" 251 58.9076874166363 94.0351410959093 18.1779212265075 0.854029922928468
"253" 252 54.5181585102922 74.7774048521711 19.7516675056314 0.456340676954577
"254" 253 54.6888960633642 55.1491460505714 19.6290013728311 0.232805423507124
"255" 254 71.3468199392555 42.4239768748986 20.9622603362443 0.909753203447387
"256" 255 91.8470551683038 40.2917194730738 20.6108264286989 0.548706083353023
"257" 256 108.672762335297 50.8597445711482 19.8692620935686 0.664455533753521
"258" 257 114.463790480644 70.8672186612971 20.8287067877048 0.728235716527913
"259" 258 103.282080225862 86.0958697965883 18.892920886467 0.915091571607723
"260" 259 83.1088076142266 82.3974303152743 20.5094949343054 1.11876860306627
"261" 260 66.0672411027837 71.6125515871468 20.1675134397959 0.382909452465844
"262" 261 56.1745813596769 51.8673345668215 22.0847982099142 0.542107126517391
"263" 262 54.9514179888206 31.737821704649 20.1666411853876 0.403769622195652
"264" 263 68.965955433096 19.9018786288654 18.3438493307753 0.930166283118249
"265" 264 88.3479780644226 15.8185925432044 19.8074740070158 0.493682566578005
"266" 265 105.290070299038 23.0896885544616 18.4364672996522 0.61303780402247
"267" 266 114.143078171956 41.0760296516384 20.0470500189414 0.708002040902433
"268" 267 106.924733053291 59.9005099519653 20.1609911668439 0.82355679121835
"269" 268 89.2748360436126 68.5186959241397 19.641588375262 0.750401511583862
"270" 269 72.2089114662235 57.8253735517835 20.1393377507869 1.01397326333508
"271" 270 63.464697838054 39.412791624521 20.3834355593757 0.567684882020065
"272" 271 71.8591002390853 21.6951219021758 19.6056576543748 0.885828429503213
"273" 272 90.5821213298802 15.1873336330241 19.8217765834059 0.793818889670349
"274" 273 107.504946497686 23.7944357914481 18.9858952705865 0.805030338890276
"275" 274 106.627070482834 42.9410851022635 19.1667641016631 1.14610323851407
"276" 275 96.0959944511568 56.7329342519399 17.3527711145046 0.606313015228931
"277" 276 79.4415482062059 54.2656671425202 16.8362105806261 1.06574022066638
"278" 277 83.340912169848 36.887178242238 17.8105843749772 1.6444444625244
"279" 278 99.7812089854385 36.0301533015331 16.4626198137995 1.29799087266404
"280" 279 105.598006959001 53.0162463325071 17.9544561355153 1.29295044099089
"281" 280 103.443617548555 72.771079187689 19.871960518983 0.438555307140129
"282" 281 98.3422887018293 90.1916492920338 18.1521298684983 0.176242213191273
"283" 282 78.873408989027 95.7343906634707 20.2425111876517 1.00856771927212
"284" 283 61.0069544923574 90.4898887845842 18.6202845370099 0.562878176636454
"285" 284 48.4989847583804 73.9052809622475 20.7725425378502 0.639099252929271
"286" 285 42.828335616712 55.1761185762012 19.5687962167017 0.352181109045413
"287" 286 57.7041074761134 42.399917983279 19.6091787182315 1.1551783457641
"288" 287 76.2174502368392 47.5374781153615 19.2129743737632 0.980309472728147
"289" 288 90.5439269108186 62.301000272232 20.5720567850296 0.529726597282781
"290" 289 97.8804141771551 81.9342582914506 20.9592191137534 0.412765542501416
"291" 290 102.159690971105 101.310776573106 19.8434289022476 0.140250264942786
"292" 291 101.411909108084 115.03470624786 13.7442869379337 0.271793196181183
"293" 292 107.467161251249 110.251361440401 7.71663567005325 -2.29381256121507
"294" 293 114.501396048987 100.942925834153 11.6673661391674 -0.25508482817076
"295" 294 120.609003697571 91.0909915254551 11.5915262503231 -0.0921765338298936
"296" 295 124.242924453122 78.3608103872833 13.2386892050645 -0.276890469547184
"297" 296 125.969686371496 64.9904083207755 13.4814449575267 -0.149624716260099
"298" 297 125.678394045009 56.3587575828216 8.63656446056474 -0.162171361891126
"299" 298 124.325257958859 50.1045764256478 6.39888734190473 -0.1793386756882
"300" 299 120.781095667157 42.4758399689748 8.41181943905696 -0.221839833532783
"301" 300 115.960589555822 33.3708210506222 10.3023613153961 -0.0520038505217094
"302" 301 111.43494774927 39.8368388096123 7.89245332078642 -2.04400936120769
"303" 302 114.300196139575 53.5497647355293 14.0090679842676 -0.816648350034121
"304" 303 120.243427850181 70.4513032361124 17.9160265363907 -0.132152148436236
"305" 304 115.335851799488 89.9872138000514 20.1428921522099 0.58424899861685
"306" 305 101.611766944734 107.656712396359 22.3732359247696 0.414262586352407
"307" 306 85.9541408241596 115.762393531187 17.6313165246161 0.432725067277643
"308" 307 67.2083173898569 103.880680364437 22.1941659903446 1.04261905667137
"309" 308 49.4918881465025 89.0838027200024 23.0828822541546 0.130917142216587
"310" 309 33.26219909832 76.5338353975231 20.5159568725417 -0.0376130494168456
"311" 310 16.2550498992397 62.7517818503585 21.8903660055443 0.0228014316653456
"312" 311 9.37429522874995 46.0604791609441 18.0539294976223 0.498755298238575
"313" 312 28.6036254062921 43.3119950743101 19.4247600719137 1.81983592866949
"314" 313 49.5620265702562 47.9624734855343 21.4681514994402 0.360323473929435
"315" 314 70.2778263599536 50.9596261185111 20.9314902678282 -0.0746706311275976
"316" 315 91.2462381953411 61.0114758042256 23.2532573417707 0.303333875637877
"317" 316 108.325289411151 74.2335074585208 21.5989840385943 0.211772776373345
"318" 317 118.692867264653 90.3711107968246 19.1809518025787 0.340958891437494
"319" 318 109.921766901653 104.302205049929 16.4623081208766 1.1329528573883
"320" 319 92.971502696179 112.207675428868 18.703152636592 0.57248997247553
"321" 320 74.197189598761 110.469850502962 18.8545715345902 0.528702676026083
"322" 321 56.7311562155616 97.2686428628522 21.8937024118888 0.554915664881008
"323" 322 56.3278671552057 78.2576595513119 19.0152604120444 0.902369412123611
"324" 323 72.2509018784072 64.8174944672094 20.8370120766921 0.890964982912986
"325" 324 92.6157596583068 64.5820125155295 20.366219191227 0.689479002836052
"326" 325 109.476533155168 75.6250327506902 20.1552469304302 0.591412130243616
"327" 326 118.113695139728 92.2445273717723 18.7298736943874 0.511663213022725
"328" 327 120.537342817271 90.7399107700385 2.85270734269622 -1.64709089621293
"329" 328 123.827252547876 79.9383788243954 11.2914391646183 -0.719566590191653
"330" 329 120.720824925779 64.2639034347942 15.9793326303242 -0.491300184318869
"331" 330 125.943726004945 58.63133249346 7.68144199300631 0.943326143310593
"332" 331 126.014672645286 70.4546110374005 11.8234914028547 2.38791463048978
"333" 332 122.137216630421 89.1499377490408 19.0931900425829 0.210503551786927
"334" 333 112.541125650206 105.714546499143 19.1434381745946 0.320566438432287
"335" 334 98.6478569639473 113.898919901719 16.1247289211746 0.513368691218143
"336" 335 82.5243039529258 125.521003375354 19.8756581266476 -0.0922008038687377
"337" 336 61.0361178668681 129.165601745879 21.7950737220931 0.456548461742037
"338" 337 42.2909052763869 126.543845076759 18.9276676612415 0.306971815851642
"339" 338 32.392136064243 119.742598744552 12.0101033961683 0.463040779082253
"340" 339 20.6212221296578 103.172766231283 20.3252002295968 0.351134291015685
"341" 340 12.6023369211051 82.6740589537988 22.0113498004079 0.244771564828997
"342" 341 0.49984252047853 65.333402572664 21.1463645680715 -0.236444259353299
"343" 342 12.4662639454895 61.2182387180726 12.654240999408 1.84890535964025
"344" 343 33.547629051133 65.9507672477571 21.6060357539675 0.552051346591597
"345" 344 51.3717347999814 80.1335516326726 22.7782817318412 0.451290674267683
"346" 345 63.0844757551988 101.322579326719 24.2108074070881 0.393707542362468
"347" 346 65.6416328453935 123.368750894363 22.1939796605727 0.389495407180691
"348" 347 55.8407544113709 129.879858859739 11.7665519594856 1.09988172542818
"349" 348 39.2453725392486 126.178426909686 17.0031555295611 0.805837553979269
"350" 349 25.8163753399983 117.447475332823 16.0177239711203 0.357037333587128
"351" 350 9.77438701197807 102.436713028587 21.96971493831 0.1757161944933
"352" 351 1.24593380289903 81.8812648953633 22.2544593755296 0.425310051483652
"353" 352 17.0953766777819 65.780565923681 22.5928605276292 1.17081907826309
"354" 353 39.1749205266815 58.1656403578403 23.3557990218441 0.461150333960046
"355" 354 60.4070432758394 55.1064539300184 21.4513789308631 0.189013554988496
"356" 355 81.1212901382443 61.36582398568 21.6393099836932 0.436551009413136
"357" 356 94.5223634158399 78.2950665793744 21.5913876299706 0.607749654824876
"358" 357 95.0618081698359 98.4209270190498 20.1330886621975 0.64279663435442
"359" 358 83.2246257087373 116.550212576952 21.6515561440118 0.605230448319505
"360" 359 62.5904961218836 120.703225008821 21.0479171431839 0.793747486819742
"361" 360 53.0400475471224 102.123801356382 20.8903339187282 1.29460048573332
"362" 361 61.4020704717571 84.3392562478415 19.6523146756263 0.914323625635838
"363" 362 82.0162225039945 80.4016693718222 20.9868495590547 0.942543868625254
"364" 363 101.270892652134 88.6545897469666 20.948818993732 0.593672314437835
"365" 364 98.8388439262901 101.097926904128 12.6787815113149 1.35888086241224
"366" 365 85.6833106080466 114.253517295002 18.6047739953992 0.592379355671002
"367" 366 74.6783374479877 125.139747216837 15.479645866901 0.00542636046149348
"368" 367 82.2723074079349 122.646048959899 7.99292879670745 -2.67890349018893
"369" 368 92.1918477783883 121.372964163114 10.0009012624292 0.189641472378691
"370" 369 98.2152258298596 110.326688757809 12.5817837956628 -0.943936265368294
"371" 370 113.881048698932 102.445041558837 17.5367719017564 0.6054463221005
"372" 371 121.356371032058 86.731714682605 17.4008357702562 -0.660618157498476
"373" 372 125.262766030027 70.2885633743253 16.9008031414823 -0.210799084387747
"374" 373 125.280031911897 53.0160588281392 17.2725131758148 -0.232246189095872
"375" 374 120.229827471356 37.7282851818511 16.1003288150086 -0.320056191156241
"376" 375 113.085102833524 25.6031749433473 14.0735705649392 -0.213421224063976
"377" 376 104.690299167393 16.7934670318225 12.1689638868416 -0.228809023745009
"378" 377 94.4593768511163 9.42105918144059 12.6104785378696 -0.185091074289313
"379" 378 81.749447733553 3.35218255605084 14.0845149603274 -0.178939632849894
"380" 379 67.0577329108833 0.435845038724288 14.9783680334547 -0.24952385622996
"381" 380 55.361489014323 1.17262156475848 11.7194266471164 -0.258864394420301
"382" 381 43.4919431346123 3.32745862838847 12.0635584369351 -0.11667799125482
"383" 382 35.0223252491021 10.9401769544939 11.3880598628202 -0.552579022412032
"384" 383 24.5518365365026 13.8910283546917 10.87835731472 0.457465721790943
"385" 384 29.9709727071215 10.2754502094399 6.5145561752227 2.82793053121493
"386" 385 40.3434238872649 3.57681247066943 12.347448766435 0.0149384644939421
"387" 386 54.0589819650313 1.6163622243664 13.8549593486525 0.43144983844492
"388" 387 69.5650879695585 3.67424624215888 15.6420654024435 0.273917955162797
"389" 388 88.7708318461493 8.97326756870659 19.9233587748756 0.137266927515424
"390" 389 106.172866632903 22.2647970567111 21.8973873064771 0.383059196982217
"391" 390 115.045581198021 32.2105862515006 13.3283077118308 0.190089279493982
"392" 391 112.142232721469 52.5727162327084 20.5680764717534 0.8700685593037
"393" 392 99.4310354889289 68.7371172910091 20.5636182773878 0.524743399390917
"394" 393 80.0004894970668 63.2621166272093 20.1871679492314 1.17907382560694
"395" 394 66.1376424551468 45.93461928069 22.1905541256027 0.621373578269422
"396" 395 52.4063009262276 30.9406438812872 20.3314790033022 -0.0667001780044511
"397" 396 38.6075186946255 15.8001770581696 20.4851196407808 0.00240177151502767
"398" 397 50.0725128738109 6.92239555638879 14.500382612956 1.65096916391563
"399" 398 71.1925136664544 6.98508929344046 21.1200938441553 0.661864837684185
"400" 399 92.1385254563633 14.144019950866 22.1356205709447 0.326364867128726
"401" 400 103.52559132845 32.5032673195584 21.6038707902099 0.686296845724237
"402" 401 103.131130715045 55.403415194805 22.9035449632517 0.572389709054773
"403" 402 89.4954270104453 71.3200165089071 20.9587836696626 0.691145619927669
"404" 403 67.5164797928788 76.6710160486379 22.6209486287992 0.62361298961681
"405" 404 46.086766911431 71.6156174117188 22.0179392668672 0.470484584080743
"406" 405 33.5424611623985 54.5129105615404 21.2099549346138 0.706288850960307
"407" 406 27.4630480181966 35.5783588129654 19.8865913141835 0.322159191130938
"408" 407 35.5029541011728 16.7104796220525 20.5094357549388 0.713493446929548
"409" 408 57.2500235938734 14.6826974657638 21.8414040756018 1.07500566441684
"410" 409 73.5179982941403 27.536961982112 20.733526403021 0.761685717796516
"411" 410 79.5588429881311 47.8916319856383 21.2321547556853 0.61358629261165
"412" 411 77.8467179559881 70.1769312647456 22.3509717033751 0.365176339447464
"413" 412 65.9135647813807 88.7865490438319 22.1069676476067 0.493512473529286
"414" 413 46.5459870389471 94.4975431604141 20.1920410411837 0.713859538551126
"415" 414 28.4935891874716 83.9029138935515 20.9316802357149 0.817465533010225
"416" 415 19.1988887828886 65.4451428308281 20.6659325512996 0.573582080522614
"417" 416 25.0118130643982 45.6295982156873 20.6505665079 0.751842457172975
"418" 417 42.5871450752585 40.6599172731901 18.2644469930571 1.00987953802172
"419" 418 48.8260325167551 43.0899427164901 6.69542680960298 0.646989487854669
"420" 419 50.1812174126011 43.2821960383568 1.3687539741304 -0.230494425898447
"421" 420 50.4538161185501 42.6478307575651 0.690455910220915 -1.30586021924048
"422" 421 50.6342588748751 41.6013930993901 1.06188104830859 -0.235104674647105
"423" 422 49.7196259561752 42.0153684366901 1.00395665039001 -2.16657769815394
"424" 423 49.8244998787819 42.0185727897698 0.10492286462721 -2.68602251375106
"425" 424 51.9324911325972 42.2866860130439 2.12497337081113 0.095964864898618
"426" 425 54.5870016097988 46.0364280633322 4.5942345736013 0.828266210394694
"427" 426 55.6172809139337 54.4927548965929 8.51885784336451 0.494782618234385
"428" 427 64.9579563030961 67.0149773854358 15.6222364847606 -0.519652080324553
"429" 428 75.3304784136743 85.4923106245176 21.1896450787292 0.129363283533609
"430" 429 77.1972424428932 107.975790199485 22.5608435511348 0.428688348949813
"431" 430 69.2410653901879 125.587496792853 19.325448569823 0.507150700032786
"432" 431 53.4384771765549 129.234600398639 16.2179887458646 0.919663849284049
"433" 432 41.0100480606048 121.164657170398 14.818563830454 0.802712290826321
"434" 433 26.3956892836684 104.915073223495 21.8547125560701 0.262438139777455
"435" 434 20.2401947386385 82.94264219523 22.8183662514599 0.459321589593977
"436" 435 22.308794981148 62.5095854341943 20.537500226732 0.37403850069368
"437" 436 43.3016165276174 52.1628975726837 23.4041130185581 1.01197649090312
"438" 437 65.0103504330243 58.3681979733305 22.578194809108 0.736344780943174
"439" 438 79.6464342301748 76.7382534551743 23.4877390849616 0.619629710151156
"440" 439 80.2195542923282 99.7583751889349 23.0272549654274 0.647856162140763
"441" 440 60.5821986508386 112.646532666648 23.4889407969084 1.01489063659562
"442" 441 42.2944206046133 102.003447138725 21.1593500708951 1.10785969196339
"443" 442 42.9422696489232 80.1166894868289 21.8963437335329 1.07332507195146
"444" 443 61.8182200364486 68.031156258784 22.413424915405 0.971706654234755
"445" 444 81.9645200356228 78.5977069561604 22.7491845413622 1.05254607331165
"446" 445 97.8538671739167 94.1270719352457 22.2178425850677 0.290893285653696
"447" 446 96.4418881801438 116.018115839575 21.9365331786984 0.86126631445847
"448" 447 84.3368417215924 125.45762196835 15.3504535997755 0.844083779367453
"449" 448 62.9426439166801 129.737983435222 21.8181849383215 0.464837507848555
"450" 449 41.984876255438 125.803326913966 21.3239196041176 0.383045832489487
"451" 450 25.8792587441477 115.046075111369 19.3677407501355 0.403287395024194
"452" 451 22.3720098473343 93.8075636910277 21.5261506585864 0.818267768666224
"453" 452 33.7817103461228 76.0393898236892 21.1160902643464 0.73449097378339
"454" 453 53.8561918686922 70.0435696763346 20.9507677100245 0.709720485952067
"455" 454 74.7061240184638 77.7113620615864 22.2151909898026 0.642653272708569
"456" 455 79.6902862677934 100.298662395998 23.1306724875126 1.00120541265779
"457" 456 69.1075739251668 119.0307669791 21.5147749846249 0.731430836755658
"458" 457 48.1239577004304 116.07202483366 21.1911846046941 1.19662631357843
"459" 458 39.9465626882089 95.7053493591791 21.9470102535342 1.04891109876102
"460" 459 49.3856204932852 77.1228601775013 20.842377897801 0.851797092158505
"461" 460 67.3906338270944 68.303634917651 20.0489211513894 0.645334512915925
"462" 461 87.1591994662703 72.3006024919538 20.168587883648 0.654969482731082
"463" 462 102.527450970363 87.5926876548025 21.6801988671894 0.583415412567438
"464" 463 105.325409030339 107.368036996775 19.9723060987566 0.647328139280891
"465" 464 86.170290632538 115.414900035572 20.7766832193909 1.31364652249848
"466" 465 64.8249293765049 112.714757735631 21.5154645683166 0.52353354861851
"467" 466 52.0393884244655 94.9776824309315 21.864901047132 0.820392697214982
"468" 467 58.6657362195631 75.7731126781798 20.3156093802253 0.956823539593793
"469" 468 76.4999857243853 63.3513502661039 21.7338592252345 0.630165943326363
"470" 469 95.6391243847465 64.49670387669 19.1733790332799 0.66815319046877
"471" 470 100.864806490399 67.717476257759 6.13849559745676 0.492572002326541
"472" 471 101.529343683175 68.2191264891901 0.832623945894705 0.0942769664170528
"473" 472 101.491863934458 68.5031521214727 0.286487855514772 1.055376111646
"474" 473 101.233246648099 68.7481745355551 0.356256767242942 0.681183861934566
"475" 474 103.387900858176 76.3857124624528 7.93564870377995 -1.08735253427439
"476" 475 96.6896791153163 91.2678517524656 16.320056506148 0.697891953427187
"477" 476 80.3620269145206 102.205719127234 19.6527140389866 0.557635456142794
"478" 477 58.9923490718247 100.406549730647 21.4452825026443 0.674231133711916
"479" 478 45.1355694655208 82.3812390598825 22.7359223660545 0.831414479016973
"480" 479 36.4770012461846 60.7087965689712 23.338071195597 0.275295028912803
"481" 480 36.8034121731946 39.1619017971275 21.5493670069953 0.395239979546335
"482" 481 57.1282518912588 31.4828379404266 21.7271059112872 1.1944108082343
"483" 482 79.2414982073548 35.3241578553673 22.4444069051791 0.533232765435588
"484" 483 99.6254369165962 47.1662481207737 23.5741396270605 0.354300922143346
"485" 484 101.452470846571 69.9926394531394 22.8993928792791 0.964630307137178
"486" 485 87.7247632733002 87.8514686394346 22.5252688135459 0.735219052517565
"487" 486 68.5515960344804 98.4103766555215 21.88837317984 0.412057144458903
"488" NA NA NA NA NA
"489" NA NA NA NA NA
"490" NA NA NA NA NA
"491" NA NA NA NA NA
"492" NA NA NA NA NA
"493" NA NA NA NA NA
"494" NA NA NA NA NA
"495" NA NA NA NA NA
"496" NA NA NA NA NA
"497" NA NA NA NA NA
"498" NA NA NA NA NA
"499" NA NA NA NA NA
"500" NA NA NA NA NA
"501" NA NA NA NA NA
"502" NA NA NA NA NA
"503" NA NA NA NA NA
"504" NA NA NA NA NA
"505" NA NA NA NA NA
"506" NA NA NA NA NA
"507" NA NA NA NA NA
"508" NA NA NA NA NA
"509" NA NA NA NA NA
"510" NA NA NA NA NA
"511" NA NA NA NA NA
"512" NA NA NA NA NA
"513" NA NA NA NA NA
"514" NA NA NA NA NA
"515" NA NA NA NA NA
"516" NA NA NA NA NA
"517" NA NA NA NA NA
"518" NA NA NA NA NA
"519" NA NA NA NA NA
"520" NA NA NA NA NA
"521" NA NA NA NA NA
"522" NA NA NA NA NA
"523" NA NA NA NA NA
"524" NA NA NA NA NA
"525" NA NA NA NA NA
"526" NA NA NA NA NA
"527" NA NA NA NA NA
"528" NA NA NA NA NA
"529" NA NA NA NA NA
"530" NA NA NA NA NA
"531" NA NA NA NA NA
"532" NA NA NA NA NA
"533" NA NA NA NA NA
"534" NA NA NA NA NA
"535" NA NA NA NA NA
"536" NA NA NA NA NA
"537" NA NA NA NA NA
"538" NA NA NA NA NA
"539" NA NA NA NA NA
"540" NA NA NA NA NA
"541" NA NA NA NA NA
"542" NA NA NA NA NA
"543" NA NA NA NA NA
"544" NA NA NA NA NA
"545" NA NA NA NA NA
"546" NA NA NA NA NA
"547" NA NA NA NA NA
"548" NA NA NA NA NA
"549" NA NA NA NA NA
"550" NA NA NA NA NA
"551" NA NA NA NA NA
"552" NA NA NA NA NA
"553" NA NA NA NA NA
"554" NA NA NA NA NA
"555" NA NA NA NA NA
"556" NA NA NA NA NA
"557" NA NA NA NA NA
"558" NA NA NA NA NA
"559" NA NA NA NA NA
"560" NA NA NA NA NA
"561" NA NA NA NA NA
"562" NA NA NA NA NA
"563" NA NA NA NA NA
"564" NA NA NA NA NA
"565" NA NA NA NA NA
"566" NA NA NA NA NA
"567" NA NA NA NA NA
"568" NA NA NA NA NA
"569" NA NA NA NA NA
"570" NA NA NA NA NA
"571" NA NA NA NA NA
"572" NA NA NA NA NA
"573" NA NA NA NA NA
"574" NA NA NA NA NA
"575" NA NA NA NA NA
"576" NA NA NA NA NA
"577" NA NA NA NA NA
"578" NA NA NA NA NA
"579" NA NA NA NA NA
"580" NA NA NA NA NA
"581" NA NA NA NA NA
"582" NA NA NA NA NA
"583" NA NA NA NA NA
"584" NA NA NA NA NA
"585" NA NA NA NA NA
"586" NA NA NA NA NA
"587" NA NA NA NA NA
"588" NA NA NA NA NA
"589" NA NA NA NA NA
"590" NA NA NA NA NA
"591" NA NA NA NA NA
"592" NA NA NA NA NA
"593" NA NA NA NA NA
"594" NA NA NA NA NA
"595" NA NA NA NA NA
"596" NA NA NA NA NA
"597" NA NA NA NA NA
"598" NA NA NA NA NA
"599" NA NA NA NA NA
"600" NA NA NA NA NA
"601" NA NA NA NA NA
