"time" "x" "y" "speed" "angle"
"1" 0 40.3860511697921 117.224465846342 NA NA
"2" 1 42.5565406761868 119.280787107999 2.98989662505481 NA
"3" 2 51.9695540467496 121.120203144672 9.59105166654649 -0.565414053960346
"4" 3 49.9086194037508 120.760212517395 2.09213882293695 3.12154130382927
"5" 4 36.2772499195443 117.123148689178 14.108241113104 0.0878127235739211
"6" 5 22.7226138931443 108.874754930265 15.8670777842127 0.285925928208667
"7" 6 18.8053124343735 93.1703769171068 16.1855719546472 0.779677223797406
"8" 7 31.2671715925535 78.4188392120339 19.3107689733605 0.945909568575045
"9" 8 51.0208401694019 70.8741685327249 21.1454363374983 0.504499258999904
"10" 9 73.1882000993898 69.7824689537656 22.194225695805 0.315630810757303
"11" 10 93.6251677156151 72.5885045500776 20.6287052699488 0.185657094262611
"12" 11 108.425913807595 73.5204661348071 14.8300585728669 -0.0735646049663372
"13" 12 101.428782561686 64.3063691621925 11.5697635539028 -2.28316680660689
"14" 13 85.2651555964976 55.159603634571 18.5721877086965 -0.406352355077943
"15" 14 66.140163095238 48.4108912592352 20.2807903420514 -0.175724806305498
"16" 15 45.6429265677573 52.4163003757448 20.8849229697911 -0.532213168684113
"17" 16 26.7016992305653 55.0220007442294 19.119617345792 0.0562707326846673
"18" 17 18.4361071030412 38.334421603695 18.622441053476 1.24761408228157
"19" 18 26.3098089348203 23.2548201387479 17.0114538143392 0.941096156090098
"20" 19 43.5187679252449 18.0860344390882 17.9684338533752 0.797810129105664
"21" 20 61.1887735637702 21.7690889228163 18.0497642531869 0.497275051725308
"22" 21 75.2800485576389 17.5674579829258 14.70434403528 -0.495272559699838
"23" 22 83.8871703236474 15.8521499439123 8.77637890952768 0.0930671760060409
"24" 23 85.6922170190366 31.3482706234484 15.6008957975907 1.65154732247488
"25" 24 95.8719593949519 42.404192651207 15.0286581810847 -0.628200543326766
"26" 25 107.902712657065 42.8250548443586 12.0381123536655 -0.791666653615199
"27" 26 108.755599680729 36.2353322269103 6.64468663294543 -1.47705292991496
"28" 27 96.3376424317684 26.3135441386223 15.8948904087415 -1.02538462574645
"29" 28 84.2230470020716 9.74551371158175 20.524693777413 0.265311121679554
"30" 29 75.497216707831 4.84062008967962 10.0098998879141 -0.427339514454739
"31" 30 60.9398977231516 15.3932603263527 17.9798151265901 -1.13933907398347
"32" 31 55.7758384925741 32.8650930885005 18.219013359822 -0.656169018504402
"33" 32 62.8081796552134 47.3141560655888 16.0695128471156 -0.740332992180188
"34" 33 76.2107765916673 56.0622222742375 16.0049450805664 -0.539565263118949
"35" 34 89.2040327576508 59.6419623680109 13.477360458704 -0.309442940402381
"36" 35 83.8144506624808 71.4781580080258 13.0055035423195 1.72925031883282
"37" 36 70.4868291430538 77.2823968875987 14.53666689225 0.732770038911601
"38" 37 58.6636625343467 65.8656045906532 16.435644648411 1.17864821511042
"39" 38 62.0942593945957 51.4064496961469 14.8605570245827 1.03583616488744
"40" 39 64.4720630102857 40.0278958971794 11.6243467167315 -0.0269459791361681
"41" 40 54.1303877422275 33.6118420610479 12.1702914582234 -1.2215140237992
"42" 41 39.9942519535107 36.9094490109346 14.5156655594217 -0.784466693109577
"43" 42 26.1648073348094 42.0340470367928 14.7483912135648 -0.1256931891644
"44" 43 13.9588538126556 42.1092802924261 12.2061853757729 0.348706217445026
"45" 44 19.4510830769824 30.9364288071969 12.4497868496981 2.03384012250457
"46" 45 35.3104789400061 31.8922348601904 15.8881717749725 1.17411079133755
"47" 46 49.8783646386069 38.6595765802702 16.0630074296139 0.37468335149442
"48" 47 65.1676990756435 40.6772387325388 15.4218905484461 -0.303670847578074
"49" 48 80.0673558492742 38.8103080218769 15.0161646984312 -0.255857803601047
"50" 49 90.4620397778253 49.1715103604083 14.6766470242515 0.908435665649187
"51" 50 82.9803534641333 61.710714802598 14.6016190245985 1.32497389623751
"52" 51 67.4389788155032 63.6220949241514 15.6584705491358 0.910461669138813
"53" 52 56.483821890499 60.4664761129089 11.4005874117668 0.402828602615817
"54" 53 51.4650788501873 50.9756140442301 10.7361186893291 0.803920531309134
"55" 54 61.3979983732672 42.3955370340622 13.1255709114839 1.34476301972771
"56" 55 72.1921631797811 46.4819923734802 11.5417984348732 1.07435817130944
"57" 56 70.423021743149 39.5650224044371 7.13963129128204 -2.18310217252742
"58" 57 71.5880853706192 25.5278892241745 14.0853995746121 0.333209095350218
"59" 58 85.8731987283244 24.1764664976831 14.3488956727745 1.39366459475345
"60" 59 91.3623519929503 26.9463245257926 6.14840768479417 0.561648224759441
"61" 60 88.2561274783513 18.7303330717881 8.7835725253095 -2.39958165347275
"62" 61 80.514929364742 7.91108632885399 13.3034675298825 -0.259594783733375
"63" 62 69.1430940087611 10.2373995756095 11.607341327176 -1.15152554686603
"64" 63 55.4206682565911 11.3635361469433 13.768556645528 0.11990202632983
"65" 64 40.8653752567131 10.9232512028717 14.5619505954481 0.112121835425179
"66" 65 28.0434234220527 12.7443489626489 12.9506311004915 -0.171325959134802
"67" 66 22.0640520781845 25.8714380036478 14.4247477745085 -1.00229308930896
"68" 67 18.6329622935794 40.5857530854632 15.1090517716023 -0.198330301347102
"69" 68 18.526141056359 56.9571093099675 16.3717047190065 -0.222562091903967
"70" 69 21.7545173613122 73.4516317582188 16.8074889368474 -0.199805594285414
"71" 70 34.7238849809328 80.5528132622484 14.7861852824193 -0.876566870232806
"72" 71 43.7123392222611 91.5756955557326 14.2230884024695 0.385765190967456
"73" 72 48.8235224094091 103.479660153403 12.9548665263356 0.278517800526565
"74" 73 62.1673116657059 102.624658971709 13.3711532313843 -1.22921901607111
"75" 74 75.0987363075986 105.528294644156 13.2534087459511 0.284864933252445
"76" 75 69.6796865239451 106.106341349277 5.44979252366699 2.81444753880529
"77" 76 59.805162943199 97.7577363365738 12.9307935411888 0.808125331650071
"78" 77 68.2821974321657 86.789990754991 13.8618742192195 1.52693894051234
"79" 78 82.3229707269775 88.0617719547174 14.0982531590363 1.00312715195185
"80" 79 88.3284464510494 81.3250276778637 9.02493557451451 -0.933055918179543
"81" 80 93.3387237375361 70.7866859806839 11.6687413294667 -0.284269917321245
"82" 81 101.160297259288 78.6763856564291 11.1096522596172 1.91672888333886
"83" 82 91.1602254512734 84.7961086113809 11.7240114811784 1.80268540064436
"84" 83 81.4103675016319 75.0144810025566 13.810864155291 1.33619773364966
"85" 84 83.5068065186452 60.6216704809774 14.5446915148496 0.928413139626849
"86" 85 96.062022532014 56.5550480882583 13.1973810594116 1.11291897020234
"87" 86 103.181470249656 62.924782803127 9.55301293530196 1.0431122483301
"88" 87 96.4655222548175 72.5407416578817 11.7290503522542 1.45058255158714
"89" 88 82.5717544301587 70.1490377699468 14.0981215717941 1.13160510433782
"90" 89 73.1448819164949 64.5600282422755 10.9591492776251 0.364696721893881
"91" 90 62.704513881541 72.2424813681564 12.9623057646641 -1.16954591268422
"92" 91 48.356659481613 75.7059734646787 14.759969626805 0.397514689375186
"93" 92 33.642649245481 74.4177334456565 14.7702965297115 0.324192295437153
"94" 93 19.4221363644882 71.5236299644128 14.5120233447521 0.113444888835645
"95" 94 21.6448218815017 59.7868044124961 11.9454344811592 1.55718283065266
"96" 95 35.1116261358215 64.7907229726891 14.3664197969157 1.73939963662155
"97" 96 45.8193463512675 73.9879389350822 14.1153835821479 0.353893464261915
"98" 97 59.53726892076 79.0230221206278 14.6127842079446 -0.357879918708869
"99" 98 74.1571475092097 81.6083471624683 14.8467085750673 -0.176750667199765
"100" 99 87.324707628761 78.6595526985576 13.4937032831017 -0.395335812901845
"101" 100 97.3892110050217 84.897939240715 11.8411019276135 0.775189470082161
"102" 101 88.0421168921853 89.5610161133133 10.445690703538 2.12396108128239
"103" 102 77.7141474184171 80.3467759729954 13.8408516650722 1.19121986709961
"104" 103 66.3080454301312 75.5488267829916 12.3741455865461 -0.330290443054225
"105" 104 61.3382431494306 63.2472934704979 13.2675037798242 0.788669297952379
"106" 105 71.5292396744346 56.2228110586111 12.3773891967389 1.35124782334882
"107" 106 84.0408699717743 61.9012690697344 13.7399337000365 1.02955178358515
"108" 107 91.1488069297325 59.9083163746538 7.38204769986872 -0.69941945883674
"109" 108 88.9513901987454 46.9896267600913 13.1042428872112 -1.4659148655761
"110" 109 89.0114224601834 35.1302313315929 11.8595473691833 0.173545363622317
"111" 110 93.2970706459321 25.6243232093685 10.4273232231567 0.418490693650393
"112" 111 96.7120200856165 33.2978445217585 8.39909572557103 2.29932656590421
"113" 112 86.1265635845324 38.7872250804532 11.9241430826084 1.51111077616917
"114" 113 73.2651154242373 39.8891411947789 12.9085656795389 0.392931802424591
"115" 114 66.0008706812618 49.155392396861 11.7742372587755 -0.820453889330853
"116" 115 61.1108273497474 60.6936893200274 12.5317524581057 -0.264013145096188
"117" 116 66.145601428231 72.1466439328318 12.5107601441451 -0.815037852974405
"118" 117 68.5211968524047 85.4728228214762 13.5362660062333 0.237763563374376
"119" 118 64.3349810614514 98.4527178741593 13.638257888275 0.488395189511611
"120" 119 53.5352069317446 95.426326125036 11.2157999390077 1.5320328032311
"121" 120 56.1898675738501 83.8640953737265 11.8630688723985 1.52326303260422
"122" 121 68.8871978047931 83.5148105550875 12.7021334774184 1.31760854877002
"123" 122 81.7504526061446 87.0752272776733 13.3469056834519 0.297530927644556
"124" 123 87.956546220751 96.6315203092927 11.394662542587 0.724796237797117
"125" 124 78.2081329633428 101.035068185892 10.6968591155867 1.72248417510359
"126" 125 68.3681522814297 92.0170810548303 13.347258584309 1.16611997938168
"127" 126 73.5916229151384 81.256485973103 11.961398412147 1.2808796788643
"128" 127 85.4168252198372 80.1695349899995 11.875052504588 1.0272152911445
"129" 128 88.5588976449294 90.3124427078045 10.6184366126296 1.36205176451696
"130" 129 88.0654115854962 98.2975336509608 8.00032535971704 0.362127599884093
"131" 130 92.8186447876528 91.2911822488244 8.46653328371784 -2.60722117283549
"132" 131 101.7415320871 83.1408612960922 12.0849348112097 0.234523619632066
"133" 132 106.681180509267 78.5657290186404 6.73290144668654 -0.00692758018580985
"134" 133 108.485325115495 65.9677748835299 12.726483652232 -0.681447768032291
"135" 134 107.179787612129 52.6505492411479 13.381065988284 -0.239963672507604
"136" 135 102.480453797135 39.9070887291857 13.5823239589064 -0.255571126394588
"137" 136 94.3593628759413 29.5713547922271 13.1445621367126 -0.31268602084762
"138" 137 100.537706672149 22.558983390257 9.34586992972353 1.38823247265019
"139" 138 94.7791638787668 21.7246743120244 5.81866709317856 -2.14916933396845
"140" 139 86.6807001089274 26.4102706915634 9.35627751102706 -0.668400228951963
"141" 140 76.8559684785218 35.2483195242575 13.2150088451948 -0.208058926277703
"142" 141 73.0072675510652 48.412803733452 13.7155438580881 -0.553789770940048
"143" 142 64.711230886681 56.2285556529972 11.3978156856777 0.530770632157838
"144" 143 55.098124783774 49.9614003821867 11.4755846968333 1.33333431468718
"145" 144 59.5902514921638 39.0547219811122 11.795543061203 1.38375600381062
"146" 145 72.4002354778026 39.8249583835168 12.8331194114257 1.24015531462264
"147" 146 83.6510858038372 46.7500658399858 13.211311302913 0.491696631809736
"148" 147 85.2282355812935 59.3144694488622 12.6630027824081 0.89417205965354
"149" 148 75.1931977810126 67.2380422173303 12.78612486527 1.02730693075016
"150" 149 70.3387492833789 75.1176533658468 9.25494149457493 -0.35027766172632
"151" 150 79.3354206512961 83.629655283266 12.3852441374585 -1.36522992237875
"152" 151 87.5592069999556 93.0417035650259 12.4986925222832 0.0949506253909738
"153" 152 78.3512580255937 99.7417287841983 11.3875661250329 1.65988533563641
"154" 153 65.5015383125325 100.91550796284 12.9032187559713 0.537939271481535
"155" 154 55.3703505464946 93.092638136886 12.7999319476527 0.748625449313698
"156" 155 46.6747218773162 83.8523123184458 12.6884821465442 0.158226259275055
"157" 156 42.3061492832558 71.780958163457 12.8375238128208 0.40780561091736
"158" 157 44.9026388391813 59.8754542277446 12.1853511224459 0.561962087590126
"159" 158 53.6131512029961 49.4168109932596 13.6108869639862 0.479725519838761
"160" 159 63.663741486281 41.3515646911067 12.8865264115995 0.200099448050933
"161" 160 74.4842472228096 35.481744649188 12.3100825228249 0.179197052354487
"162" 161 86.2703281031655 38.7278723919497 12.2249354943336 0.765802155545162
"163" 162 93.260655413783 32.5726139299467 9.3140690701554 -0.990715808515106
"164" 163 100.237010842451 37.7998456147944 8.71742428439599 1.3649978033261
"165" 164 99.0411927099596 48.050586909186 10.3202557182727 1.04388911099234
"166" 165 92.6323287007281 60.2368357017599 13.7687398669353 0.368027878200438
"167" 166 87.8150182635433 71.305367013099 12.0714069287015 -0.07365970349983
"168" 167 96.5645294490294 78.0412249366193 11.0419983676325 -1.32520844455968
"169" 168 105.025390025954 79.7722419283197 8.63612074531803 -0.454281716019527
"170" 169 98.1578228571523 86.4533732218567 9.5812835350741 2.16814786751475
"171" 170 86.6455253241821 90.3491723189172 12.1536103727365 0.4453320712047
"172" 171 73.7123732605825 91.3417231554678 12.9711826547671 0.249711975431003
"173" 172 61.5757338155719 93.9404609120197 12.411746651681 -0.13434352276254
"174" 173 48.8151777168232 95.7888305118443 12.893729566222 0.0670883395879927
"175" 174 36.8700504516322 92.6223557958644 12.3576950726481 0.402974944004981
"176" 175 31.6559179688721 82.5342588374419 11.3559181834983 0.83462677302341
"177" 176 40.5508520250916 74.7272505330098 11.8350847284658 1.3274883023001
"178" 177 51.2911950885079 69.6709173250551 11.8710351119749 0.280353226429481
"179" 178 49.9700624610331 60.3684689836042 9.39579355694562 -1.27187362174495
"180" 179 44.7757896677221 48.9707899394166 12.5254763360778 -0.286532942219726
"181" 180 40.7747225291794 36.1179448557336 13.4612096407522 0.125819799066942
"182" 181 35.3152673460599 24.9502520566527 12.4307285929318 -0.152907591198173
"183" 182 27.0339544359491 18.5597609241269 10.4603307992654 -0.45886905955786
"184" 183 20.8584488978522 24.5740389740019 8.62023254397891 -1.42940257942803
"185" 184 16.4359188654675 36.4034443814295 12.6290777248627 -0.440853843193231
"186" 185 7.0960821627263 43.1184528145996 11.5032120684362 0.589685766673078
"187" 186 0.533073915375882 39.5686169325481 7.46152880074115 1.11915914707452
"188" 187 5.63744848220336 31.4219531538413 9.61367621889609 1.63469815381545
"189" 188 17.2648876801979 25.7068390277714 12.9560747055991 0.554235627161603
"190" 189 27.2047773193788 17.9145516289602 12.630168207303 -0.208031606656013
"191" 190 39.3386028142694 11.627443273207 13.6659230430088 0.186812109359194
"192" 191 50.3783826608224 7.05883630152462 11.9477574767009 0.0856869931428637
"193" 192 56.8411573593938 3.56490816705478 7.34676735805169 -0.103243106069672
"194" 193 67.5404330519935 6.86254141538584 11.1959316444302 0.794588494462929
"195" 194 76.3527078136344 6.84954462061684 8.81228434580544 -0.300447441662991
"196" 195 79.0230790175597 17.5607008050697 11.0390103349211 1.32794441693237
"197" 196 82.4976021846604 27.7030885958821 10.7210233344555 -0.0857176372454038
"198" 197 91.8376401277307 34.0568476821788 11.2963075075306 -0.643389826662449
"199" 198 100.625559012904 33.3828475390838 8.81372761805551 -0.673908465767568
"200" 199 99.913313578682 41.4633307720571 8.11181254942032 1.73525939022969
"201" 200 97.554248600335 52.9565555086981 11.7328343727763 0.114528531496286
"202" 201 90.8643523921093 62.6393234084863 11.7690571193278 0.402152228514841
"203" 202 79.3047778691816 63.4256079585963 11.5862852780717 0.898283281944236
"204" 203 71.4379930330268 53.94418229387 12.3200542325952 0.946118861255166
"205" 204 70.1767643763876 43.0034343973469 11.013203996095 0.577821559279902
"206" 205 80.2663596927881 35.9165162900705 12.3298151611438 1.07323383571224
"207" 206 84.1150220544805 30.5760180791466 6.58278991881026 -0.334007357888522
"208" 207 76.4898250499478 24.3579467717743 9.83910769030923 -1.5111521575598
"209" 208 66.2002668652806 19.2078292883983 11.5064641714224 -0.220036580492039
"210" 209 58.3322587198045 8.56446650667295 13.2358121579559 0.470154157946945
"211" 210 61.3749282311472 4.30305400867055 5.23616980562948 1.25664312620332
"212" 211 71.3745973793122 7.93882780042289 10.6401237839395 1.29946232521734
"213" 212 82.462028284209 10.9354118172181 11.4852357329127 -0.0847673992488418
"214" 213 90.475635872043 18.6850411809125 11.1478545849156 0.504691148380475
"215" 214 88.3358223441674 29.7703194761991 11.2899157135043 0.992829724053889
"216" 215 91.1538518023877 41.4025738244718 11.9687355744167 -0.428367434983734
"217" 216 95.3722252494074 54.5754878418179 13.8318595368415 -0.0722315799889426
"218" 217 104.252389030068 61.595072119398 11.319534981677 -0.591975468567569
"219" 218 107.29051441788 65.7060318639557 5.11177032870615 0.265444102121472
"220" 219 98.2550795723365 71.4114333139805 10.6860043306189 1.64401784197116
"221" 220 89.056648486424 79.3409863074307 12.1445026706826 -0.148228893754914
"222" 221 80.1523952795681 85.5659127909784 10.8644113921269 0.101332185913017
"223" 222 67.6644742426429 87.0020300561 12.5702269121786 0.495621367678167
"224" 223 54.9120795169893 89.8763799227414 13.0723164892356 -0.107194629292069
"225" 224 43.1903264766831 86.5696602064142 12.1792401084909 0.496648168196114
"226" 225 44.6625759410088 75.4630485620901 11.2037645772769 1.42762814379385
"227" 226 55.0243955050973 68.6833055286851 12.3827388035817 0.859616064844591
"228" 227 66.2339024425805 65.3895100851491 11.6834127807479 0.293597052103855
"229" 228 76.0372316888463 58.7289262006346 11.8519467596402 -0.310984974284929
"230" 229 88.1504495490464 58.2034307587612 12.124611020074 0.553425555226692
"231" 230 96.8182880226426 65.3509881177385 11.2347229607242 0.732920758728385
"232" 231 101.202000918973 58.8591187397598 7.83334582271175 -1.66643262718908
"233" 232 104.636219645863 50.5228747103439 9.01592051773365 -0.203153628776891
"234" 233 105.819544005704 57.0519479417211 6.63543923197844 2.57152358499823
"235" 234 98.4307823174569 63.1017233533045 9.54953306797255 1.06400122986843
"236" 235 89.9835269620696 69.1651418195362 10.3981328389168 0.063517164012921
"237" 236 91.2037387590716 81.2992456732263 12.1953020939082 -1.04844894578859
"238" 237 96.0152365497962 89.2634857837134 9.30481765149853 -0.443232789577302
"239" 238 84.5919464396041 90.9503625223363 11.5471689202557 1.96764230867656
"240" 239 74.41685657889 97.246137186507 11.9653346085941 -0.407477484021708
"241" 240 64.1217580445204 104.563062366901 12.6303779804035 -0.063796068818718
"242" 241 54.2337378570231 110.155631694483 11.3600076985961 0.103149986539157
"243" 242 47.8108094461511 114.901301093181 7.98594937455337 -0.121601805722861
"244" 243 39.793253444451 108.415613732531 10.312387928142 1.31650161816837
"245" 244 36.1746603053204 96.8713202428879 12.0981373972023 0.586877657123792
"246" 245 38.4553163009814 84.5024075541281 12.5774159855158 0.486090973139379
"247" 246 44.9880574105587 73.9124865226238 12.4427944553568 0.370402838808029
"248" 247 46.7835522886224 62.0427637955893 12.0047540363738 -0.402612355387457
"249" 248 57.1560525287576 55.2573766854181 12.3947666160555 0.841366015340603
"250" 249 70.1795797814949 52.8802361906544 13.2386955186165 0.398762489700598
"251" 250 82.7911358774176 50.4753533992508 12.8388008942033 -0.00788749693709263
"252" 251 92.3648128233833 44.9603671432103 11.0485457717308 -0.334201801641063
"253" 252 99.580534890031 43.3935483653569 7.38387202121899 0.308808191903902
"254" 253 106.621146889179 53.6302767598107 12.424203215674 1.18213950351321
"255" 254 112.416105469971 55.7848982212225 6.18255113970558 -0.61234849573663
"256" 255 108.335641274254 64.2699867630048 9.41524909996615 1.66307537741738
"257" 256 105.79671135901 75.409037502509 11.4247370425657 -0.224147741709374
"258" 257 108.266652211557 80.0547113549335 5.26145354043743 -0.712759348276969
"259" 258 99.6128700625135 82.9392054750085 9.12185572193775 1.73771349210689
"260" 259 94.0993690241692 91.1941513171324 9.92687385616553 -0.660198299000019
"261" 260 87.1972516747953 95.0061730265819 7.88484200335316 0.477333095224802
"262" 261 77.1184032764305 99.8543800203344 11.1842879116863 0.0562503289335388
"263" 262 69.2617866244866 106.827326214093 10.5046848518482 -0.277525069471108
"264" 263 64.4888078698627 108.780331273186 5.15708783645711 0.337485500057336
"265" 264 53.9038688796722 102.491244172854 12.3123332468552 0.924504715916269
"266" 265 46.5946833603625 90.7580782147686 13.8235804463119 0.477561816241281
"267" 266 45.6239530404606 76.9829219436793 13.8093174214697 0.486771063006076
"268" 267 54.1092296816747 66.4075485856441 13.5587035272468 0.746532803133104
"269" 268 66.9367427224164 65.6692471336287 12.8487423448541 0.837124203891149
"270" 269 79.6917158273901 71.3851752338846 13.9771661275059 0.478793144419162
"271" 270 89.7345886407552 74.4511077749803 10.5004398332631 -0.125002685254914
"272" 271 96.4081792740907 66.0842196810114 10.702412266323 -1.19380657737928
"273" 272 100.726720072898 54.4212579730188 12.4368191445028 -0.318662928899631
"274" 273 106.055239633012 44.5089247638036 11.253775826496 0.138621162809839
"275" 274 108.051601388984 49.5241549464076 5.39796202702548 2.26951415563739
"276" 275 104.943500807591 60.9651220400115 11.8556323011886 0.644094971593114
"277" 276 94.7253741057886 69.774779468579 13.491485363102 0.594022871733792
"278" 277 90.2131054643901 78.9974405297293 10.2673290266264 -0.404267297351029
"279" 278 96.661860115358 85.2359194365991 8.97246095671857 -1.25698828505926
"280" 279 97.0138042791905 89.2534937943115 4.03296025447863 0.714592350903608
"281" 280 86.2525495711153 93.3542086532187 11.5160959203253 1.29409896756556
"282" 281 75.5507651309701 93.5895344963569 10.7043714647701 0.342089601034956
"283" 282 70.214043373672 102.10100415472 10.0461791174585 -0.98877168893497
"284" 283 64.9523971157859 109.223642466735 8.85533160682933 0.0762049456785182
"285" 284 56.9108922758538 100.616676990952 11.7790345441374 1.7539024343821
"286" 285 61.170618725282 87.9694282033312 13.3453426827462 1.07632324647659
"287" 286 72.4114195212129 81.4256634580016 13.0067851360749 0.718732963792101
"288" 287 82.8780433195066 76.6157522279928 11.5189174741194 0.0964213738995232
"289" 288 92.8944630348482 69.37139362919 12.3616097423407 -0.195393818062896
"290" 289 103.28657898522 61.7533517213823 12.8852875961337 -0.00641184729806922
"291" 290 114.188298309605 58.3090561213947 11.4328761214218 0.326554627191281
"292" 291 117.232706702769 50.534083068477 8.34976816671959 -0.891566189150621
"293" 292 117.239475791794 42.0111245265803 8.52296122996316 -0.37241964401976
"294" 293 115.078297132772 32.9964927304792 9.27007441261875 -0.236094480959988
"295" 294 108.060169156325 31.7692109684332 7.12462917050698 -1.16237353388141
"296" 295 97.9149327849493 29.6550624573564 10.3631773582221 0.0323255341258299
"297" 296 90.1882267776921 22.0869041402345 10.8156833365074 0.569584396875646
"298" 297 99.3425335241248 18.10314112279 9.98357149455751 1.95609943999998
"299" 298 108.473356964859 23.7430524413708 10.732219546176 0.963777677313145
"300" 299 114.963204232085 28.9807122828138 8.33973609693885 0.125710707915794
"301" 300 118.257064650138 38.3704207278037 9.95068546058658 0.554386033266541
"302" 301 120.531279431667 48.1864709640453 10.0760555334389 0.109716147149003
"303" 302 121.066771079083 57.2132618846919 9.04266031815419 0.168413472923215
"304" 303 120.027251924758 66.374306280926 9.21983375674314 0.172241441287881
"305" 304 118.051759659757 75.8097655827465 9.6400447055699 0.0933993268653025
"306" 305 112.959203141166 85.582384359286 11.0199006187272 0.274000654967173
"307" 306 108.425925780443 93.6032781012697 9.21332404995245 0.0340372979885444
"308" 307 99.5439653270665 99.9218246673543 10.9001491826089 0.438040568478101
"309" 308 93.0987060935848 108.809052795956 10.9783509871286 -0.325009174937566
"310" 309 83.9804989364035 113.443081576578 10.2281926311987 0.473139595124757
"311" 310 71.3425814190717 115.857455423852 12.8664742742246 0.28143214759581
"312" 311 61.8742296102139 108.682118453098 11.8800314233663 0.837256715003283
"313" 312 65.9937246737199 98.6716943210679 10.8249171304627 1.31270537180332
"314" 313 75.1710022338713 95.1904185405719 9.8153810153212 0.817831028732029
"315" 314 74.5864963009619 86.134936089624 9.0743269505254 -1.27268704862563
"316" 315 76.6182357905142 74.8529325654715 11.4634885123332 0.242634746716792
"317" 316 83.1856744416993 64.0071297380356 12.6792227446598 0.366297409868426
"318" 317 96.0680760109138 64.6342445946811 12.8976565016256 1.07496350689621
"319" 318 101.896461518929 75.3885975632912 12.2321782771303 1.02550837839274
"320" 319 105.971893559655 82.3891231618207 8.10040153166757 -0.0305528254686078
"321" 320 105.91804106519 74.5387740965954 7.85053377402093 -2.62125322403571
"322" 321 114.552405875333 67.2979306828887 11.2686320827531 0.879813245977715
"323" 322 111.452560622598 61.8034827414969 6.30856550822512 -1.38661650405181
"324" 323 106.655694850625 50.6561854682401 12.1355740586378 0.107297910283888
"325" 324 113.759312174435 42.4985386502189 10.8170504616878 1.1228071176564
"326" 325 119.993382935318 46.6285505462812 7.47801019745984 1.43946008593305
"327" 326 118.905872437166 44.1756298936922 2.68318818040937 -2.57321488786918
"328" 327 119.486214751518 42.2207430819898 2.03921054538166 0.705893257431109
"329" 328 117.002563397184 33.6118003764395 8.96004567830612 -0.569450610272423
"330" 329 111.669252846468 26.3945683918183 8.97399793571547 -0.355533631728734
"331" 330 101.787365004356 26.157796360835 9.88472398798957 -0.910436913734956
"332" 331 90.9217832718071 20.449983667824 12.2735484732489 0.459735376437217
"333" 332 98.0124400834171 11.4298471370018 11.4734596811383 1.7533080413693
"334" 333 98.5052785718558 8.67297566851028 2.80057673872166 -0.489304034639057
"335" 334 90.6246451375554 2.96217192732208 9.73229996949244 -1.12060771516444
"336" 335 81.792817201242 0.0536779706329373 9.29841501508412 -0.308953440319623
"337" 336 69.0815642132146 0.867217820357322 12.7372602867621 -0.382048219386794
"338" 337 54.9690887121778 0.503860538161173 14.117152449481 0.08965592501144
"339" 338 43.2599499954349 6.83782285917626 13.3125132177199 -0.521603684738718
"340" 339 31.9635572412541 15.6541902085917 14.3295785875422 -0.166849251910983
"341" 340 28.3200139490278 28.0548908161085 12.9248900683756 -0.622309740085476
"342" 341 36.4484956739965 39.8979257733626 14.3641808729873 -0.887282069748236
"343" 342 50.3254637500128 43.3512249655354 14.3001929460213 -0.725392376962582
"344" 343 62.279135523796 43.4784898967748 11.9543492185089 -0.233250970582188
"345" 344 72.6596980001972 48.3751467514906 11.4775139154481 0.430117747779229
"346" 345 77.1625307515702 60.1579087838773 12.6138409653321 0.765004365702596
"347" 346 84.5630280363547 69.0277446711987 11.5516816407879 -0.330306531895708
"348" 347 94.8061413321216 73.5072505469295 11.1797738295828 -0.46320336223398
"349" 348 89.9982962521948 84.6069733480524 12.0962482024115 1.5672914759342
"350" 349 76.8962505002655 83.1244376256327 13.1856556550631 1.2747165965097
"351" 350 66.6410387106557 83.3846526983523 10.2585125985117 -0.138042240851757
"352" 351 60.4332104667325 93.6365325330794 11.9849143364371 -1.00095154577909
"353" 352 58.9738122106053 104.374645178225 10.8368310150993 -0.40939566171807
"354" 353 68.0720035769723 110.717826702716 11.0911242888932 -1.09703838991995
"355" 354 66.739706935359 113.87965422687 3.43105925826917 1.36074904895824
"356" 355 54.7187871413353 113.459602372681 12.0282565758533 1.20693423129732
"357" 356 45.6345291254236 117.903304527655 10.1128745933971 -0.489871386198047
"358" 357 36.5895987847064 115.535392500341 9.3497471750593 0.71099028784096
"359" 358 30.9899000910316 107.954481650829 9.42479892454908 0.678545759422951
"360" 359 33.7691348168223 96.3689927267338 11.9141805958858 0.871642772768687
"361" 360 40.6023010591353 86.3044759626105 12.164976719682 0.361008665433689
"362" 361 52.0668831005413 82.0727384033296 12.2206482706425 0.620746993774716
"363" 362 64.3857786515999 79.994069033014 12.4930402204179 0.186436737477149
"364" 363 77.0592904027143 77.2810254101619 12.9606522137249 -0.0437253322183378
"365" 364 88.4235916670951 80.0838089132239 11.7048254405029 0.452693843534685
"366" 365 93.6139840959908 90.8792151174904 11.9783541724668 0.880824404395379
"367" 366 97.3317212966047 95.861839207344 6.21676062862471 -0.192859351650483
"368" 367 98.7337946564747 87.2475349001921 8.72765996144864 -2.33922001502562
"369" 368 103.492291203066 75.034569966726 13.1072423434523 0.210185723219577
"370" 369 113.609120451952 68.6616379155784 11.9567761950982 0.637125052635578
"371" 370 116.979085968924 73.431104211061 5.83990379452624 1.51781334948533
"372" 371 114.497806161297 67.2121731729781 6.69565924612127 -2.90610416070225
"373" 372 110.749263856669 56.8923690291865 10.979523075972 0.0312149039406945
"374" 373 115.1943879471 45.6126519615728 12.1239904860051 0.723812432992683
"375" 374 116.304677427173 43.2766073791108 2.58647385852096 0.0682881827801626
"376" 375 109.876051097801 36.7991155516613 9.12606908024327 -1.22529368295526
"377" 376 102.234793011379 27.1394770032042 12.3165515478216 0.112352139896904
"378" 377 91.1920511090476 19.5075969475585 13.4234027692411 -0.296793932966352
"379" 378 78.7450360516202 19.7305093658807 12.4490109561389 -0.622649571013271
"380" 379 70.046309575633 29.2066070557511 12.8632915590066 -0.810236987705186
"381" 380 70.1938003138384 41.202405341482 11.9967049655229 -0.754946928123093
"382" 381 75.6494916116683 50.9236013063496 11.1474758813183 -0.499119007594868
"383" 382 72.616047568228 63.1606489366723 12.6074231098774 0.754405562543742
"384" 383 66.5105300541409 74.3665843302569 12.7612825436952 0.255886201476699
"385" 384 58.9408428235067 85.1718199507718 13.1929254369329 0.112221750737966
"386" 385 48.388924524376 91.8684122309371 12.4974928669032 0.394200176111149
"387" 386 35.3352558329312 91.7066925939167 13.0546704112745 0.577884416705375
"388" 387 27.8134758134038 83.2717251535403 11.3015861887778 0.830176535180993
"389" 388 31.2513249028583 72.5492980912587 11.2600731999313 1.0384989254537
"390" 389 41.8630071800032 66.0183114084271 12.4604007881927 0.708824760714373
"391" 390 49.9345361078392 57.9150365613076 11.4373354624604 -0.235656598645054
"392" 391 53.0406224206508 46.8532117375428 11.4896362263691 -0.509691308970857
"393" 392 51.3421088897394 35.1812995049253 11.7948498668112 -0.41825127066952
"394" 393 55.3456382924372 23.815665297301 12.0501406058098 0.483183763343644
"395" 394 65.9881627320755 19.9617317555344 11.318839613346 0.884683373195855
"396" 395 75.6673111894049 25.1946042779922 11.0031299953839 0.843059940870157
"397" 396 83.2370431843758 33.180241578274 11.0032379583166 0.316505225055168
"398" 397 91.5328975693678 39.6072758231314 10.4941873988204 -0.152988503530897
"399" 398 94.7432727894622 43.5583552331534 5.09092698416463 0.229320608938005
"400" 399 94.1303526464558 53.9936377352614 10.4532670491337 0.741003300112263
"401" 400 84.7302470180337 59.132743225606 10.7131877173129 1.01181672332617
"402" 401 73.6304524558224 59.802018807922 11.1199536477622 0.440088339235035
"403" 402 63.6757649088706 63.4704623703073 10.6091131734864 -0.292849085936072
"404" 403 60.7571496404509 74.6152402599709 11.5206071582615 -0.961593980567848
"405" 404 57.2702557315102 85.6838463222349 11.6048468018236 0.0490541247544192
"406" 405 47.8816621530487 88.3477031090435 9.75919168590086 0.989145003101104
"407" 406 39.3001298822223 81.2956988092461 11.1073606567715 0.964339445514053
"408" 407 38.0593739152865 69.4262728726687 11.9341001937047 0.778768620761209
"409" 408 47.383403387104 62.9084388015816 11.3762773599075 1.06487300523794
"410" 409 57.6798346599439 59.8005355322654 10.755257304581 0.316932276981432
"411" 410 69.0352740175678 58.4226421142163 11.4387321533541 0.172394732618744
"412" 411 80.5809136767536 58.0438502954791 11.5518517295586 0.0879553615144469
"413" 412 87.8411072387976 65.6326214124119 10.5023739041961 0.840318980642407
"414" 413 86.4981793617128 76.2400373735601 10.6920871982917 0.88920655658967
"415" 414 79.2139027064996 84.1531466820124 10.7553700688167 0.618111308305388
"416" 415 68.2700842345635 86.7284271549744 11.2427413143375 0.595638702332281
"417" 416 62.8100814021354 93.1260829581405 8.41080440302274 -0.633196129945472
"418" 417 68.7337805158198 101.213618544896 10.024891174297 -1.33865949785242
"419" 418 77.3415852530581 105.769617271357 9.73916971768825 -0.451821732293465
"420" 419 78.0351486270161 108.329317643853 2.65199852010817 0.819392945679351
"421" 420 69.9943229085412 109.996018727114 8.2117459005883 1.63101246248423
"422" 421 62.0312512660315 110.732081693067 7.99701811137062 0.112212872007351
"423" 422 56.9945764582185 101.68974744402 10.3504541828439 1.15475937449406
"424" 423 58.6121927119629 92.2617718540261 9.56574127132323 0.678131275673749
"425" 424 64.9879383348922 84.3736099064869 10.1426441897027 0.509840174892689
"426" 425 74.967908634186 85.9060302554424 10.0969361343271 1.04339407332331
"427" 426 76.129861234765 78.5551692045356 7.44212953634453 -1.56638279848627
"428" 427 74.7059665996666 67.4782071612289 11.168104764942 -0.284617638362109
"429" 428 75.9329120633187 55.1668550667891 12.3723395347866 0.22717619627766
"430" 429 83.8952598392079 46.1563868426088 12.0244550696974 0.624391895356395
"431" 430 94.827669874771 41.8083031612996 11.7653483112633 0.468529822187822
"432" 431 104.619971542998 40.9365142432791 9.83103188272472 0.289749025178512
"433" 432 109.18922264393 49.8663869062723 10.0309860632263 1.18664109745984
"434" 433 109.323468467475 61.2739195571685 11.4083225376215 0.461181488148838
"435" 434 105.242750101983 72.6331693611508 12.0699966233525 0.356651917176016
"436" 435 100.614349381182 82.2600774732078 10.6817345515745 0.10326739697148
"437" 436 91.2106755766018 86.5824110410414 10.3494757594075 0.691800529833742
"438" 437 90.6384272449491 93.9667251014499 7.40645409732798 -1.06261166554257
"439" 438 80.9776980519587 93.3433422020175 9.68082097652891 1.55789396215278
"440" 439 71.5928835357463 96.6149139960593 9.93870844261368 -0.39986766115683
"441" 440 62.9644310122061 90.824698018813 10.3911882869163 0.926467985068907
"442" 441 61.0880869345029 78.287333138688 12.6769943297031 0.831200246775266
"443" 442 67.1089977908122 66.8116276313685 12.9592895033001 0.631742593043968
"444" 443 77.9658663690411 60.8743591600345 12.3742778466314 0.587176274086655
"445" 444 87.5549898151888 64.1615185046145 10.136898195312 0.830681984419432
"446" 445 93.9244623150398 72.1734474045729 10.2352911352998 0.568865497019684
"447" 446 102.379751290553 72.5889093993691 8.46548996387972 -0.850015591752808
"448" 447 106.396493501137 67.5780330946732 6.4220790502186 -0.944174506066074
"449" 448 98.1205205011177 64.6671142005919 8.77297999000197 -1.90829864178213
"450" 449 86.879638070403 58.807154253077 12.67661502167 0.142331835259303
"451" 450 78.1922217337046 48.8808066545571 13.1910416288395 0.371311887012208
"452" 451 69.0208572709925 43.1878979621603 10.7945882500384 -0.296339774058912
"453" 452 56.6482173444878 45.9394913335711 12.6749155749666 -0.774352366840968
"454" 453 43.463799896114 47.1279480859646 13.2378734283605 0.128934002486302
"455" 454 31.7268457881755 42.6187746877146 12.5733343416669 0.456697777544242
"456" 455 24.1923878532339 34.9039037545838 10.7836584649307 0.430428768095
"457" 456 27.0172739222127 24.4975744696346 10.7829342244818 1.03863852676152
"458" 457 37.6849233161935 19.5609892533011 11.7545147577865 0.872309466172392
"459" 458 47.8524337194596 18.6339995192126 10.2096805908721 0.342495779124338
"460" 459 58.1669432649458 21.5648749548808 10.7228325541029 0.367773901781085
"461" 460 65.3525275445538 29.8029492286311 10.9315364509833 0.576677700377691
"462" 461 71.2581480346639 39.3631132438495 11.2371299436771 0.163909210402727
"463" 462 75.514004971436 48.2303125715799 9.83562617142268 0.105872476088974
"464" 463 85.2924503883647 48.1455598066933 9.77881269904536 -1.13197998734081
"465" 464 96.6583919639497 52.3648891678053 12.1238347133716 0.364124663693299
"466" 465 99.8756583729376 63.21196753714 11.314146556276 0.927002187843876
"467" 466 92.5247971387943 70.5787340445922 10.4069404562028 1.07265403119612
"468" 467 81.8230920459544 69.5125934093445 10.7546802717813 0.885774661651458
"469" 468 72.4831021753012 67.9235448050185 9.47420108773376 0.0692244589821192
"470" 469 62.0409348499126 69.5190254213673 10.563352538307 -0.320139739754818
"471" 470 52.8196499077813 74.9453171965636 10.6993802817518 -0.380266233097214
"472" 471 47.6289027878262 84.835681304763 11.1697429628475 -0.55559789669656
"473" 472 38.8889439460516 92.413654249558 11.5677376572932 0.37317458824373
"474" 473 27.2681053117437 94.6464277296341 11.8333920740401 0.524486967201165
"475" 474 18.869892477208 88.5260531350639 10.3917738616667 0.819597640354437
"476" 475 12.484841931303 84.547372538699 7.5232153871635 -0.0725261781580947
"477" 476 7.69951370810632 74.6271053907912 11.014130310178 0.564095245436941
"478" 477 9.4228148559861 62.3717995512115 12.3758752445199 0.589152444954884
"479" 478 16.1050257964566 51.4877593905063 12.7716198374672 0.410909947195952
"480" 479 25.2373891051702 42.9566752245964 12.4971779473679 0.268815174134448
"481" 480 36.7009787864857 43.2150357035857 11.4665007093998 0.773904101714665
"482" 481 46.417520504784 48.7913470769595 11.2029652992522 0.498472614787572
"483" 482 56.4637709232583 46.6061420128678 10.281160860663 -0.735184594876482
"484" 483 64.3723393858664 41.1914671145295 9.58457924910917 -0.386177509443738
"485" 484 74.4723488642365 35.4692209846207 11.6083716443962 0.0848886980059342
"486" 485 85.8118122105071 37.757952606053 11.5681338778715 0.714629109992795
"487" 486 87.3099617482725 49.2560060706487 11.5952440902384 1.24206833595251
"488" 487 81.6216396958494 58.6094374299131 10.9473140981956 0.675959166399308
"489" 488 76.0008099724263 68.8478095227682 11.6798112095817 -0.0443207752880653
"490" 489 68.0428933455651 77.0667274462523 11.4402381475668 0.267192911692339
"491" 490 58.8798821039796 86.3688776524092 13.0572115503781 0.00859779026675366
"492" 491 47.3474659982859 85.7942360740319 11.5467239587021 0.842720435279695
"493" 492 36.5480386280058 81.9997452290094 11.4466498286143 0.288099020533498
"494" 493 24.5707137200101 77.1049108246206 12.9389225130256 0.0500762453074118
"495" 494 15.3044656957745 69.00748138332 12.3057594647178 0.330223093317841
"496" 495 9.76972731840803 65.323242104523 6.64883057156099 -0.130882038480226
"497" 496 8.79947421033028 71.9817998107673 6.72887671317588 -2.01340301786875
"498" 497 15.0887593242299 80.1030611691292 10.2718057465443 -0.803645814271615
"499" 498 18.2940948484336 82.8238437372821 4.2043826664431 -0.208033347231235
"500" 499 26.3482165537954 82.0461623463157 8.09157986987925 -0.800072532632467
"501" 500 38.7153718267218 82.9591097039501 12.4008065230646 0.169945201853322
"502" 501 52.4110589383982 82.664341577069 13.698858846983 -0.0952060382904601
"503" 502 63.979401645263 78.7205458696052 12.222114283776 -0.307037087933711
"504" 503 75.6824370753711 73.5731819080548 12.7850066105198 -0.0858092573632969
"505" 504 86.3565300016848 66.706689144411 12.6919258850953 -0.157275033907182
"506" 505 96.0978866833766 59.5815523339034 12.0690349476829 -0.0598703299873155
"507" 506 103.367552544427 50.0939473240997 11.9525181678748 -0.285479036640468
"508" 507 110.0803153211 43.2138867454017 9.6123055331401 0.119284774961806
"509" 508 113.434955503122 51.1332996028746 8.60062269594169 1.96781990861732
"510" 509 112.872879034026 62.4772816122799 11.3578984758107 0.45018970302342
"511" 510 113.619436290686 73.6694310625971 11.2170208636566 -0.116112925795092
"512" 511 106.411222109122 82.5992259525176 11.476044112121 0.745726457844643
"513" 512 95.6240551113056 87.8368044755784 11.9914636564523 0.439663711135338
"514" 513 83.6176237621674 86.8833563222686 12.0442292041715 0.531256298192422
"515" 514 76.267536548668 91.8412667121437 8.86592676938389 -0.672677106874459
"516" 515 68.1948544001709 90.1003770891003 8.2582621507364 0.805831171900864
"517" 516 63.697901046792 80.8523260035865 10.2834351431191 0.905802141865844
"518" 517 68.2013016970609 71.3478276555624 10.517419182691 0.895078304810647
"519" 518 78.7895642881913 70.8142672927739 10.6016975697042 1.07796389473941
"520" 519 90.2324167293732 72.7335461990964 11.6026938040662 0.216529574364207
"521" 520 98.8796356495249 77.9749426345228 10.111707652337 0.378739059166791
"522" 521 104.616320306834 74.3650976479893 6.77794450288655 -1.10657371535923
"523" 522 103.637784993808 63.8487625344188 10.5617629011334 -1.10192407483769
"524" 523 104.403172676181 51.8715228481249 12.0016702507302 0.156598661302474
"525" 524 108.532926360888 45.167373526389 7.87403858413721 0.488284225436314
"526" 525 100.057472294118 43.6969287478988 8.6020654196838 -1.95111274741902
"527" 526 89.2034943934825 40.4172845510117 11.3386464062363 0.121653249409824
"528" 527 78.1334698472388 40.1640719142137 11.0729201249658 -0.270568060654597
"529" 528 65.928979479819 40.9462741328641 12.2295308756839 -0.0868735375023717
"530" 529 54.5754393763767 43.6356242242844 11.6677108635196 -0.168582638504585
"531" 530 46.2484282455413 50.801601399205 10.9859156761983 -0.47801221546959
"532" 531 44.7512438702457 63.341141600944 12.6286036252888 -0.741363152984048
"533" 532 44.739721769763 74.1524427862797 10.8113073251499 -0.117768768348809
"534" 533 47.6259452002066 85.5509949147472 11.758285432657 -0.24906296983504
"535" 534 44.8557206770996 96.0559185319319 10.8640491581779 0.5058346454214
"536" 535 35.7614427572589 102.473758089247 11.1307931193935 0.698417113185273
"537" 536 25.2267135983801 99.7623342062507 10.8780668284494 0.866453767292374
"538" 537 19.9340844108364 89.613759195696 11.4457633411535 0.83817364211361
"539" 538 14.7410167632495 93.0034733884651 6.20146062642288 -1.66838342677846
"540" 539 10.037815135647 98.4232664952108 7.17595031126973 -0.277770953985952
"541" 540 14.04988204772 105.299887380518 7.96144432293491 -1.24287847113628
"542" 541 22.7954987457556 110.581722095424 10.216828734228 -0.499333310961183
"543" 542 34.9429405803076 115.482155949891 13.0986485976925 -0.159867104833327
"544" 543 48.4692257263352 118.364583207105 13.8299955439176 -0.173487307961845
"545" 544 61.7145321705872 120.348615146406 13.3930775230456 -0.0612718412828196
"546" 545 76.1899523203964 117.720222041073 14.7121119771997 -0.328305193356257
"547" 546 87.8310978255435 112.113653983741 12.9209084066679 -0.269213628164684
"548" 547 93.1125694845636 106.902927784904 7.41927290266894 -0.32982262454475
"549" 548 98.7543937481668 98.2055136321886 10.367024354425 -0.216695178441917
"550" 549 107.832407794004 92.1765857257876 10.8976286740283 0.409110472189003
"551" 550 109.075606351291 85.3541390262987 6.93479066880955 -0.804311848062338
"552" 551 112.30853696473 73.9306777253105 11.8721231650655 0.0955516304672522
"553" 552 116.321278251725 67.972662773338 7.18331642100494 0.316924757561648
"554" 553 111.114916530515 60.2001394731918 9.35512270488204 -1.18291818492958
"555" 554 103.727994240499 50.8729844488516 11.898001587107 -0.0796340494523448
"556" 555 93.9025468382509 47.9727481268808 10.2445491544348 -0.613939403273403
"557" 556 87.0157045814193 54.5541181135908 9.52591345606538 -1.04974632729152
"558" 557 86.7365482759425 64.9370587872552 10.3866927015158 -0.781195677965246
"559" 558 77.927802620424 67.293817700686 9.11856965755333 1.28249207239182
"560" 559 68.3825493924166 60.6684542757232 11.6192641634322 0.868180146651199
"561" 560 63.494212708106 48.9958449515557 12.6548664146968 0.567444448558042
"562" 561 67.9215905121934 36.7457061526111 13.0256506483758 0.743403637240707
"563" 562 77.8474894630067 28.6886620823251 12.784343124787 0.542142959059154
"564" 563 86.2819902412312 20.5134558898955 11.7462674780804 -0.0879422664790302
"565" 564 94.821545525933 18.3273437455241 8.81493566444176 0.519172242693572
"566" 565 103.339513067695 22.7415898769799 9.59381779853978 0.728739314082873
"567" 566 108.48086782577 32.1347344262105 10.7081601253962 0.591865388784656
"568" 567 113.314847107455 42.3600897505693 11.3104043784981 0.0592014392209117
"569" 568 114.785471806099 52.5043897805012 10.2503443894115 0.297638773661459
"570" 569 105.840779642321 57.9783944632426 10.4867652386915 1.16557951180672
"571" 570 100.78995395412 67.2557197804571 10.5631247826588 -0.523057547907536
"572" 571 104.149630841444 73.9710234746818 7.50884361888609 -0.962443215998389
"573" 572 99.5461742147401 78.974171415916 6.79877211236123 1.2077050824093
"574" 573 88.0239716494408 83.6306677177636 12.4275544563245 0.442916293217964
"575" 574 78.0859455658214 77.6323770243259 11.6079220225534 0.927103868654739
"576" 575 68.402234639841 70.8626819465889 11.8153725605031 0.0670686020083217
"577" 576 59.0150504417165 64.610068971542 11.2789359509327 -0.0225125525006385
"578" 577 56.5420559507756 52.6904271764469 12.1734778217074 0.778630234701783
"579" 578 54.8255740077942 40.6302384395461 12.1817265865825 0.0631931677262562
"580" 579 57.8874266015831 28.6421449809484 12.3729271426839 0.391438628886936
"581" 580 67.3433163599026 21.0265729690057 12.1412844539026 0.642722449034836
"582" 581 79.0251534502073 18.8098423774303 11.8902990845497 0.490482956608789
"583" 582 85.1874472298027 16.3382158631091 6.63948810167889 -0.193915500596421
"584" 583 82.2375306117217 9.17846749911271 7.74364285652295 -1.5801719373282
"585" 584 72.2905220536649 7.54696277146235 10.0799199863095 -1.01740405304051
"586" 585 60.1114394597291 7.77070658180063 12.1811376366321 -0.180941176636852
"587" 586 48.218242704762 11.6318707995202 12.50426799811 -0.295549097312779
"588" 587 43.7730474209155 21.7274099813023 11.030850940994 -0.842109219206308
"589" 588 40.3253704237822 32.6415535563154 11.4457418568026 -0.108797960819291
"590" 589 42.9934244944458 44.0979820925833 11.7630041796557 -0.534779631000147
"591" 590 50.1233252858372 51.5840871302724 10.3381455750245 -0.532223483069899
"592" 591 46.775405417676 59.7259521978193 8.80332517982658 1.15115467957998
"593" 592 35.1252174450338 62.9751405675439 12.0947966026656 0.908689324677077
"594" 593 24.1393868032092 66.7425965086064 11.6138795911917 -0.0583849976764869
"595" 594 16.1368910843387 76.4581579901988 12.5869802825437 -0.55141384156849
"596" 595 16.7499742185703 86.8062351702537 10.3662226608274 -0.748189929928801
"597" 596 25.713960556551 93.1293448431188 10.9697204614605 -0.897284897991596
"598" 597 37.4643129443939 96.3716397644959 12.1894732288016 -0.345102295713991
"599" 598 48.4515578286654 96.4821288506967 10.9878004161489 -0.259176431136742
"600" 599 59.2504083850589 92.8551882826756 11.3916579663927 -0.334081825956657
"601" 600 62.6906248635603 83.4237907335375 10.0392404667305 -0.8970053678914
