"time" "x" "y" "speed" "angle"
"1" 0 101.899175114873 61.2087661423689 NA NA
"2" 1 110.115055681763 51.1813736306831 12.9633828174909 NA
"3" 2 101.642634275889 36.9672720684655 16.5475861593091 -1.22394061241303
"4" 3 80.2688786672643 26.1946200349033 23.9350675924139 -0.566427885762104
"5" 4 60.0727355540336 26.7011925897113 20.2024952024096 -0.491930283473791
"6" 5 38.5517874306958 38.2253870644991 24.4122564794844 -0.466555412173545
"7" 6 33.8156195243138 57.8545065312948 20.1924148501159 -0.842406020449878
"8" 7 35.9899177476082 80.104480232392 22.3559589922539 -0.334169605688174
"9" 8 48.1508948411629 99.0342293621222 22.4994392371118 -0.47362078613618
"10" 9 45.5039359873085 113.797879908493 14.9990589247911 0.748436959700545
"11" 10 37.6487224497734 111.751364703506 8.11742595928766 1.64825625350179
"12" 11 34.7751219948477 91.0774015124858 20.8727174464229 1.17782110453508
"13" 12 48.7785510353274 74.7773518277952 21.489244859118 0.847866619920934
"14" 13 70.6769621933618 74.6866653995627 21.8985989340549 0.856899711043534
"15" 14 84.2281277901924 88.7568966755588 19.5347254189238 0.80832932021725
"16" 15 75.6250471973845 104.731893494134 18.1442420354184 1.26060583804081
"17" 16 68.5113462556147 97.6290287032103 10.0526329549567 1.86143464843719
"18" 17 83.1065120814545 89.3180043444437 16.7955944037647 1.83931338179511
"19" 18 91.511089313392 75.5370782644876 16.1415873466278 -0.505507532286756
"20" 19 82.4629376320888 55.9992083216722 21.5313123322811 -0.981346710098272
"21" 20 64.1232029146833 43.6486473548346 22.1106812581698 -0.544423522568579
"22" 21 53.4313072064259 30.3619532859903 17.0544091986593 0.3005202857734
"23" 22 72.8705817533222 26.3554616038844 19.8478555644784 2.04514397998248
"24" 23 90.3054783049802 24.3008199453598 17.5555452809635 0.085951362109142
"25" 24 94.5588160590275 21.7788097577768 4.94483745296811 -0.417912965601871
"26" 25 102.576325088062 38.4737510225881 18.520300074949 1.65830312821971
"27" 26 87.7531978791835 48.4940528847832 17.8922203669672 1.42407773608113
"28" 27 73.2016926732266 56.0483951706517 16.3955601042188 0.115584119736017
"29" 28 71.6898442642973 79.4265512996129 23.4269901951077 -1.02737087715185
"30" 29 85.5382054529992 97.5877111218445 22.8386697007813 -0.716049178799136
"31" 30 93.3396565269935 101.037241642932 8.53005859744458 -0.503007026046539
"32" 31 81.2223511169658 106.066789532654 13.1196586226508 2.33184204450866
"33" 32 69.8102171236697 92.8458288903952 17.4651253240591 1.25212849678549
"34" 33 54.1197667346801 78.1990434519904 21.4643555013425 -0.10768774420994
"35" 34 39.5990316674422 76.6931430963925 14.5986123578202 -0.647672131434204
"36" 35 22.2232173669541 75.3986515021819 17.4239671456454 -0.0289752332651487
"37" 36 19.3228609054219 63.5551814260906 12.1934347518334 1.25626985504281
"38" 37 29.1021422011006 49.6446309563362 17.0040511946887 0.852908677983683
"39" 38 48.7364386464665 41.1538384937639 21.3915673466669 0.549890500049802
"40" 39 44.4033077600352 35.6613064774356 6.99599394148801 -1.83057898587094
"41" 40 33.3016011273037 46.637640168744 15.6117837373629 -1.68257189518247
"42" 41 34.6635530680612 72.2421578468534 25.640714471667 -0.844218507961697
"43" 42 20.8907464903844 90.929565289935 23.2144221976304 0.688277335500676
"44" 43 33.1956847804586 98.3351617393722 14.361558588623 -1.66416099386203
"45" 44 56.3512526844096 91.6917914568302 24.0897217432134 -0.821167941236091
"46" 45 77.9537023384249 94.4018469752758 21.7717760407212 0.404196384570255
"47" 46 81.0760145775546 112.876079150751 18.7362239576709 1.27857012052106
"48" 47 60.7503570593931 115.473397761378 20.4909350082105 1.61112678250797
"49" 48 50.6868918144544 99.9713246707237 18.4820887035012 1.12210193074601
"50" 49 53.2719591032887 79.5706822924629 20.5637735431387 0.701834060761487
"51" 50 63.4441653130254 60.190000336875 21.8880015587777 0.357296485488148
"52" 51 62.6258644167217 38.3180869410459 21.8872157194911 -0.520735610348146
"53" 52 75.3632949008986 28.2004288724678 16.2668110006818 0.936921288021901
"54" 53 85.1115672907268 43.327789304306 17.9962731758837 1.66962942942517
"55" 54 71.5419163623205 53.7334967959805 17.1001220674324 1.48904428310707
"56" 55 52.1509314919322 49.3440035820898 19.8815981479966 0.876805742867649
"57" 56 43.3813606203881 66.5850954775359 19.3432319693026 -1.32287366532162
"58" 57 46.0268746980723 88.7897325223879 22.3616781800659 -0.589121975497324
"59" 58 59.1010102500588 103.515953909235 19.6925015365281 -0.607457757426599
"60" 59 76.1629605127293 97.4619487505363 18.1041742487028 -1.18572184717766
"61" 60 87.9983034767612 79.5237420400835 21.4908027552065 -0.646607041353412
"62" 61 102.094037132644 86.9646177423469 15.9391448488971 1.47327688965915
"63" 62 93.6877990974688 100.94009837961 16.3088594618547 1.62661418416124
"64" 63 78.4219280593138 91.4495088918278 17.9754862904783 1.58548852055933
"65" 64 64.4270807381978 82.3009502053122 16.7198049504762 0.0227650441511919
"66" 65 52.2434726971164 95.4298166978737 17.911098243218 -1.40170263675642
"67" 66 57.1802691974746 110.114089177326 15.4919275087619 -1.07239683777225
"68" 67 72.2500613652954 109.751557889652 15.0741522121761 -1.27052359712625
"69" 68 85.8868577326833 102.695859231722 15.3539929242241 -0.453419503003761
"70" 69 100.956002720172 96.7440758677994 16.2019398796881 0.101313431654903
"71" 70 98.9253358511844 79.5933874034388 17.2704870439243 -1.31249087355541
"72" 71 79.9382714536194 72.0295264544375 20.438214376337 -1.07384383433017
"73" 72 69.2375513594287 79.6216042059425 13.120406057707 -0.996167912459147
"74" 73 56.8332083308353 84.8245535810442 13.4513348100062 0.219911433911747
"75" 74 40.4426093035962 71.5323167377236 21.1029689089155 1.07854931115888
"76" 75 47.5439477911493 54.2027117385521 18.7281664276596 1.2783133176574
"77" 76 66.5371281272034 64.6976751434357 21.6998883902134 1.68669704540456
"78" 77 79.9308081438845 82.294057189338 22.1138717888703 0.415380116498664
"79" 78 65.5998831296614 94.4838901781575 18.8140224316491 1.51656210843023
"80" 79 54.9339825198 85.759068405984 13.7798385613052 1.39046724777749
"81" 80 67.3583985600791 69.7221224238353 20.2866889949123 1.54431503349819
"82" 81 66.9749729226925 51.3538148250852 18.3723090345691 -0.680017033713262
"83" 82 49.0446845867546 53.4642364287698 18.0540610156045 -1.66708748345757
"84" 83 47.9469430421975 74.3976241176268 20.9621505726544 -1.4012421400059
"85" 84 67.446857317205 81.8142808487002 20.8627288195772 -1.25974135036005
"86" 85 80.512845144807 66.2107362872715 20.3516741520577 -1.23712541604182
"87" 86 71.5676435681747 46.2480394264334 21.8752347919812 -1.11838694823517
"88" 87 67.4858934471453 24.91074551046 21.7241983904391 0.232256306833974
"89" 88 79.3648461623787 24.6229832634 11.8824376590658 1.73558951380267
"90" 89 94.7287550362856 37.0861564223303 19.7833359440514 0.705751641028268
"91" 90 87.556521311569 50.8155147400173 15.4898746417589 1.37067206954893
"92" 91 72.6214225058212 45.5871694805152 15.8238039197283 1.42612683970234
"93" 92 66.3835431634332 52.4712495759813 9.28987069075691 -1.17134225001587
"94" 93 74.4688488688393 71.0861734106066 20.2950131243804 -1.14595170739908
"95" 94 74.0959958341494 91.8986171534805 20.8157832890278 0.427672536694426
"96" 95 76.8818372676005 101.445196419036 9.94475179005787 -0.301844418794209
"97" 96 89.0453305364377 100.814393113183 12.1798391332448 -1.33867885649791
"98" 97 98.4058532166914 89.6528221148689 14.5670879724791 -0.821121359809803
"99" 98 94.4047301403278 98.1668081373689 9.40728142789057 2.88304920348309
"100" 99 95.9456440603278 95.0811437986189 3.44902016814677 -3.11776006135034
"101" 100 88.9019897066703 107.424411008881 14.211590765207 -3.08618571207444
"102" 101 97.56515110574 105.778614942834 8.81810694635457 -2.2770925737617
"103" 102 83.6790082220191 97.6301355071364 16.1003938244101 -2.42319156346189
"104" 103 82.5259298334397 89.038151241916 8.66901282638361 0.906727526310568
"105" 104 75.5330828616707 100.014540938183 13.0146471152657 -2.44094629785181
"106" 105 53.0075085491736 96.7459581975257 22.7614835026268 1.14765649497751
"107" 106 33.2066569187666 99.5353002309211 19.9963535242968 -0.284048581742113
"108" 107 51.2965693259317 110.203412578973 21.0012750081885 -2.46881204902069
"109" 108 77.159391949432 110.251281181988 25.8628669226324 -0.53098082105291
"110" 109 97.7421105686248 100.53016714951 22.7628724854599 -0.443089807876804
"111" 110 113.664249316823 87.4826267370064 20.5852571791753 -0.245255151514422
"112" 111 112.868705559609 93.7180305290485 6.28594864117216 2.38418979604945
"113" 112 92.5466164669935 96.9323216079415 20.5747168201184 1.28702910100075
"114" 113 82.3824446706466 113.189154247996 19.1727670353658 -0.855167660037582
"115" 114 68.9192917992177 106.706786959734 14.9424753939701 1.46076539894643
"116" 115 53.1169056620464 92.4480829481655 21.2844085592665 0.285361841619406
"117" 116 39.4877117814304 74.32640259123 22.6748809212829 0.191865141350325
"118" 117 26.8615592799074 62.9643217009686 16.9857766719264 -0.193205497494626
"119" 118 20.6106512466329 77.4744483450842 15.799291960994 -1.89677784329699
"120" 119 18.1352988281719 76.8539738091185 2.55193225720488 1.40962724044402
"121" 120 29.6521468521008 62.8535889099579 18.1286669595677 2.01357147696543
"122" 121 49.2804883236733 51.9133804674942 22.4713139288562 0.373938026309741
"123" 122 70.5161971818252 51.1611782230579 21.2490267759426 0.473075610096876
"124" 123 78.5163937497392 33.8765337943822 19.046314030568 -1.1019011527604
"125" 124 95.4166636725175 40.0377869147512 17.9883340939628 1.48689919010272
"126" 125 93.3330194129152 60.5928915542194 20.6604428834442 1.32222867851549
"127" 126 80.5882293838187 74.0951495936994 18.5671927078506 0.655523383937738
"128" 127 66.9787938017738 70.0607938384444 14.1948146596492 1.10243516217574
"129" 128 66.2562596594811 88.1593249577887 18.1129479727805 -1.81908109952447
"130" 129 85.204820428569 93.4885302787158 19.6837086081971 -1.33653372507218
"131" 130 103.633775814688 83.3416104005486 21.0377370369891 -0.777464791333844
"132" 131 114.336685175394 72.4840074993189 15.2459768314231 -0.289271769571004
"133" 132 110.530030540937 78.4071951755153 7.04093543170793 2.93457422493909
"134" 133 97.4844941560805 92.9882079513771 19.5650697197444 0.158670545917074
"135" 134 79.1049345090298 96.4687480601348 18.7062121304171 0.653766798461113
"136" 135 68.8345657682703 79.1102914691478 20.1691965455333 1.22368298331448
"137" 136 79.8693211059342 63.1291707473845 19.420660258747 1.13858011677032
"138" 137 89.9621490409217 47.9778509876046 18.2051549344783 -0.0166781956938878
"139" 138 75.1044884136111 33.313819884845 20.8754374205437 -1.37959155764986
"140" 139 54.2588899725193 29.5961594249171 21.1745123594985 -0.602352173596394
"141" 140 49.388734289734 21.3444466411676 9.58171071573654 0.861127146232419
"142" 141 58.8926958374279 18.2982973995729 9.9801959049966 1.79380951596782
"143" 142 72.9501235951227 32.4666729902995 19.9588111380089 1.09949766421218
"144" 143 77.701325754115 53.641543270967 21.7013606338107 0.560743905836254
"145" 144 89.7549921778684 69.7496520317736 20.1186988173961 -0.421687418450453
"146" 145 105.165133562924 64.6607338509489 16.2286643245377 -1.24734190417276
"147" 146 109.579062722507 76.2468810304635 12.3984505923601 1.52576195087828
"148" 147 93.0854530589808 85.0789857098664 18.7094957922627 1.44315511432234
"149" 148 74.3482687414585 75.34167240994 21.1162815488364 0.970898388487372
"150" 149 56.1127816577331 74.8044713383789 18.2433980982711 -0.449815665740652
"151" 150 49.8126786035758 94.9334908127555 21.0919113285837 -1.29691926266127
"152" 151 60.0603080844823 109.382617798056 17.7141519869081 -0.9202156711461
"153" 152 80.7753132515671 101.969218789053 22.0015891230392 -1.29758212280184
"154" 153 90.0690711515622 102.207135295652 9.29680268521565 0.369267831041104
"155" 154 75.458246009082 100.238508592376 14.7428525883217 -3.03325570483878
"156" 155 53.8099134265689 100.422012281771 21.6491103098284 -0.142407331973101
"157" 156 37.3989463341908 101.069060948012 16.4237179981757 -0.0309310379302722
"158" 157 44.2436609841658 84.9333781270831 17.5274179141486 2.01139437457717
"159" 158 64.2133453832203 86.9286973362929 20.0691204028597 1.26919257055441
"160" 159 77.9959388039248 76.0896232990217 17.5341212322116 -0.765999794235955
"161" 160 93.248515467293 60.6747830224724 21.6854420204766 -0.124276277911043
"162" 161 107.215248971901 59.1256415121854 14.0523835774444 0.68022418791189
"163" 162 109.161177696539 73.6226382292785 14.6270144738009 1.54782910835783
"164" 163 91.5822974141774 78.5473981284511 18.2556920451158 1.43107882415003
"165" 164 75.6584576152613 67.3353485559228 19.4750797060853 0.886625173443782
"166" 165 59.0531593125358 61.5962483936401 17.5690979391433 -0.280709191663114
"167" 166 53.566136090137 77.6718206974083 16.986213490264 -1.57463526936132
"168" 167 65.9834986251032 92.4919279020395 19.33459257087 -1.02633856173612
"169" 168 85.2763016700146 87.6033607948239 19.9025208878547 -1.12155001349067
"170" 169 100.406839273887 72.7830178992531 21.1796065054218 -0.52687682099302
"171" 170 109.102346412037 76.3697467189854 9.4061930671183 1.16626083316577
"172" 171 97.0902075799743 88.3516685996324 16.966376492188 1.96623476038797
"173" 172 78.9513828842158 83.4438087012135 18.7910630387418 1.04838379858275
"174" 173 63.6749343079066 72.2635386575782 18.9306185676334 0.367547146067459
"175" 174 53.469418437553 84.908678717371 16.2496806526102 -1.52355125533172
"176" 175 64.7200544448818 102.463875171034 20.8509408204069 -1.24896885139508
"177" 176 84.9583528778102 99.6727528322024 20.4298577422996 -1.13791305277359
"178" 177 100.891855633779 90.3474031708774 18.4618161723178 -0.392467423183012
"179" 178 95.05287432788 70.4351573412627 20.7506924383176 -1.32652004751187
"180" 179 83.1130747724625 55.6362091618163 19.0149330958983 -0.393634368146658
"181" 180 63.7249230904135 60.8587462287375 20.0792260573336 -1.1550446152984
"182" 181 69.1711142123429 77.7230806983695 17.7219292076287 -1.62004295723457
"183" 182 86.6373802268843 86.5726700270527 19.5802369693798 -0.789460151227022
"184" 183 84.4550040507692 102.736574306556 16.3105661253989 1.23603281911377
"185" 184 66.019560523146 98.4040046345836 18.9377067783477 1.66741678415083
"186" 185 56.7010477372679 80.2086683248711 20.4427234967388 0.866661667608376
"187" 186 41.9397028588542 85.8634161333523 15.8073867352258 -1.46331994306854
"188" 187 42.515064283858 104.373174242292 18.5186982809499 -1.23603658758582
"189" 188 33.8185336497819 106.055765104376 8.85780769031424 1.41075354082167
"190" 189 35.9966619638545 88.5225558313994 17.6679843321911 1.88550884670879
"191" 190 49.4115361526376 71.9922751586085 21.2887065981502 0.558138501994729
"192" 191 61.9810571721147 60.0882836131786 17.311784234236 0.130851311272908
"193" 192 67.6124125199452 41.0700381119755 19.8344605421365 -0.524707792605107
"194" 193 56.2425648672284 28.3891970578825 17.0316518718872 -1.01881999480835
"195" 194 44.1945650922327 39.5872214528674 16.4484056652605 -1.58870398231445
"196" 195 52.4422582866097 56.861080990752 19.1418563980388 -1.26740525522105
"197" 196 73.1476991288351 58.6292993609464 20.7808054866887 -1.04014525472218
"198" 197 92.0263669578376 64.3586684702949 19.7289069486621 0.209457800844724
"199" 198 105.401417779699 54.699488379002 16.498234588083 -0.920106430540974
"200" 199 107.690109064871 69.8609417821141 15.3332246149842 2.04642950409177
"201" 200 94.9815620530264 77.1774109078147 14.6641701988072 1.19825018422136
"202" 201 77.4452672999376 79.9510564486032 17.7542880243941 0.365503035364468
"203" 202 60.6699534744651 71.9762055733048 18.5744286702535 0.600634695397721
"204" 203 68.7929315964106 57.4824438481199 16.6148097345723 1.63785632672013
"205" 204 84.6468004216243 59.7991869535225 16.0222487605053 1.2050721994082
"206" 205 89.5918174499647 56.5478456628215 5.91814274913956 -0.72673256746342
"207" 206 95.1098101797235 56.3002711799875 5.52354387057995 0.536791831972187
"208" 207 80.6987698282918 49.0660628993714 16.1248830525349 -2.6315170551799
"209" 208 66.902583327125 54.3362812119005 14.7685464090646 -0.83013714053228
"210" 209 56.0181231750495 70.8053452961175 19.7408597738843 -0.621896072329042
"211" 210 50.7143248380725 88.4321208806386 18.4074304102009 -0.291724860033101
"212" 211 70.8089418038678 93.3394142724111 20.6851434472899 -1.62355222380973
"213" 212 84.0670612405821 106.784838145205 18.8827210464299 0.552891004917511
"214" 213 72.8155394746607 111.20411157554 12.0882885348201 1.97492124818298
"215" 214 53.1004116330264 105.090066648478 20.6414101064368 0.674973799104844
"216" 215 47.3013952798775 87.7760520950594 18.2593452954941 0.946893065186093
"217" 216 63.4371514971368 76.4634893142395 19.7062605628977 1.28253006271105
"218" 217 81.2282717376511 73.9660006888271 17.965561745921 0.471987839229151
"219" 218 86.8567482351975 60.8202076724503 14.3000567031343 -1.02678683753301
"220" 219 70.3311864904286 55.2205614578124 17.4485021909985 -1.64863366989727
"221" 220 51.5706057816273 62.4078751809086 20.0902181940778 -0.6925644659899
"222" 221 45.6504212889495 46.2587275244265 17.200103326963 1.58527472627106
"223" 222 63.0921039339559 40.58060220881 18.342666125429 1.60744875024394
"224" 223 82.4198887639678 49.4341186497568 21.2590691189749 0.744274790720747
"225" 224 102.480742559739 55.9246065599995 21.084693223481 -0.1166354859772
"226" 225 113.793057779152 54.0921328497589 11.4597746715235 -0.473505056082711
"227" 226 121.046249605629 56.9459220940118 7.79441496985369 0.535443877205853
"228" 227 115.598242452043 72.0772060428639 16.0821806943684 1.54154588845681
"229" 228 101.210137285986 78.6355271938424 15.8123099700483 0.797517614161157
"230" 229 87.7173466797857 84.1546860933142 14.57794612764 0.0394001364907267
"231" 230 95.1740133562085 98.2951844958811 15.9861056232051 -1.66778637560992
"232" 231 106.515748462945 90.1686488879278 13.952617540043 -1.70725165871153
"233" 232 104.121373613584 67.3953935027979 22.8987814469592 -1.05382643488239
"234" 233 92.0926965645893 52.4387649113653 19.1934835392397 -0.572564361605262
"235" 234 71.388195399769 59.0457492645818 21.7331224339186 -1.20237119785632
"236" 235 50.2449725433859 62.7605602051072 21.4670839444608 0.134971795800267
"237" 236 30.9018237727732 54.0294721420341 21.2223774145874 0.597922318184993
"238" 237 41.166149240132 39.9885095251046 17.3926711148656 1.77804387397404
"239" 238 61.460202129139 42.3927046487761 20.4359667462663 1.05746716583872
"240" 239 82.4239653320608 44.3668591584157 21.0565109563791 -0.0240254049533804
"241" 240 98.7306624131264 38.1952959968645 17.4354971695861 -0.455700604075833
"242" 241 101.273630102715 33.3739747866869 5.45085524317042 -0.723629187333256
"243" 242 108.34405201345 45.5208074491492 14.0547646627633 2.12909474533449
"244" 243 99.5915640789827 61.6171762333205 18.3220941237359 1.02517468971638
"245" 244 91.2591642958649 76.9708843127863 17.4689793043312 -0.000817841041041526
"246" 245 73.181962179302 84.3995131889195 19.5440467493911 0.683676983278774
"247" 246 54.2972027495377 83.4749867855655 18.9073765443694 0.438818070325139
"248" 247 57.5648434652154 101.908535553961 18.7209293584365 -1.79515693402477
"249" 248 75.7381018857425 109.337051208756 19.6328848224806 -1.00731698066342
"250" 249 90.3441186769014 110.253248822304 14.6347239321651 -0.325390569353372
"251" 250 105.721082612453 98.4707115839606 19.3721243968804 -0.716463068018407
"252" 251 102.970456407369 81.2093373455457 17.4791585929847 -1.07500149540696
"253" 252 85.6968275307363 72.2710406189324 19.4492005733047 -0.935260843056704
"254" 253 72.8592940863146 84.0687410666688 17.4352516698545 -1.22072660418239
"255" 254 62.0150426644724 88.8099388332562 11.8354021968846 0.331048365498526
"256" 255 50.3995453942771 73.5894557269515 19.1463542958763 1.33109845895277
"257" 256 35.2590670772515 76.2209903813418 15.3674675306499 -1.09102155041182
"258" 257 45.3239504593735 89.8894212399098 16.9743300200971 -2.03342166800342
"259" 258 64.2101357833342 94.1386787652959 19.3583105050011 -0.714774554748434
"260" 259 68.1298803796812 109.004617895711 15.3740217226918 1.09168338561656
"261" 260 62.7818674217545 117.877406297228 10.3599042764038 0.800239385921876
"262" 261 75.800453786281 120.484870944712 13.2771406115366 -1.91555813044737
"263" 262 92.7638572962272 110.726538619576 19.5699286766473 -0.719700418110316
"264" 263 103.445054529086 100.543152667813 14.7576869383308 -0.239515439640027
"265" 264 96.8737746850591 82.8601194640726 18.8645535879622 -1.16505246514529
"266" 265 83.2364790399004 74.4647291042099 16.0143189617274 -0.663171042268388
"267" 266 71.1771978526795 90.1669834389423 19.798662933266 -1.46770201328433
"268" 267 56.9414063475099 87.4117792077855 14.4999624183666 1.10705339778753
"269" 268 64.6377325595421 68.8871177306944 20.0598235287062 1.7733850849505
"270" 269 85.171890311081 64.8304738081017 20.9310294653606 0.981986215654067
"271" 270 103.710549962338 59.3294022531592 19.3376236884927 -0.0934144560308661
"272" 271 113.628915746238 58.9687543797748 9.92492048894158 0.252113204693596
"273" 272 105.619917042229 45.6172045858676 15.5694554220757 -2.0747638571992
"274" 273 87.8702302972746 33.6487868351295 21.4078117284367 -0.437222160816791
"275" 274 71.1069968867596 41.8454335368952 18.6598770502105 -1.04804231856811
"276" 275 73.2888784359954 58.7206517440924 17.0156867811856 -1.24459670435927
"277" 276 76.8805496341887 72.6745675655641 14.4087427886214 -0.123344995507303
"278" 277 56.5333965636604 77.8580292993125 20.9970215416554 1.57327763184013
"279" 278 47.1756455999879 92.8034306228362 17.6332788731789 -0.76194011179561
"280" 279 66.1750980807573 97.520877690922 19.5763505641171 -1.88683495624434
"281" 280 80.6535347205545 80.9408737421612 22.0118526815337 -1.09633233508641
"282" 281 85.0741497611113 60.3342644288958 21.0754403210551 -0.506514940672225
"283" 282 100.791200452569 65.5794709437915 16.5691844645947 1.68157999757566
"284" 283 103.678574888336 82.5140961611122 17.1790122644881 1.07981411188211
"285" 284 87.177512868784 83.1159077517539 16.5120327326385 1.70321867064241
"286" 285 76.0500491538069 67.2048329469436 19.416043628206 0.996959401707239
"287" 286 62.4039181253185 64.1178805806897 13.9909315972238 -0.738034381040732
"288" 287 62.6734391566082 84.1311125336586 20.0150467096543 -1.80673275050621
"289" 288 76.5256813723301 97.1135997042843 18.9849832114355 -0.804332038565716
"290" 289 72.3213760479344 106.081071182783 9.90412681554667 1.25620834456922
"291" 290 57.922702570488 95.3347962084704 17.9667532886067 1.77353955693843
"292" 291 58.3935437001009 78.2814102426605 17.0598846499095 0.957245938315902
"293" 292 68.4521302222246 59.945152962188 20.9139545251186 0.474136216239638
"294" 293 61.3444649454679 42.5344839375513 18.8055922951621 -0.889325355391302
"295" 294 48.330511745729 46.7283245484259 13.6730127241371 -1.49495917552967
"296" 295 51.9438879956233 66.5618222697815 20.1599632883177 -1.43925622657444
"297" 296 44.54723385735 85.5114241417219 20.3420230937408 0.552354109286
"298" 297 32.1054697655138 96.2134820177303 16.4113234231228 0.488281377058788
"299" 298 22.7641079271491 88.049467933019 12.4061342476462 1.42861285304896
"300" 299 26.810920412061 70.4077984502023 18.0998672213082 1.07804179775975
"301" 300 41.1108139180493 61.0729260141116 17.0770839923183 0.76697165006611
"302" 301 59.5972563053229 60.4168098563473 18.4980820776227 0.542859403974032
"303" 302 69.8559972598308 47.5532637415785 16.4533456968022 -0.862101787872566
"304" 303 62.8864254418227 35.9958679042578 13.4962339142032 -1.21586946818994
"305" 304 66.0736560742671 33.9440516628898 3.7905657879443 1.54147101932132
"306" 305 71.1217542809338 27.4433648432023 8.23056648304417 -0.338542492996364
"307" 306 74.1589179493396 37.3474100832385 10.3592700160469 2.18376128314038
"308" 307 90.4924629561111 45.760916104603 18.3731264639355 -0.797582496883033
"309" 308 94.4066757387116 56.7223636514801 11.6393468042846 0.752160916673309
"310" 309 107.0947566276 50.1723025948689 14.2790299561392 -1.70437305244879
"311" 310 92.1533948676005 50.2638776865356 14.9416423876562 -2.6711686062923
"312" 311 88.2281320015135 60.9009218124776 11.3381831130529 -1.21115137192581
"313" 312 95.9110503719908 41.6002039532226 20.7736598742249 -3.1162725369579
"314" 313 92.149472736445 32.0115520450617 10.3000830930686 -0.75268249031129
"315" 314 83.4970679060769 31.3240950152157 8.67967202816218 -1.11766386460298
"316" 315 71.2184154946898 39.8926245779978 14.9728088182523 -0.68856069620139
"317" 316 71.4825501702097 55.7264022451949 15.8359806245475 -0.97820195990845
"318" 317 89.6183965487663 52.1327410483159 18.4884646378372 -1.74973452852233
"319" 318 98.4596679025785 37.0587132809564 17.4755369669394 -0.844726587129114
"320" 319 100.01893558636 40.5776118200297 3.8488910919873 2.1940298109446
"321" 320 89.9817078824673 56.9983504296701 19.2454305346993 0.965764270438079
"322" 321 72.3794533784829 51.0735745297542 18.5726232150243 1.34682390790827
"323" 322 59.5365337417244 50.6676292182059 12.8493336944842 -0.293082401292371
"324" 323 64.5832334062513 67.9395998082568 17.9941697659969 -1.88667078043674
"325" 324 83.9234037082098 63.142851250062 19.926138211889 -1.52963408785203
"326" 325 100.755604309511 61.7364707427866 16.8908520570663 0.159754884880191
"327" 326 96.647008466576 75.8357909180026 14.6857546351503 1.93770754394588
"328" 327 78.9581592130581 71.4892500514839 18.2150433822705 1.5281928210275
"329" 328 77.4916431866037 53.7470010836515 17.8027544973355 1.2473787315069
"330" 329 76.0922247993434 43.310998432657 10.529412289115 -0.0508308228581341
"331" 330 57.2600666337825 52.4054300399358 20.913126677572 -1.88738699248142
"332" 331 58.249857389977 71.276190406635 18.8967003087425 -1.17330860176707
"333" 332 75.7070004059907 83.1860913117396 21.1328555063192 -0.919688887419971
"334" 333 94.4007962431906 81.3775205114487 18.7810790729014 -0.69515137992894
"335" 334 108.387948580962 83.4310651245615 14.1370957412787 0.242221992869212
"336" 335 97.041545561555 94.9464036593971 16.1661338312748 2.20303013671501
"337" 336 80.151770435005 102.535392412063 18.5164049997163 0.370495483020366
"338" 337 81.5421681871474 113.346350992125 10.9000014371087 -1.27641223496883
"339" 338 93.9295771874436 106.27646154064 14.2629323281305 -1.96150920278086
"340" 339 102.81904991688 88.8924824824319 19.5249956031653 -0.579481246892658
"341" 340 93.4793985976586 75.5030558532547 16.3250063467907 -1.08176688783113
"342" 341 79.042062177216 84.9860362604159 17.2732046916501 -1.54289046613214
"343" 342 77.2620037567979 96.9366623042915 12.0824695663039 -0.841765675203868
"344" 343 61.2508715032947 90.6371568525228 17.2058166029989 1.79777546704616
"345" 344 43.808505732362 92.2448822468454 17.5163039660356 -0.466756945983125
"346" 345 41.0241655095935 79.6914843281443 12.858473851176 1.44444390421216
"347" 346 52.2802870241447 62.556180659284 20.5016805012273 0.799474424464362
"348" 347 65.4437371097975 50.5179702767745 17.8380191549127 0.248809827046904
"349" 348 86.9312429775154 53.3907038098156 21.6786878377606 0.873683473005319
"350" 349 100.714454861224 66.2104339943288 18.8234537700956 0.616291773679405
"351" 350 100.217963580002 83.9940644679747 17.7905597555422 0.849510644757167
"352" 351 86.6437196362471 94.4971731242369 17.1631987138125 0.884354759310805
"353" 352 71.9325026248287 84.8103340306002 17.6140500051253 1.24083422100088
"354" 353 57.5158860920067 72.7491734887063 18.7965535636663 0.114368146028649
"355" 354 47.624281441658 85.179452291644 15.8857065841454 -1.59531386015568
"356" 355 57.9990341210452 101.18178461546 19.0711859348153 -1.24735305945947
"357" 356 77.7600761244066 98.1332578230594 19.9948067423168 -1.14866062235798
"358" 357 91.8283865978203 84.4208556954289 19.6455422853686 -0.619524621752754
"359" 358 106.765337440635 87.9713364927808 15.3531239287984 1.00595457634121
"360" 359 101.238432377805 99.7557410112434 13.0161003925257 1.77597211745075
"361" 360 84.4006215559538 103.079048405013 17.1626409770154 0.93738639874065
"362" 361 67.1558756397907 97.351605521736 18.1709896179109 0.515531391665518
"363" 362 60.5998590516529 107.485745886202 12.0698862641963 -1.3172509912844
"364" 363 77.5375120636867 109.249917642766 17.0292804176428 -2.04122339473687
"365" 364 93.1797221800595 95.8618534306293 20.5892933505023 -0.811688125888138
"366" 365 95.8351274795051 75.1786365915788 20.85297667278 -0.73520471599438
"367" 366 92.9434905077357 55.6455289987837 19.7459833031484 -0.274656375840353
"368" 367 77.7349649458558 40.4697002521369 21.484995413402 -0.639503959836778
"369" 368 79.4270842706743 24.5582184280056 16.0012037562517 0.892421868916583
"370" 369 93.965360121354 29.3884351188861 15.3196755184735 1.78561619378556
"371" 370 97.9290356261528 47.3545374671685 18.3981400444801 1.03288757372963
"372" 371 83.3879791033392 58.2482774056849 18.1690917397565 1.14496718453893
"373" 372 64.6265065332389 55.2229007967181 19.0038353135546 0.802848883764562
"374" 373 56.7260935038948 67.4223424718721 14.5341977150345 -1.15598542853427
"375" 374 71.136750036679 78.216710858033 18.0051495567803 -1.50258990923357
"376" 375 84.9558653390015 71.6966401340992 15.2800284680358 -1.08374251300741
"377" 376 92.3631423233692 53.8306655718529 19.3406514725325 -0.736918604003727
"378" 377 99.071087730116 52.7979590792136 6.78697386762579 1.02501191033646
"379" 378 93.2724874562754 68.785240860372 17.0063795055251 2.07149423904401
"380" 379 77.2809694472732 71.9365604099789 16.299063259463 1.02828293916959
"381" 380 65.7366886796584 57.576782403178 18.4248105240224 1.08823151107582
"382" 381 67.7273787065207 46.7390187923108 11.0190728678999 0.858789732511188
"383" 382 50.4792354040884 52.4216723542444 18.1601486471394 -2.07071704300549
"384" 383 39.5871158567021 65.7134154775049 17.184548393522 -0.566033892154446
"385" 384 39.122814078416 84.0937835423395 18.3862314338777 -0.661242350021615
"386" 385 23.5314650768827 88.00003239844 16.0732368803983 1.30005458567536
"387" 386 28.0244014747152 96.0539468691986 9.22236497744809 -1.83416575896022
"388" 387 45.858672183604 99.3116289928651 18.1293602903353 -0.881268239844031
"389" 388 61.1383358368618 95.7762732833097 15.6833306841937 -0.40804766097201
"390" 389 77.3264687014929 105.712609994025 18.994378980942 0.777882913405328
"391" 390 89.4253900823363 93.6962798786149 17.0521578699685 -1.33248086019591
"392" 391 91.5971928113053 72.9105352545424 20.8988972596814 -0.68471555971484
"393" 392 108.220850368028 65.191584346829 18.3283439971773 1.03197787910492
"394" 393 117.914518487979 74.954691359033 13.7581052529593 1.22367802940106
"395" 394 110.608144116732 91.8523345544823 18.409602168801 1.18994277538739
"396" 395 95.4659055158266 98.8163683506862 16.6668880287062 0.731620201392945
"397" 396 81.3025265356799 99.8348599439443 14.1999517344531 0.359276004122111
"398" 397 68.3621842493735 103.007516717294 13.3235959668646 -0.168646320853936
"399" 398 54.2351929130849 88.7514392777118 20.0700679664752 1.03037909421595
"400" 399 36.7752267268962 80.7499949830953 19.2060805481677 -0.360233084887476
"401" 400 32.6218799373799 96.4154378251011 16.2066772964151 -1.7413440870904
"402" 401 50.8842154100264 103.167826257367 19.4706868511535 -1.4758069094698
"403" 402 69.7762896915484 105.279194851115 19.0096908969401 -0.242857053181724
"404" 403 85.8992393183315 91.610669369695 21.1371259518414 -0.814494663299788
"405" 404 105.578540882719 84.5486667263606 20.9080556579649 0.358656028436881
"406" 405 116.421594009265 72.539126879521 16.1802610744676 -0.491856868681222
"407" 406 101.956089657278 67.4405769973237 15.3377321354436 -1.96632777473934
"408" 407 85.1617351352929 67.0836385637399 16.7981471851951 -0.317616744925687
"409" 408 72.2751489186838 75.5014027104073 15.3922986440304 -0.599885153048924
"410" 409 81.3951917583876 84.7558349236761 12.9930634181482 -1.77024582928908
"411" 410 88.0398958282811 70.0092175797599 16.1745112836324 -1.94016236177255
"412" 411 70.120527101402 62.4027120543581 19.4669643724393 -1.59270777585821
"413" 412 49.8608005889842 54.6740089399478 21.6838504465572 -0.0369938614906148
"414" 413 55.0590330946769 35.9009729758924 19.4794378895018 1.47648644276724
"415" 414 75.6062648761386 33.5466595308347 20.6816712496521 1.18658255942407
"416" 415 88.4764842070194 23.8196336821048 16.1325006582005 -0.533105599578313
"417" 416 75.4866720275313 13.381535152134 16.6640067624733 -1.81749586254234
"418" 417 65.9814710133105 5.43242583320128 12.3910122784656 0.0195728098427253
"419" 418 60.5565885876017 3.93599340968385 5.62749138879115 -0.427328341189752
"420" 419 53.1174904516157 3.81575253418714 7.440069821243 -0.25299065260196
"421" 420 43.0988599783386 3.89115935283556 10.0189142499761 -0.0236884771464225
"422" 421 33.0864730735524 11.2045653937527 12.3989434812188 -0.623335491905821
"423" 422 22.0388216516667 15.8246747209345 11.974807394468 0.234766517235576
"424" 423 15.165019062198 24.9905826992457 11.4570079473593 -0.531243604534655
"425" 424 10.5126731993277 35.8137936157687 11.7807561969217 -0.237486657002782
"426" 425 9.65498452467596 47.5773808290635 11.7948130119735 -0.333188888490236
"427" 426 21.9664031836963 43.5045810614675 12.9676029914786 -1.96306019554341
"428" 427 22.6176236480696 34.0019619423835 9.52490725496051 -1.18289049622268
"429" 428 29.1520531202041 35.0984950779321 6.62579455187503 1.66863217309266
"430" 429 41.2322767162131 26.5168484853618 14.8181125778335 -0.783923338288211
"431" 430 38.5503793905586 20.2984283464617 6.77209880976578 -1.36031261479865
"432" 431 24.1373825843987 24.4342536539464 14.9946499761884 -1.44305894962702
"433" 432 11.7337698865942 33.3809248442018 15.2935454798318 -0.345433035500159
"434" 433 10.8497263846915 32.0858406411771 1.56804847060943 1.59670968882686
"435" 434 12.8200601042225 24.9944476816251 7.36003186631032 0.869975042606148
"436" 435 19.6207441560684 17.9186888240236 9.81405456393832 0.494564996573104
"437" 436 27.31230846225 11.2667110197645 10.1690201191896 0.0921717129216496
"438" 437 35.2313215557958 6.31544293021137 9.33947664863389 0.154276544750736
"439" 438 45.90228105862 2.62220039628305 11.2920067802553 0.225572281291119
"440" 439 56.4362481425906 0.589616682177894 10.7282738164637 0.142585551010885
"441" 440 70.14801395344 1.72967983194368 13.7590793891537 0.273566704492422
"442" 441 79.4805077668659 2.71449322565165 9.38431127990003 0.0221820372617758
"443" 442 86.1088895146155 7.16270210630055 7.98260651916302 0.485919237533198
"444" 443 86.6437183139294 7.68688581781655 0.748872758213423 0.184291249928559
"445" 444 94.5594015181785 16.1195118488769 11.5657780702272 0.0416615971948517
"446" 445 105.771396408994 19.4465943182581 11.6952258289331 -0.52854202969868
"447" 446 103.112778056152 33.3379923019967 14.1435211135235 1.47142942033047
"448" 447 101.300567100439 39.0422349797837 5.98518947695852 0.11851164336522
"449" 448 102.057751013662 39.51049356751 0.890277250873583 -1.32455273076953
"450" 449 104.247447879074 45.5752789332547 6.44797595334749 0.670456131302175
"451" 450 90.8071057595697 51.1117936669788 14.536017050281 1.52653145188803
"452" 451 88.8704874304746 61.1212190592243 10.1950520957725 -0.988927727788292
"453" 452 89.6275782349362 67.8132979997839 6.73476852110617 -0.303771424006658
"454" 453 74.8850975997409 73.8547038194683 15.932335659194 1.29452736304614
"455" 454 61.9866347861256 60.4602128860727 18.5952340754031 1.19318372169768
"456" 455 55.9999772841452 39.7190311396536 21.5878829041665 0.485535928273049
"457" 456 58.0128397866042 20.8476454292037 18.978430232408 0.387259426885757
"458" 457 74.1309759044908 17.9054718508979 16.3844651203388 1.28398566315022
"459" 458 79.4265676992293 32.5379796085744 15.561284514299 1.4041047532164
"460" 459 74.0116569314862 48.427359699166 16.786710764349 0.675686567110811
"461" 460 57.5568477560685 48.9916544121121 16.4644821820326 1.20807143359508
"462" 461 46.307808038322 33.1988262096811 19.3895414386967 0.98615116838849
"463" 462 27.3263239582776 39.5940665170523 20.0298736009493 -1.27684601009578
"464" 463 23.3535793966712 61.3613850516636 22.1268808361912 -1.06529860569283
"465" 464 34.9894058340948 74.622655426383 17.6423850097786 -0.900726908721114
"466" 465 51.9281983304999 69.3320556145013 17.7457921098426 -1.15332785495267
"467" 466 63.0170832129835 80.3634157645258 15.641428153993 1.08553334993575
"468" 467 65.8225039502983 98.2008136940102 18.0566649857644 0.63199914119926
"469" 468 77.9374651021553 97.077134038907 12.1669609877856 -1.50728355742891
"470" 469 85.1553980984987 77.4838016286391 20.8805467284493 -1.12534894646407
"471" 470 99.6907418747509 62.0198488044186 21.2228663390116 0.401493096987828
"472" 471 102.995370664327 49.240354052877 13.1998506636089 -0.501408319799342
"473" 472 82.9949281909233 47.130517950595 20.1114173421576 -1.71874092383225
"474" 473 64.587454988331 35.1469660926992 21.9645301528404 0.47198806340299
"475" 474 53.8474962087484 16.9774202230744 21.1063760910188 0.459860254483671
"476" 475 60.0079794988481 4.30136060062727 14.0937589705313 0.986227041318825
"477" 476 76.1987757866481 7.41296186671701 16.4870842441037 1.3082848928505
"478" 477 90.4484558275115 14.0032197573786 15.6998369524148 0.24331913517934
"479" 478 104.807860317116 21.6896278048766 16.2872148008404 0.0582899101468654
"480" 479 107.496052698772 22.4844988346128 2.80324780116009 -0.203979616799183
"481" 480 112.957458674061 27.1919862361532 7.21022835023869 0.423896077314547
"482" 481 116.688981625318 34.2733634428127 8.00438421608756 0.374428987880072
"483" 482 120.058221889733 42.3248313434416 8.72799606520371 0.0886528426638718
"484" 483 125.139328389845 52.853094202331 11.6902507283358 -0.0533231931003996
"485" 484 125.270043979457 64.0256643196492 11.1733347569899 0.43794466366236
"486" 485 121.928591571161 75.184788330009 11.6486631368366 0.302639173800991
"487" 486 119.895844616034 86.4903852176905 11.4868873577803 -0.113040756631425
"488" 487 112.172451706212 92.3636065005234 9.70286175705923 0.742744128654772
"489" 488 111.571770954141 94.5387091164794 2.25652138386649 -0.651197172261311
"490" 489 104.000129079234 99.4563461304818 9.02845028137976 0.72533987299526
"491" 490 103.663035520757 101.969916867554 2.53607372081966 -0.861472089182679
"492" 491 100.371522126719 111.586997275178 10.1647575470273 0.196446265597697
"493" 492 82.205929494954 115.254848235849 18.5321851472758 1.04180272436912
"494" 493 73.5265310948785 122.354739926317 11.2134035245149 -0.486397182197723
"495" 494 54.3785965455488 116.830343988651 19.9289324345662 0.966514200912279
"496" 495 36.825172313128 103.042599508369 22.3209453235496 0.384936479120642
"497" 496 21.618628604497 103.405978926031 15.2108847922691 -0.689711869898361
"498" 497 12.2647703096261 95.5098869105549 12.2410348466699 0.724981755634712
"499" 498 15.7509530302375 76.2014760156218 19.6206065464109 1.04833436802971
"500" 499 28.308674159736 61.7601013565354 19.1376503785171 0.537115658072808
"501" 500 18.9655009662918 45.4089524316231 18.8322849513105 -1.23487416561775
"502" 501 24.0922938283136 30.4789865185636 15.7856861496483 0.849904014332706
"503" 502 44.2124484839843 25.7689545863498 20.6640998877421 1.01006837465775
"504" 503 55.2063981587919 9.21909308930662 19.8686900681327 -0.754484790181645
"505" 504 69.0464550504774 20.9957125314356 18.1723950058825 1.68946029447139
"506" 505 87.047531543401 29.1436352858496 19.7592358181177 -0.279977864012585
"507" 506 100.816430675498 26.0134625595433 14.1202182917397 -0.648580484176665
"508" 507 102.7990276437 47.6187894594312 21.6961019814468 1.70282553813465
"509" 508 116.2491002565 54.0818305866049 14.9223106086536 -1.03134508432931
"510" 509 117.379220142892 39.067213848745 15.0570875916441 -1.94361325768111
"511" 510 114.189097182122 31.0947253604462 8.58705171760881 -0.455754619707238
"512" 511 113.913411920977 29.399613722374 1.71738342508027 0.219404418534344
"513" 512 112.199409705498 25.2409286163814 4.49805128977797 -0.229712590689494
"514" 513 106.63942123455 17.8176794974506 9.2745942918696 -0.251922166280205
"515" 514 103.663941698728 14.9654098480405 4.12176183458464 -0.163678314053658
"516" 515 95.6652611219443 11.1173425097279 8.87617672253145 -0.315855707111056
"517" 516 91.4849614175809 7.80044445875537 5.33635814941668 0.222336349367268
"518" 517 82.4192097782384 4.19276250389993 9.75721383765017 -0.292005362858995
"519" 518 66.4182002915001 0.797289597649881 16.3573084843371 -0.169632811283057
"520" 519 50.7652694773195 1.01878789541633 15.6544979021826 -0.223251498524658
"521" 520 39.4971468257318 11.6390887015391 15.4842299551433 -0.741660597961796
"522" 521 31.9223937440379 13.6175663657692 7.82887336188866 0.500324415687055
"523" 522 26.5268637975372 18.1416132358977 7.04121747190817 -0.442282459444369
"524" 523 33.7411948360952 30.7279983080386 14.5073657677097 -1.39349745684487
"525" 524 46.1099724954023 19.3814030529416 16.784870707526 -1.79264962758326
"526" 525 45.7334869956844 8.30937371785029 11.0784283600437 -0.862463803523927
"527" 526 58.6407234768665 1.29066105300844 14.6921435145717 1.10673035406506
"528" 527 72.092513191906 1.7612000438109 13.4600168454392 0.533021574217728
"529" 528 85.2127387359572 4.48880551641719 13.4007518423768 0.170008111793316
"530" 529 92.6195215989009 9.15502943705517 8.75408921912102 0.357208468110217
"531" 530 105.184721339577 18.6921363882299 15.7746839436241 0.0870603660940775
"532" 531 107.931505420842 18.298824192199 2.77480040230596 -0.791465651573231
"533" 532 106.165713687131 16.6168495117443 2.43865931866943 -2.23827693494441
"534" 533 105.87857340829 17.8567810969444 1.27274501598311 -2.10432260992689
"535" 534 113.44106275252 30.5741683374805 14.7960529637923 -0.764048040796877
"536" 535 121.130265803316 40.8257631772073 12.8147977086757 -0.107050844655158
"537" 536 123.165300226826 58.965447209932 18.2534791728031 0.53181301689839
"538" 537 126.321087706649 71.5020657417079 12.9277143698751 -0.134882333134153
"539" 538 122.374335927729 87.1755622799686 16.1627764737149 0.493284053621861
"540" 539 113.081028528226 103.813176290461 19.0571708913937 0.262718683290952
"541" 540 101.251493635411 114.154373152491 15.7123597311032 0.343027684954304
"542" 541 87.0888502318916 121.088390637438 15.7689906670278 0.263075653116638
"543" 542 77.5588613216349 125.723819738994 10.5975417708618 0.00258018239018892
"544" 543 63.6847251750404 125.499184744191 13.8759545507734 0.468901643433331
"545" 544 52.2797169692278 126.992552425264 11.5023632009046 -0.146388420871696
"546" 545 37.1696500814635 119.945483992348 16.6725911258841 0.566592576676425
"547" 546 22.633961032432 111.882033518616 16.622439341819 0.0700773363044424
"548" 547 10.9534484716451 101.397402564343 15.6959185755409 0.225026175359964
"549" 548 3.40722691631771 87.3341755993801 15.9599439983398 0.346807882114244
"550" 549 2.80345659071497 67.9585285820726 19.3850518685243 0.461340055711056
"551" 550 0.684524816919674 59.0877279382339 9.12036051506342 -0.203321152395627
"552" 551 14.2216610469037 43.1586703798522 20.9042802317464 0.938873027572565
"553" 552 32.2670300312723 41.5688893235463 18.1152627800151 0.778523424244132
"554" 553 50.8128878287143 38.4652056447344 18.8037680750711 -0.0779430257386827
"555" 554 67.812808989487 44.8427139456809 18.1568150180898 0.52471681712583
"556" 555 86.9726055638688 54.0597907829593 21.2615218222024 0.0894823408562675
"557" 556 105.05227567951 43.2003184796616 21.0903440037493 -0.989277875985075
"558" 557 114.691014797752 52.6393050384737 13.4907286329155 1.31582207582796
"559" 558 114.251437934467 73.7314877512668 21.0967627708278 0.816705971995586
"560" 559 120.509695476182 79.5344829843677 8.53466701950487 -0.843963839843526
"561" 560 124.929942576157 72.7100634532293 8.13088472196137 -1.74370261125608
"562" 561 126.184792254991 56.4239373650657 16.3343977751257 -0.497865643760444
"563" 562 121.817007869353 40.6377334695855 16.379309322102 -0.346829094774767
"564" 563 116.895459449387 28.4488610291444 13.1449705294233 -0.113824684866984
"565" 564 111.853570302708 22.9963715017367 7.42632400410165 -0.362536875766992
"566" 565 102.042329236913 14.533197637217 12.9570738638099 -0.112740433866264
"567" 566 92.72233956103 20.0835604898042 10.8475220835887 -1.24889210934919
"568" 567 95.8487938596384 28.284542027656 8.77672004028116 -1.39788848747662
"569" 568 97.5454716964968 28.5723304827687 1.72091193179162 -1.03855594540399
"570" 569 88.2663092094691 22.7950950842226 10.9306589605054 -2.75273844248771
"571" 570 79.9106047574318 21.2656114847577 8.49453453526608 -0.375831463357546
"572" 571 78.4592338680786 34.6313503370946 13.4443092990057 -1.64367362885164
"573" 572 82.3664054419548 41.0536369179872 7.51743005519969 -0.654721401340262
"574" 573 82.4558278477926 41.1740242989921 0.149964956476589 -0.0923136674612991
"575" 574 82.3138855488343 41.1514965996161 0.14371886957783 2.3670637752468
"576" 575 82.5063039126074 41.2397840712108 0.21170617458566 -2.86881681126351
"577" 576 88.77477515395 43.1463499595679 6.55200161707746 -0.134912022070921
"578" 577 94.1179313152303 58.3628205546961 16.127315186857 0.937842380022642
"579" 578 104.722802934494 70.4259720152006 16.0618468807337 -0.383462004289541
"580" 579 113.288721986531 58.4444870905625 14.7285759734398 -1.79976222853716
"581" 580 95.3855482243549 51.7711188736873 19.1064772817147 -1.83467742759692
"582" 581 74.902294559624 49.3917981890555 20.6209807626608 -0.241153600344435
"583" 582 63.3085673672004 63.6774738574086 18.3982346847114 -1.00468543431246
"584" 583 73.4775257293541 83.2356299811691 22.0438015127293 -1.16121961103653
"585" 584 85.5402978830086 95.4300136795147 17.1526518595073 -0.300504876401
"586" 585 67.4170099937944 96.5953369454889 18.1607142543888 2.28655748879066
"587" 586 45.4787663957002 90.4077533596355 22.7941379043219 0.339115890600861
"588" 587 41.4679808945967 67.5737132412814 23.1836103414129 1.12201610937265
"589" 588 58.1001144573892 56.374157023906 20.0513821547722 1.15204397749096
"590" 589 80.0054630580909 52.9881533207178 22.1654983791538 0.4392675007141
"591" 590 96.2005364379455 44.0144398290364 18.5150732002242 -0.352626104332178
"592" 591 103.315093306444 49.7515842180238 9.13957029488772 1.18461495273756
"593" 592 104.705952607073 48.5698448003767 1.82510209176513 -1.38291738527619
"594" 593 91.6487211613106 43.0373996089979 14.1809464713684 -2.0365282971388
"595" 594 71.8227079733382 44.4101979993274 19.8734842025788 -0.469907207077086
"596" 595 50.7890586494369 40.6743351834741 21.3628433233904 0.244912440853219
"597" 596 41.2103813451047 60.6578556448435 22.160599020119 -1.29960249340348
"598" 597 42.8110658120753 83.1392193868112 22.538276474954 -0.518054888907599
"599" 598 61.3230959664329 96.2634596641666 22.6923102238093 -0.883003412779318
"600" 599 81.7050676942117 98.3342075850174 20.4868926014582 -0.515462735736395
"601" 600 94.9471178676632 101.794855281316 13.6867810413591 0.154371075765136
