"time" "x" "y" "speed" "angle"
"1" 0 13.1807601878268 92.7387255114458 NA NA
"2" 1 20.0995625883023 100.588338312858 10.4635676415326 NA
"3" 2 16.5501219916373 96.8701183651321 5.1403976625281 3.1018679768321
"4" 3 24.7972055766173 91.0288439899232 10.1061799896953 1.71671147834469
"5" 4 42.1609826395084 96.0643420466735 18.079186778429 0.898521411434004
"6" 5 61.4706455962314 103.024477551235 20.5257538167078 0.0636948387339943
"7" 6 79.9967669881646 112.523121952379 20.81925597345 0.127816414759287
"8" 7 81.2069946238273 126.5869947276 14.1158481278215 1.01118674240096
"9" 8 70.5246726467006 120.002270549656 12.5487288329381 2.20903778031773
"10" 9 65.5803627814098 106.415871286108 14.4580927162796 0.669377562403728
"11" 10 76.6522093620827 110.942774879783 11.9615485139839 2.30794059261349
"12" 11 82.6374397082486 112.039581601749 6.08489665335525 -0.206884896554717
"13" 12 84.9834181994521 96.3040215994146 15.9094771651447 -1.60404001404892
"14" 13 87.5649823821903 78.0360204324642 18.4495078597045 -0.00761101758382131
"15" 14 90.8564054779179 61.9391833517785 16.4299004865285 0.0613094614491276
"16" 15 103.519648522213 58.3415065761848 13.1643838663468 1.09229009456019
"17" 16 120.804881908811 60.3071332021245 17.3966370675998 0.390040870925864
"18" 17 124.225240293473 67.8412137850213 8.27412966475046 1.03140286018163
"19" 18 125.701790896701 80.0209249854574 12.2688861193641 0.30552114849058
"20" 19 117.699657228679 71.5297349977425 11.6676668896726 2.50647920886864
"21" 20 108.140269910357 58.2875214451973 16.3321188359904 0.130490104090169
"22" 21 91.5433127540087 51.5079324537951 17.9282406761511 -0.557732776770926
"23" 22 78.9740216644736 40.13433210233 16.9512791095042 0.347701757403134
"24" 23 89.2321601020795 30.1542616593891 14.3119254557572 1.63443304152399
"25" 24 105.741032544255 36.8472556702363 17.8140124099334 1.15682759593667
"26" 25 111.206259776405 52.288824426319 16.380193965514 0.845456786079115
"27" 26 104.85329348905 65.1673502217937 14.3602439851479 0.79844382188839
"28" 27 91.6374377008117 68.8808892655068 13.727680665163 0.838596127952479
"29" 28 76.6500361206145 68.5239551534432 14.9916512795106 0.297738705461967
"30" 29 68.1998484678016 58.6806597266788 12.9729000700041 0.837593579601524
"31" 30 75.763368512779 53.459011990356 9.19088899688271 1.67595254271994
"32" 31 85.1042677292658 61.8267330295739 12.5407796234019 1.33473375440705
"33" 32 85.6418225237053 77.2260027717198 15.4086493161599 0.8054043525412
"34" 33 83.2869785325451 91.1089286556399 14.0812258458248 0.202915997178533
"35" 34 76.713689005358 100.257778790833 11.265415838062 0.455000629697747
"36" 35 83.5182745337694 108.075874716379 10.3646036158889 -1.33922097466923
"37" 36 91.577563190673 109.030440979297 8.11562261355203 -0.736704597667698
"38" 37 84.4163342946968 102.425650851029 9.74199424856329 -2.51448741915364
"39" 38 74.2074290730734 90.5012232195581 15.6975705178307 0.117753078335139
"40" 39 78.9399106163 75.1014756037436 16.1105123502565 1.00619304177088
"41" 40 92.5002725071228 66.0675769488163 16.2940093137808 0.684968840160488
"42" 41 94.8338748675215 49.9491884310212 16.2864406297707 -0.839337751404003
"43" 42 98.3742608765324 33.4874975452734 16.8380996525948 0.0680614774246884
"44" 43 106.493727915328 20.6347063267401 15.2026309269576 0.351581413159626
"45" 44 93.686134271343 17.0720315075354 13.2938747856609 -1.86290911223467
"46" 45 78.8973029859133 7.38502994008343 17.6790138343948 0.308587174754141
"47" 46 79.285928011067 1.72583016006655 5.6725277928203 1.05946292381509
"48" 47 89.6541354810014 5.29976237645567 10.9668918854408 1.834178986596
"49" 48 100.739287888376 10.7125829853355 12.3360946347955 0.122293162574273
"50" 49 108.392985969424 17.3259074660647 10.1150954025782 0.258365888240453
"51" 50 115.356645436865 30.2436760622585 14.6751933099119 0.363773261566109
"52" 51 114.52520382804 43.3209314022139 13.1036598847527 0.557911373521574
"53" 52 121.694595897436 56.8227990743866 15.2872696477032 -0.551626951047969
"54" 53 118.250731847318 72.2202855364208 15.7779209322465 0.708175694027543
"55" 54 119.154647207228 90.2106141978175 18.0130227425314 -0.270244793709651
"56" 55 114.270902917682 101.296594695164 12.1140382149481 0.465155939700107
"57" 56 99.4131298572144 110.50036332485 17.4774934502962 0.60123845010785
"58" 57 81.8991382080623 113.53521331422 17.7749885497727 0.383026531505455
"59" 58 74.3200085444996 98.7896428439057 16.5793562888345 1.2675942725539
"60" 59 80.7509498528423 86.5628823910228 13.8148715985176 0.958988925740462
"61" 60 96.1276321942404 86.1981969368832 15.3810063165167 1.06287482121377
"62" 61 108.453628324825 93.7590910902123 14.4601971289827 0.573934113943224
"63" 62 112.890993978994 85.898443699194 9.02662679824049 -1.60710773860465
"64" 63 105.07086768178 70.9498191719444 16.8705586914321 -0.995893038297324
"65" 64 96.3952014331103 55.2659568320735 17.9234684911803 -0.023282472238596
"66" 65 99.8335382029588 38.8981808223539 16.7250187218803 0.712321929953769
"67" 66 115.69574220718 40.237022025791 15.9186058321561 1.44794444831803
"68" 67 122.987093725206 54.5056394788554 16.0236466193347 1.01417769765808
"69" 68 115.071331229005 67.7046162307964 15.3906557103503 1.01263133810995
"70" 69 102.163112251763 75.1929862568114 14.9230627825176 0.504901999225532
"71" 70 88.5965705700012 83.784783226562 16.058332054494 -0.0388744715379534
"72" 71 76.1163501956582 79.0256369706786 13.3568474453014 0.928864327782244
"73" 72 81.9944983925063 66.807833668907 13.5582942785916 1.65490762994218
"74" 73 88.4154857433466 59.5444770891306 9.69460815941691 0.275494143218622
"75" 74 100.12337143471 62.3329225864227 12.0353652064823 1.08068992026496
"76" 75 109.410871953166 72.1305705463273 13.5000582008573 0.578309692664416
"77" 76 104.510110681791 84.0860565436169 12.9209560973791 1.1477009349413
"78" 77 92.7959732442398 91.1182046590901 13.6628007020443 0.641120283343204
"79" 78 96.5450735524007 105.663117769979 15.0203279100008 -1.28241574422574
"80" 79 102.585965591336 110.928855420279 8.01376126596416 -0.601579588184418
"81" 80 93.2899470169282 111.453772483186 9.31082699112548 2.36823792470491
"82" 81 77.6277871650616 108.506084946247 15.9371300126732 0.242435317181442
"83" 82 68.7202041328064 94.4896802158215 16.6073669509529 0.818645686207617
"84" 83 76.4978345238778 84.3178643775422 12.8045840208882 1.21891823790622
"85" 84 88.7363371723309 76.745364995804 14.3917925903141 0.363912457507863
"86" 85 97.6461326094643 63.2569692377206 16.1654345706587 -0.432950539753882
"87" 86 110.920400839062 67.3143958179024 13.8805225940842 1.28368074265615
"88" 87 116.706470015229 78.5467180670951 12.6350171990819 0.798478433552793
"89" 88 105.167426325156 84.7973822811891 13.1232744541432 1.55002581108785
"90" 89 87.5314646138801 87.6925222683093 17.8720167028408 0.333736225226266
"91" 90 78.2833097106247 78.1713737207943 13.2733054955597 0.962651729050804
"92" 91 89.8526750007575 70.7750402676613 13.7315680738387 1.77283204490196
"93" 92 106.518521078183 70.0105584622691 16.6833706998077 0.522979749894185
"94" 93 120.59130241317 76.1447834704518 15.3516087415413 0.456899742197782
"95" 94 114.769787898493 82.7748541557958 8.82314391457205 1.88028882045371
"96" 95 99.8685685474983 80.8968352181296 15.0190976185882 0.975613350748472
"97" 96 86.3621838564556 74.424379362766 14.9771530079005 0.321511171577413
"98" 97 84.1642799803443 59.7335999692331 14.854284925168 0.975405331596877
"99" 98 98.0748188872044 56.8310866865236 14.2101258275771 1.5136015946933
"100" 99 110.147230621316 63.8266462073919 13.9528125511644 0.730888907599708
"101" 100 111.75231258166 74.5912558740726 10.8836165577173 0.897594964706165
"102" 101 104.534480091109 90.0489962753681 17.0598606141873 0.584868117538335
"103" 102 102.587778806205 104.87776960175 14.9560076309772 -0.306319139315201
"104" 103 107.34605279015 108.240397453545 5.82652875869915 -1.08612627085471
"105" 104 103.385150004108 110.375319942391 4.49962719720879 2.03203250202744
"106" 105 91.0341317274745 110.097066447496 12.3541522362785 0.516882881197824
"107" 106 82.1081412926224 102.319212786529 11.83926994432 0.694246240432976
"108" 107 79.2377443689781 90.8348117034153 11.8376791110883 0.609104085670343
"109" 108 87.8822374898577 82.9066424370665 11.7295835063659 1.07351551882609
"110" 109 99.647931573004 80.3007685731744 12.0508147381287 0.524239645300797
"111" 110 98.1819007333357 64.5465149593603 15.8223182040822 -1.44562311607218
"112" 111 88.7306155032213 53.3913723872657 14.6206702412966 -0.610111138721974
"113" 112 83.5526323787082 38.5727732796688 15.6972095848089 0.366737986648818
"114" 113 95.0955136176886 33.2909385211207 12.693931058337 1.47781581246559
"115" 114 98.3293052667095 40.5098066888677 7.91008634924979 1.57877963164052
"116" 115 89.3976227382537 49.7326286734 12.838823861534 1.19052211128927
"117" 116 77.4309037805032 49.217201984501 11.9778139610454 0.844478624640537
"118" 117 74.3530195660931 37.9846060104951 11.6466554663804 1.26030230795592
"119" 118 78.6710426749952 29.2190946043138 9.77136192047488 0.725171183748069
"120" 119 93.1595710159042 30.5041038508795 14.5454014124424 1.20153411995152
"121" 120 94.5330549841464 24.6240085283935 6.03837554417914 -1.42978868559598
"122" 121 84.7624720751885 23.0286946362133 9.89996549465723 -1.63841493713385
"123" 122 80.7603931479664 12.1227777122844 11.6170417788417 1.05724039625792
"124" 123 80.4291503735646 10.4739324360781 1.68178848862186 0.153452043061809
"125" 124 78.5719240070435 11.6880227891527 2.21885221723528 -1.95152148375067
"126" 125 77.2569599484375 15.0879790055231 3.6453851303616 -0.622776377660429
"127" 126 76.2176798176419 15.9318382918138 1.33873137160727 0.519762034030423
"128" 127 76.2464071768938 15.8024000326156 0.132587797756259 2.47118940315499
"129" 128 75.4112654391664 15.5596500655235 0.869706426685239 -1.50632049595633
"130" 129 73.1405183493961 16.1944891740422 2.35781955191761 -0.555487093754017
"131" 130 66.6565454746104 12.4640018184994 7.48053742393027 0.794702087337385
"132" 131 60.3320610511514 8.15044418949183 7.65544790599121 0.0764814032170724
"133" 132 57.0711228993358 16.0179035229578 8.51649188302949 -1.7764371816885
"134" 133 44.9718515590528 21.5945246278265 13.322577450068 0.745980332623252
"135" 134 30.3378601783953 25.6312714998257 15.180547718635 0.162732110338775
"136" 135 19.8758368183807 32.9842620581886 12.7875096456216 -0.343466877915574
"137" 136 21.0974981881574 26.8240743004971 6.280156822279 2.37919239120872
"138" 137 36.030622174056 19.973863356496 16.4293512335555 0.944934240929939
"139" 138 47.0751771502682 13.309540923317 12.899433635472 -0.112831611580292
"140" 139 57.3465719787499 10.0967974146519 10.7621221222875 0.239773310924491
"141" 140 68.8819423317189 19.0627048391862 14.6100056511103 0.96386140387439
"142" 141 75.4503583548762 34.375332361961 16.6619521876793 0.504864757617261
"143" 142 73.6715105442749 51.7878949498896 17.5031892925778 0.507020817500905
"144" 143 59.5480770344911 60.9975391442387 16.8608694998744 0.891152816339635
"145" 144 51.1081977635654 50.0807594060042 13.7988275574749 1.49050550513931
"146" 145 58.5730132118116 36.2407330531231 15.7248147564548 1.15276955383674
"147" 146 74.7702550216962 32.6895046251583 16.5819741163548 0.860321587545183
"148" 147 86.5345925746346 42.2365764305937 15.1507827559376 0.897563716063286
"149" 148 102.803499839118 41.3413105398901 16.2935215529185 -0.73670370285479
"150" 149 110.954005203777 54.8361514727035 15.7651980482728 1.08243520522356
"151" 150 97.78665315405 61.044178941411 14.5574298917656 1.67356603035127
"152" 151 83.7798701349806 52.5825789571006 16.364248984838 0.983999337527567
"153" 152 83.9305415203499 38.0629247899433 14.5204359094422 1.03773891070234
"154" 153 95.930574335981 45.299922995143 14.0133839809765 2.10310188934036
"155" 154 95.6580859554283 61.657590150276 16.3599365730939 1.04477067612664
"156" 155 81.9297887726692 62.2590229957327 13.7414651695424 1.51035799942584
"157" 156 79.839245343193 49.4011967044285 13.0266676002683 1.45339926171306
"158" 157 94.0334493759417 43.2806348520232 15.4575776081641 1.32486350278029
"159" 158 105.814513090027 47.3498120759305 12.4640148232783 0.739682407857735
"160" 159 99.8447910888287 40.2060410027898 9.30972856301576 -2.59947350277018
"161" 160 87.5471544340569 32.7204227856145 14.3967478058795 -0.32789515676694
"162" 161 80.2849623054104 20.5561373518831 14.1671900751937 0.485783947021656
"163" 162 86.1152900363817 9.44629681228006 12.5467636570527 1.02149956557509
"164" 163 91.0167315399318 7.45374643959939 5.29097210353574 0.701397085695585
"165" 164 86.772763506655 8.55881458234646 4.3854806199081 -3.01020459166916
"166" 165 80.3048616664628 11.8195939268302 7.24337187694885 -0.212231242623057
"167" 166 70.6627630424499 7.8185713746081 10.4392646933863 0.860290937809489
"168" 167 63.3206342152622 7.48075494679396 7.34989630225631 -0.347352225830663
"169" 168 61.8548689401081 7.12000013539553 1.50950716321415 0.19534573839434
"170" 169 61.8228164282749 7.1654466603286 0.0556124998836276 -1.19785971990018
"171" 170 61.8487878725092 7.08904623570398 0.0806941187351 2.85501540384434
"172" 171 61.5745993515223 7.15357223935351 0.28167880677807 -2.12960856700957
"173" 172 61.7093391117066 7.08347848727004 0.151881325565928 2.89303238864482
"174" 173 61.6994774828757 7.08711871083796 0.0105120383762383 -3.01551801907536
"175" 174 60.4231117370772 7.46292275822527 1.33054056649181 0.0672729546478347
"176" 175 52.6076091113575 2.84988027588577 9.07536457870981 0.819555593096695
"177" 176 43.1240844599073 3.09017865407048 9.48656856430303 -0.558547126493224
"178" 177 32.3719037839579 7.73844748198619 11.7139144774423 -0.382712364356817
"179" 178 21.066014394164 15.9021924317984 13.9452453008127 -0.217345434418554
"180" 179 11.3965010752164 27.2934526692101 14.9418973902829 -0.241577242017419
"181" 180 4.60295890473719 39.7026583152033 14.1471057105907 -0.202937269974768
"182" 181 0.873814527021538 53.7474489879044 14.5314370531562 -0.241361272024162
"183" 182 0.179534346875089 66.7828198736821 13.0538469080315 -0.206318680433581
"184" 183 2.08369614228025 77.3387631361835 10.7263120551394 -0.231679371744379
"185" 184 6.19986441744456 91.7172263896068 14.9560371355354 -0.100347891459355
"186" 185 15.5240549763004 103.635616037939 15.1323673424656 -0.385061010624646
"187" 186 26.3146018463008 111.987246101176 13.6449853963586 -0.248248693123464
"188" 187 40.2886493903593 114.147630265941 14.1400588578329 -0.505284924311956
"189" 188 52.4001202336952 111.967483426487 12.3061271824469 -0.331484913624639
"190" 189 65.7139398456066 104.062006910395 15.484003087219 -0.357733732109474
"191" 190 79.3006663977812 95.5876527554103 16.0129265516227 -0.0218472772300183
"192" 191 83.7887201804947 78.9854361209585 17.1981459446592 -0.749097743468345
"193" 192 84.1828650938205 64.3297805468833 14.6609546250788 -0.237130844357177
"194" 193 96.6432572441994 56.607538369197 14.6592768168167 0.989098955216967
"195" 194 108.069393725061 70.8920578722783 18.2921866465764 1.45092867142505
"196" 195 109.834871692286 89.1711992601534 18.3642021969561 0.578392166275796
"197" 196 99.4489141691204 105.277792505956 19.1648234966753 0.66901531867159
"198" 197 81.119047349458 111.260517443076 19.2815200464021 0.682576092318813
"199" 198 62.619544176928 106.301351198288 19.1526746819837 0.577402872811407
"200" 199 51.102193290056 91.1181830189423 19.0572287443273 0.659926681257907
"201" 200 35.7467660180982 81.8394982327589 17.9411019189384 -0.378292354622414
"202" 201 25.4652431149578 86.0054928359238 11.0934766525828 -0.928521175224206
"203" 202 20.0809907846179 84.8534930434935 5.50611266489618 0.595753788781428
"204" 203 25.709092690428 74.0944786822495 12.142154713544 1.84197792249403
"205" 204 37.199385723723 67.7077524279431 13.1459920218458 0.58152217302728
"206" 205 53.8669290651212 66.856322675905 16.6892760076656 0.456274561031942
"207" 206 70.2310251653036 72.9101984746261 17.448010011527 0.405373514681303
"208" 207 85.7141061303316 69.7667562035704 15.7989564681048 -0.554636659742352
"209" 208 99.3904259542272 80.4590912546253 17.3599467962749 0.863854862356426
"210" 209 104.869535157022 96.1439061231817 16.6142726328008 0.571169347825513
"211" 210 90.8522395761309 102.040152787405 15.2069161938714 1.50869772860359
"212" 211 78.794788262409 92.648580220278 15.2834474993827 1.05991583876695
"213" 212 84.5342905230477 79.5035666047435 14.3434050752414 1.32073273916346
"214" 213 99.6310380021549 81.5199098771602 15.2308051212059 1.29189231354846
"215" 214 104.043098100492 73.9766867519195 8.73879221794994 -1.17432655353163
"216" 215 102.246027858176 57.7007282428001 16.3748675367587 -0.639212553200726
"217" 216 109.711614853808 42.2808597816811 17.1320557011576 0.560857563778388
"218" 217 120.086134104282 45.5677285802495 10.8827458013797 1.42672276317316
"219" 218 113.947455469389 57.0290160285506 13.0017108626163 1.7557007202651
"220" 219 99.2116488786496 56.3635589319062 14.75082468973 1.12420359863909
"221" 220 90.3163896673559 44.5013752645589 14.8269025016686 0.882241068949299
"222" 221 95.8721290897485 30.1799016287965 15.3613426375875 1.01348544155121
"223" 222 109.833585329967 27.21481641351 14.2728410164705 0.991470387490788
"224" 223 108.697282060923 40.7083553091965 13.5412989424444 1.86407625155319
"225" 224 102.97002674037 52.8987742252657 13.4687700572867 0.35519756806101
"226" 225 104.926784983339 66.583658106756 13.8240713854964 -0.581234417972321
"227" 226 117.636366956855 76.0706532810345 15.8599038893151 -0.787550593534057
"228" 227 107.751677322434 83.5396227736494 12.3892128261021 1.8532892746005
"229" 228 93.0642477978222 80.0792299341323 15.089562771804 0.878464502262854
"230" 229 88.9286457885141 66.0196085487328 14.6552433442839 1.05333473482839
"231" 230 98.5759937599469 54.7135054089893 14.8626811540996 0.99247798493376
"232" 231 112.8902035455 56.949952830376 14.4878672983104 1.01938388721587
"233" 232 109.666714255715 48.7285510666569 8.83076045206984 -2.09944762289301
"234" 233 97.6888916060516 37.7193035954459 16.2687358239404 -0.45384426804171
"235" 234 83.4549539031217 30.0532386135459 16.1670509010642 -0.249256900653172
"236" 235 76.8304089730426 15.0689864968634 16.3832965860641 0.660500516277315
"237" 236 84.695495909008 9.93700852561353 9.39131462616863 1.40893015409154
"238" 237 92.5079458046013 19.0657920710165 12.015367759248 1.44107381307376
"239" 238 90.2522840285713 33.135242494661 14.2491208595911 0.866824525775
"240" 239 88.6206439232702 36.3318969727481 3.58899000911136 0.312979193428545
"241" 240 88.3773031912487 36.6939637507947 0.436241978293916 0.119796697241322
"242" 241 88.3757682206067 36.7162874040001 0.0223763631385697 -0.523094665418562
"243" 242 88.8217283238622 37.1031863515197 0.590399194856665 -0.924845172787727
"244" 243 89.1348661135377 38.5904629859612 1.5198838977627 0.648679840130067
"245" 244 83.6240867272848 42.6211760354753 6.82754253970437 1.14680418359822
"246" 245 72.73414180605 51.3185289178844 13.936816263002 -0.0424170434007201
"247" 246 61.9359879610831 63.2662017546651 16.1042544898645 -0.161970037656234
"248" 247 45.7569912458131 61.6472228694708 16.259797887533 0.935627478395626
"249" 248 47.96638652175 47.5154756256035 14.3034159433992 1.62614884512265
"250" 249 64.9733834653944 42.6986974359567 17.6759525109508 1.13971393095865
"251" 250 83.8669572432483 44.4862197685195 18.977944203433 0.370324470479532
"252" 251 101.718177929915 48.7613767076479 18.3560084674819 0.140731721620106
"253" 252 117.626366353028 50.7214950081276 16.028490966312 -0.112464504832438
"254" 253 121.253574007106 54.0723323567423 4.93809136232479 0.62321665396759
"255" 254 111.554541989446 66.1317955150304 15.4758480783993 1.50232071755102
"256" 255 96.7097994101674 73.8002981614153 16.7084504093784 0.416635023117194
"257" 256 86.0297365758061 65.2282216659667 13.6946791707483 1.15316274771667
"258" 257 89.7540206801482 51.4867014619642 14.2372634170639 1.15912350106115
"259" 258 102.295671548995 51.5835693753079 12.5420249524823 1.31385370137414
"260" 259 113.355804427619 63.4785188597833 16.2424247737533 0.814025997034817
"261" 260 115.182522738309 77.7567511557834 14.3946107027994 0.621800746336948
"262" 261 115.406300558985 73.5112739419274 4.25137075381538 -2.96168564947723
"263" 262 108.635083443584 66.9739096783952 9.41204083809688 -0.855628903259408
"264" 263 101.717252299917 57.2472630332576 11.93583020538 0.184748290337635
"265" 264 95.3277911519916 42.1656969359508 16.3792200579967 0.217484267588491
"266" 265 89.8608768169734 27.137317560422 15.9918522692416 0.0518439575350064
"267" 266 93.6945224758625 14.8838546982185 12.8391662951034 0.652106256718062
"268" 267 98.2741620785173 25.498410127486 11.5603583790121 2.43105749536082
"269" 268 95.68995542421 40.8393224667585 15.5570471309118 0.574205533944638
"270" 269 91.1742124620803 55.349527694561 15.1966440457415 0.134825378778872
"271" 270 93.0085073770635 68.8806014097021 13.6548377405122 -0.436450888778937
"272" 271 100.549539481207 83.3420080793214 16.3094895094799 -0.345926840619496
"273" 272 100.430612885127 100.222659216838 16.8810700597386 0.487712167845233
"274" 273 90.2195081923868 108.424934688988 13.0974799853686 0.887019550405026
"275" 274 78.1734767897213 97.9958543883103 15.9333796939626 1.39030958177969
"276" 275 75.4846803130138 81.8347497059475 16.3832515407487 0.692354055476301
"277" 276 89.5086616420604 75.1656883028003 15.5289546433878 1.29176627107502
"278" 277 106.085835526711 79.4718020602115 17.1273264023813 0.698039267326259
"279" 278 115.62762130814 84.8018073524648 10.9295302879003 0.255274245396721
"280" 279 104.559360691032 94.7845629793363 14.9050931897143 1.89829528524102
"281" 280 89.6792231835637 94.8257590852707 14.8801945336846 0.731109828284964
"282" 281 80.9890409321693 85.8975124118189 12.4592478193691 0.801678102957162
"283" 282 71.2448327953625 82.7843522559512 10.2294358773832 -0.489670904918256
"284" 283 56.9930627192867 89.170382362532 15.6171165976144 -0.730500447477256
"285" 284 41.5376300917831 92.4394303984902 15.7973755024278 0.212819493483914
"286" 285 25.849006157398 96.370251471042 16.1735671779288 -0.0370561442102338
"287" 286 15.4242192692783 99.4241908195645 10.8629060203597 -0.0394778237255757
"288" 287 17.4544785844007 95.1415965188859 4.73946904524609 2.2984637150674
"289" 288 25.7706501713491 88.2772350404265 10.7832355242073 0.438053344890308
"290" 289 37.5027375415703 84.1930254456728 12.4226664640238 0.355050148110402
"291" 290 52.8046770020055 87.8667890301026 15.7367687320207 0.570626884460826
"292" 291 58.944596343594 101.615434352953 15.0573522816846 0.915161929828173
"293" 292 52.3532874902262 112.211905266282 12.4792046308056 0.976468989253074
"294" 293 40.9679248191035 105.500109443809 13.2164551342474 1.54700779576845
"295" 294 29.7805335108866 98.545293159392 13.1729720956644 0.0235266940618772
"296" 295 22.4571031941844 100.679224943934 7.62799426223374 -0.839731703160168
"297" 296 22.7244166266695 102.617815794408 1.95693407061375 -1.42428905400594
"298" 297 22.8077609995247 103.04792815824 0.438112919242851 -0.0543749402588462
"299" 298 22.9357067018329 102.789809181047 0.288089411687566 -2.49000158517652
"300" 299 23.1087407887772 102.703106567202 0.19354105118071 0.646101480746354
"301" 300 23.1775696889203 103.351050690293 0.651589597939598 1.92947180242031
"302" 301 24.1488412366844 104.042108810422 1.19202757723658 -0.846565225948385
"303" 302 24.9530759076023 104.536490019338 0.944037173863325 -0.0672267264878351
"304" 303 33.1794125078297 107.505207267452 8.74562153077117 -0.204840584276813
"305" 304 41.0739805152405 119.023812799137 13.9643287492881 0.623619097438618
"306" 305 44.2331534368313 119.509327008501 3.19626306739709 -0.817462280191712
"307" 306 50.7435346026903 105.599859143833 15.3576807885506 -1.28552147488495
"308" 307 62.4458209526799 105.60845154576 11.7022895044741 1.13376484238632
"309" 308 63.8045446611953 117.514019650107 11.9828494943113 1.45642865296778
"310" 309 64.2393834572235 119.093201502969 1.6379560747896 -0.155064667476525
"311" 310 71.6026407550544 109.6590715935 11.9674711273018 -2.21016281751248
"312" 311 86.3477291296554 107.786893139521 14.863468079097 0.781770729616499
"313" 312 95.5690963186762 111.986734792009 10.1327332314989 0.553668050416072
"314" 313 90.8184447421808 95.8822592244291 16.7905575758527 -2.28502423638921
"315" 314 96.3811339081627 79.043448090483 17.7338397185167 0.605916220056577
"316" 315 91.6778439639274 60.1747359955237 19.4460595602813 -0.563348310262314
"317" 316 86.4832483429089 41.2243972401359 19.6494061643058 -0.0232585994118957
"318" 317 93.3695755878548 25.5337897976966 17.135246273025 0.681114338548598
"319" 318 109.361341406151 25.2551270484081 15.994193537502 1.13980276355016
"320" 319 114.314979269703 36.0854154918496 11.9093944368032 1.15923964225632
"321" 320 107.556431017518 50.6447464186052 16.0515448325664 0.863586046472421
"322" 321 100.209681126171 62.7428288245146 14.1540924070103 0.111139034855879
"323" 322 86.476869504901 68.3578034652385 14.8363760818222 0.636919598989941
"324" 323 73.8219908910982 62.1401571263469 14.099825485644 0.844814755890663
"325" 324 77.4004719295677 45.9835263934409 16.5481794521987 1.33208158613645
"326" 325 87.5357601654289 35.7493044409782 14.4035886707534 0.562573192373572
"327" 326 102.50654626206 38.6728140853504 15.2535682707955 0.983109017929931
"328" 327 116.664288806893 38.2436682771985 14.1642451295663 -0.223156402962467
"329" 328 111.132947665926 33.5703600055133 7.24123919090924 -2.40977725672943
"330" 329 104.57926661264 21.8481035167912 13.4298932436407 0.359495586328244
"331" 330 103.457610924673 19.7268898390624 2.39951223146145 0.0233820438891746
"332" 331 92.8923726364399 22.0383781791853 10.8151393164244 -1.29977919918081
"333" 332 86.9534607605239 14.4790651290442 9.61321424186153 1.12026057781232
"334" 333 86.889374523521 14.2743935780724 0.214470253299566 0.362477083537709
"335" 334 86.899942069015 14.2366144526643 0.0392292662991968 0.576195566833543
"336" 335 86.9700421519672 14.2495816267896 0.0712893346490966 1.48096132531511
"337" 336 86.9548047154229 14.1330093766285 0.117563893181842 -1.88368507657336
"338" 337 86.9171903741204 14.2262250313271 0.100518639826231 -2.62808036446026
"339" 338 86.8909991270113 14.1231228511525 0.106376881801853 2.50928603010522
"340" 339 86.9814714993442 14.1517731835683 0.0949004304682606 2.12624997656698
"341" 340 86.8161570898967 13.6001249386294 0.575885961033114 -2.16863746680143
"342" 341 86.5867927058316 13.8164511266747 0.315285648756398 -2.03579160373541
"343" 342 86.5350911463089 13.6555819654801 0.168973188052142 2.01598660630182
"344" 343 90.0305533364377 6.70108155042372 7.78352953008081 0.776702705903864
"345" 344 99.1229606908602 11.467793656478 10.266129543346 1.58791631342174
"346" 345 103.964361126174 25.2432565902241 14.6014566812377 0.749969041561922
"347" 346 101.345050541914 40.0707831189394 15.0571023406421 0.512814917809002
"348" 347 99.1781490664656 55.8944097973935 15.9713062478743 -0.0387536368061657
"349" 348 108.627306300327 67.6164426289894 15.0563151579413 -0.814545159141047
"350" 349 119.525263651401 72.3206562919682 11.8699242041715 -0.484847266747226
"351" 350 107.675456142433 82.4303043908532 15.5763578118535 2.02777514978236
"352" 351 89.1187166254962 91.5577753982753 20.6800219654324 0.24919814684086
"353" 352 72.065112293412 83.1052496325142 19.0334078014457 0.917278242228211
"354" 353 76.8156204531442 67.3388734742438 16.4665097983684 1.40329394356152
"355" 354 94.1077203121183 66.2077503177715 17.3290552866519 1.21282188616591
"356" 355 110.446472821491 67.4155875316682 16.3833361772813 0.139110121932389
"357" 356 127.570482365397 64.3941078909566 17.388531912701 -0.248439763507908
"358" 357 127.077762531666 71.9674864408247 7.58938966545762 1.81041351129585
"359" 358 128.205700495643 72.9186603166351 1.47545782474582 -0.935181127276419
"360" 359 128.168128205385 64.317604209841 8.60113817056881 -2.27574772115745
"361" 360 123.019270434355 52.9298239175644 12.4976908399697 -0.420262856121637
"362" 361 124.327179415286 45.5966217779462 7.44892472259597 0.601129704111975
"363" 362 115.627486703849 39.0151939393359 10.9087050408504 -1.09963865796663
"364" 363 113.45717877348 26.7781848777509 12.4279776024072 0.747609301498053
"365" 364 104.519412870548 25.4010587528711 9.0432370144459 -1.24238828147716
"366" 365 88.1177478067512 18.6798204539364 17.7253959373558 0.236040207127551
"367" 366 72.2504163167198 9.65524280912361 18.2541833638703 0.128208681171009
"368" 367 67.0641923483124 2.22050530548961 9.06489055634017 0.444579319808645
"369" 368 74.8730287049527 3.90190191347979 7.98780444165663 2.39196896760349
"370" 369 86.6558506782834 15.6103314274287 16.6109065176562 0.570149606250279
"371" 370 103.552112749158 17.048681527339 16.9573737051939 -0.697307803689952
"372" 371 101.29950990795 27.1546847624175 10.3540098970223 1.70518512437839
"373" 372 88.1166948976116 37.4197139178805 16.708005122076 0.689886700492036
"374" 373 82.4541828192287 53.0463968535657 16.620988617115 -0.561554268969783
"375" 374 92.7159470153172 69.2488585141645 19.1787269723331 -0.912223214133805
"376" 375 107.346597057648 79.6471290475904 17.9493718761261 -0.388334614125842
"377" 376 121.834535253197 90.6227672919327 18.1759453132073 0.0304455267905264
"378" 377 114.321857214084 86.5565649886587 8.54250153587995 2.98936082306788
"379" 378 105.510890813796 74.0024104079705 15.3375332483035 0.462741763673954
"380" 379 96.1490020125715 59.9145072240934 16.9149040211523 0.0254329873069838
"381" 380 91.1244960188833 41.5010690312415 19.0866541479272 0.32013813397448
"382" 381 82.2354996112977 26.3891049028703 17.5324190273689 -0.265318221576726
"383" 382 66.0078458608193 16.987060963747 18.7546041408136 -0.513968865527331
"384" 383 47.4326289764715 17.5158104735298 18.5827408727737 -0.553580412967352
"385" 384 31.6512382953147 18.9870574665656 15.8498220666928 -0.0645003799636127
"386" 385 18.1173722668236 30.2144120496602 17.5846245513426 -0.599558021503044
"387" 386 8.26356011322765 36.0179232782665 11.4358365036806 0.160252979790289
"388" 387 12.7199677923649 33.3759731412652 5.18068238064009 3.13871532482285
"389" 388 27.3539163168731 35.1984513259698 14.7469954957503 0.659040160679774
"390" 389 36.7432907918374 19.829798281887 18.0098819935197 -1.14626894251455
"391" 390 42.5665191354113 14.7220795502036 7.74588787573069 0.302334996474015
"392" 391 58.9478499161716 23.1578206692538 18.4257897083495 1.19557856121543
"393" 392 74.6513871967326 34.7958126642257 19.5459443567457 0.162240476120666
"394" 393 91.8987300065836 40.1948725658634 18.0726501051171 -0.334410665160631
"395" 394 110.523066242985 38.6508029131558 18.6882329645946 -0.386091053728285
"396" 395 119.847919753807 45.9460599201261 11.8394960955284 0.746599759578248
"397" 396 111.229319336088 62.07250674962 18.2850365190992 1.39773108319331
"398" 397 98.2800707529659 70.2342136203265 15.3067468101762 0.517588491466664
"399" 398 84.0611265084117 62.5376101630087 16.1683666524773 1.0585233521855
"400" 399 75.9446154517593 48.2459487004486 16.4356119172116 0.558166447066827
"401" 400 84.05260200568 33.1280704478058 17.154873617147 1.00877466018056
"402" 401 99.6032029452159 37.064587741952 16.0411146117659 1.32645244100113
"403" 402 106.173588790286 53.153337699714 17.3786606318348 0.935149367621394
"404" 403 103.421417827323 70.1943560488826 17.2618293174877 0.54783302224985
"405" 404 88.8056429111099 76.7590046041643 16.022343369675 0.988530872250802
"406" 405 75.7992919101424 69.4218115387578 14.9331700733441 0.935767485293333
"407" 406 78.844464661874 54.6551094144372 15.0774191662997 1.26054219618405
"408" 407 84.3021704330176 38.8583199953623 16.7130221155533 0.12928745694236
"409" 408 98.3161460704261 31.9438322007925 15.6269528260353 0.779787597310069
"410" 409 110.369286939675 40.5970992258655 14.8376964189588 1.08100924208762
"411" 410 118.241633258338 36.5346475501524 8.85874427774404 -1.09905372942748
"412" 411 113.702088412251 38.233451087504 4.84699916114611 -3.02328450096519
"413" 412 100.516875969748 44.1537055271436 14.4533470097414 -0.0639383802624138
"414" 413 85.7869884804546 40.0755584227663 15.2840069763198 0.692124485349267
"415" 414 81.5028560708424 24.743526632095 15.9193275402337 1.02822561051958
"416" 415 67.8460717877622 25.5711058402434 13.6818362912419 -1.35884652749064
"417" 416 53.6870570550589 33.404748170007 16.1815836787249 -0.444819659123226
"418" 417 38.2280121348526 24.818010593189 17.6837250617084 1.01236242926771
"419" 418 44.3960163610182 12.510260652217 13.7668073547751 1.52834352338516
"420" 419 61.0406468108917 11.4994862498755 16.6752927322217 1.04557847025125
"421" 420 78.7797624495715 12.7559729145407 17.7835593282372 0.131365586654127
"422" 421 91.4734543890035 10.651987966207 12.8668787091516 -0.234970390219159
"423" 422 94.7464796339878 26.1188098837404 15.8093413677799 1.52651407561103
"424" 423 94.3203734672262 40.8601612726693 14.7475085094815 0.237436782664126
"425" 424 81.6064184684696 46.8390105742673 14.0496010862098 1.10232602476415
"426" 425 68.0753872508637 40.9952585958803 14.7390041385681 0.847254598024298
"427" 426 64.4520531973807 24.7842887924453 16.6109629952935 0.943217601385588
"428" 427 66.8855469456412 8.85236345107648 16.1167036612879 0.371468701696579
"429" 428 63.5635181773792 9.77717768393756 3.44835562296907 -1.99388168601023
"430" 429 52.5318585787714 16.9027912008716 13.1328550396427 -0.301990861512628
"431" 430 36.3238943498966 23.5788160009215 17.5290447992857 0.182783655211943
"432" 431 27.9464494476171 17.1883540257137 10.5365832862131 1.04237483479514
"433" 432 40.4053253437034 13.1568797958143 13.0948987418927 2.17698936957692
"434" 433 58.4278453413706 16.1775831162087 18.2739124331971 0.479012894857456
"435" 434 74.2525496139762 23.7288744493829 17.5340601719594 0.279164943283624
"436" 435 89.3244311854408 33.4415666629559 17.9303654212583 0.127217285854019
"437" 436 92.2264785316329 49.1105601544253 15.9354709950867 0.815216108277243
"438" 437 86.9787450904832 64.8334113724767 16.5754866201371 0.505273156491002
"439" 438 86.0263958979226 82.0323652739027 17.2253007023955 -0.266822757505704
"440" 439 77.8592172568319 98.546881661144 18.4236820006195 0.403958423016245
"441" 440 64.2989504119674 111.359786270795 18.6561346864765 0.354454114162516
"442" 441 47.9544042949511 119.089773410883 18.0802900683921 0.315301676786846
"443" 442 39.9260420781675 115.724814564941 8.70503003548862 0.838657638089738
"444" 443 41.1378866628332 100.495927705074 15.2770272726085 1.25331284361602
"445" 444 54.0765928741042 92.3809077930459 15.2729717669547 0.931216071233954
"446" 445 68.2167864541074 102.081425123679 17.1477436113875 1.16145682900488
"447" 446 83.9305255300839 111.267561373004 18.2018321863219 -0.0722711118291731
"448" 447 88.3490060312444 121.218093427366 10.8874266061373 0.623892375975589
"449" 448 74.036235189294 122.047486491427 14.3367814389736 1.93080372360928
"450" 449 60.2374676405096 113.738155114304 16.1074819199101 0.599903375709099
"451" 450 45.5801317056066 119.095710968369 15.6057970459063 -0.892454375730357
"452" 451 37.3383748145717 120.423108838935 8.34796632466296 0.190747705649454
"453" 452 39.662599500251 109.08693663186 11.5719843025297 1.9327074413147
"454" 453 51.90025578712 100.669468291081 14.8530806455618 0.766057856204307
"455" 454 59.3467173015904 94.5237642139699 9.65502292539509 -0.0874759752750123
"456" 455 72.5407852452653 85.6785846749266 15.8846035512448 0.0994133544090206
"457" 456 86.4287366057615 74.7339202371692 17.6822191097899 -0.0768472028373965
"458" 457 100.289822965905 61.4247985850203 19.216202388481 -0.0976623797360955
"459" 458 117.178463134297 61.846616493677 16.8939070994683 0.790057122814836
"460" 459 116.361219338192 72.8227577460989 11.0065237116625 1.62014434158361
"461" 460 100.360328035019 72.5359129512984 16.0034622014191 1.5144019564993
"462" 461 89.043015529678 60.5208614495205 16.5058482040134 0.79736871511825
"463" 462 90.6291879044788 43.9518310915274 16.6447802570859 0.85094303967139
"464" 463 104.649204355065 42.2617245605715 14.1215197964204 1.35538538827201
"465" 464 116.583142518051 53.7049438799353 16.5337880858876 0.884380493248987
"466" 465 110.768258684447 68.2352374541699 15.6506327460508 1.18705695758536
"467" 466 97.6498011209485 75.4999159983181 14.9956488087417 0.684388694897795
"468" 467 82.4008354144553 78.162826276984 15.4797301743289 0.332851555457908
"469" 468 65.5617072449551 83.9193293034382 17.795886170754 -0.156512791720813
"470" 469 54.0391219806335 75.1395963043684 14.486327440332 0.980509161612646
"471" 470 57.8236384640187 61.3419704990952 14.3072374298938 1.18738923670752
"472" 471 72.0399478534665 57.5873965328426 14.7037504849805 1.04488496239802
"473" 472 86.4171527359162 62.7204322023222 15.2660432141431 0.601127947741331
"474" 473 100.929244832931 68.0485605001111 15.4592939098116 0.00895133002326502
"475" 474 115.364064171284 70.6546106551963 14.6681800759913 -0.173256482935082
"476" 475 118.380434412634 73.3138092062441 4.02117226276056 0.543934480062016
"477" 476 105.203682236262 75.1026192702059 13.2976178078044 2.28411289979616
"478" 477 92.9081610815993 68.9181254295811 13.7632773905597 0.600964922784713
"479" 478 82.1050200701346 56.1367097672827 16.7353650108397 0.403047575602996
"480" 479 84.1048882870786 42.7076808979162 13.5771237476655 0.849548775481534
"481" 480 99.4820694372146 44.3746446146413 15.4672708697099 1.53094487405835
"482" 481 115.989856414707 46.3205916095067 16.6220859280984 0.00935569216815632
"483" 482 123.03198511992 57.0630903091042 12.8449544573594 0.873197945760703
"484" 483 116.571870234523 70.635296717464 15.0312298606481 1.02450793052647
"485" 484 116.090034995549 86.3697284783008 15.7418076482324 -0.413635174460789
"486" 485 115.680322739851 96.3883080922815 10.0269537554604 0.0102590524719159
"487" 486 102.39943852172 92.8941690307187 13.7328399610902 1.78718909100754
"488" 487 90.9079510193038 85.5814249935145 13.6209584968116 0.30946270027486
"489" 488 87.6353352373697 70.7785700691096 15.1602944552256 0.78648814169717
"490" 489 100.818299123974 62.786736676904 15.4162232016889 1.24339293352568
"491" 490 112.697024247611 72.118898064147 15.1060698634842 1.21089444578934
"492" 491 118.273816702364 65.7176539655691 8.48979034446478 -1.52003085773453
"493" 492 117.180624282099 50.287222193192 15.4691077425205 -0.787404615373758
"494" 493 120.059769160919 38.7172916932668 11.9227835259361 0.314621732401952
"495" 494 124.281957082755 43.155564976249 6.12577673293234 2.13724671929729
"496" 495 122.342734791154 55.2573654726806 12.2561885736013 0.919344209651891
"497" 496 111.780592737145 64.7275785784199 14.1860417677798 0.680960879591106
"498" 497 96.7922889346183 66.233527444108 15.0637688797623 0.630804921197912
"499" 498 82.2838849483987 60.2037675580007 15.711517766004 0.494024712905838
"500" 499 67.0749935629278 54.6816301520439 16.1803701658929 -0.0456009102378534
"501" 500 52.2862469797354 46.635215708302 16.8360271709909 0.150009801094186
"502" 501 42.8251178648771 34.2215096869144 15.6081088320608 0.421268543367799
"503" 502 51.2253237344148 24.6088717735167 12.7658241529761 1.36942327325572
"504" 503 66.9392506711824 27.9247307669822 16.0599632826049 1.06056928974406
"505" 504 78.9095861484275 36.9258844470252 14.976972291139 0.436787946146532
"506" 505 87.7988256701668 50.0269031399528 15.8320961994075 0.329884590113663
"507" 506 98.1172672941456 62.698148627618 16.3410740086486 -0.0872509308993441
"508" 507 102.214912032902 77.9799325999017 15.8216185575499 0.421434906103606
"509" 508 93.718669221361 91.0913650740529 15.6235656441442 0.836946439688943
"510" 509 87.8626458149432 104.239552672516 14.3933264835093 -0.155959214818413
"511" 510 91.5872985033043 107.615315999704 5.02680969304622 -1.25350574528033
"512" 511 102.314507058181 111.146669946802 11.2935142484304 -0.418278856215517
"513" 512 106.068209118468 110.630982243566 3.78895935115111 -0.454548790315176
"514" 513 107.977683060813 100.984746897492 9.83340973865862 -1.23884606750204
"515" 514 118.171597862172 96.9385948722119 10.9675542026944 0.997525552471362
"516" 515 114.471341567972 90.2387038605139 7.65378574376085 -1.69754598456521
"517" 516 111.425649001718 77.8693212021653 12.7388331709301 0.263170907836389
"518" 517 107.633575363475 66.6062370743358 11.8843126241454 -0.0833352696020789
"519" 518 115.14605158363 54.1437530475311 14.5516599423147 0.867242125200001
"520" 519 112.469404902414 43.3329934900597 11.1371881399896 -0.785191206976772
"521" 520 106.547971465781 27.8827213210677 16.5461259526335 -0.123280359526423
"522" 521 106.101800460344 21.1858575750018 6.7117101099097 0.299464878648926
"523" 522 98.82608782725 14.0321644809501 10.2034954404481 -0.727328712416101
"524" 523 93.329044148827 7.47647990812969 8.55537780701739 0.0960654033135478
"525" 524 83.0107366039755 2.92406459099254 11.2779411157287 -0.457497448283575
"526" 525 73.2874237466643 1.21709292727481 9.87200917655014 -0.241726336831494
"527" 526 63.4980786169823 0.952265511976036 9.79292661199506 -0.146737650817458
"528" 527 50.2050187339015 3.63232944350184 13.5605377375766 -0.225992801678679
"529" 528 38.424154015628 7.86946543961676 12.5196683246736 -0.146310045584225
"530" 529 29.3828137315547 12.6274889495421 10.2168792619571 -0.13917115865175
"531" 530 24.6049358092161 21.9279668171721 10.4559555281689 -0.61180197522351
"532" 531 21.9987992671976 23.0089921135137 2.82144703423169 0.703030472104824
"533" 532 25.3368739796341 32.2076064058859 9.78556322781899 -1.52570748613278
"534" 533 34.5602960900429 42.8252170005662 14.0643225989396 -0.367134887018304
"535" 534 48.5765278885988 46.0872027902966 14.3908062707846 -0.626891918391698
"536" 535 65.6931333225835 44.4614908295258 17.1936360599528 -0.323353454776145
"537" 536 82.0647135607708 38.461684770063 17.4363503132557 -0.256582930984831
"538" 537 97.8492965718322 39.2090511381896 15.8022662084048 0.398590045851755
"539" 538 110.962063299896 33.0714992819779 14.4780590568043 -0.485082634773616
"540" 539 106.068990772767 30.2747456424285 5.63595508109158 -2.18456672246371
"541" 540 92.2533386780543 34.1305092915163 14.3436102888974 -0.79141735659408
"542" 541 83.8747749439892 45.7920622139169 14.3593922854605 -0.675615153069923
"543" 542 82.285763040835 61.7372448570746 16.0241632652699 -0.523692918931769
"544" 543 87.4686542064472 78.5049926526875 17.5504907900566 -0.399110026216046
"545" 544 90.9214138787037 96.47865212491 18.3022945058202 0.109994245713456
"546" 545 80.3526737445317 109.617537433709 16.8620454032549 0.867198886594799
"547" 546 65.6225440892313 115.877748502258 16.005216720955 0.491521251229222
"548" 547 52.2381141858829 104.838118402074 17.3498241082304 1.09155304258204
"549" 548 45.3029552692023 88.1653829307951 18.0575894652316 0.486921328818296
"550" 549 41.172323226884 71.5657853266421 17.1058107580094 0.150301265713578
"551" 550 39.2012756217083 56.309502805749 15.3830811289279 0.115401843218178
"552" 551 50.5852504705835 47.7628846454669 14.2351524522039 1.0552939134119
"553" 552 63.1206470394482 54.5289221361023 14.2448387306908 1.13892971811741
"554" 553 74.2953885829523 64.9382497970037 15.271835217685 0.255007816849925
"555" 554 89.7053587712327 70.4839949827216 16.3774989198169 -0.404501396816969
"556" 555 103.047001868855 81.2894077554793 17.168470687106 0.335299530559537
"557" 556 112.781938396947 94.3624388525733 16.2994825461289 0.249973737659591
"558" 557 115.864856280252 101.98186652045 8.21949272529735 0.25559683668327
"559" 558 108.134326942375 112.387539866582 12.9629904586161 1.023427759413
"560" 559 94.2200859330971 114.404157157901 14.0596176393211 0.787915434537886
"561" 560 82.430995733327 106.068792789959 14.4381767160777 0.759365244348234
"562" 561 82.9620162569875 92.7091463498005 13.3701958027015 0.995087983206813
"563" 562 98.0892829708051 86.677732787149 16.2853353602162 1.15167412828289
"564" 563 114.366493473087 92.6552952674581 17.3400932794957 0.731340754363916
"565" 564 119.585231666309 85.7520315118902 8.65391696333701 -1.275423913976
"566" 565 125.605309931148 77.8658042982482 9.92138709959316 0.00468250335110977
"567" 566 125.868387573603 66.2312826019827 11.6374956475538 -0.629392694520707
"568" 567 123.929912671748 52.3844193772163 13.9818920790611 -0.161697815225163
"569" 568 120.985095930056 39.931064929276 12.7967957961431 -0.0931125896329616
"570" 569 122.510885592932 39.4880220483077 1.58881121903076 1.52040048596006
"571" 570 126.817207571 48.7598986680109 10.2231162093457 1.41858935126794
"572" 571 126.970780368656 60.5289458827788 11.7700491480544 0.421757127593639
"573" 572 117.399561261748 66.5719431949084 11.3192778792133 1.0206763299149
"574" 573 104.967507682156 69.8889618281821 12.8669564707173 0.302430241145335
"575" 574 97.557714048026 58.3674700507353 13.6985332966038 1.26000512516835
"576" 575 84.826599013368 58.1844424252534 12.7324306060306 -0.984891825878043
"577" 576 70.0507724601087 65.3077646351846 16.4032548489164 -0.463595051329539
"578" 577 53.0654393762403 73.8313632566144 19.0040330832483 -0.0158837918810086
"579" 578 35.5911856184097 79.3046806876561 18.3113830196957 0.161561104380916
"580" 579 20.5233006272546 80.2407975320895 15.0969358762998 0.241495447863623
"581" 580 19.1298208510006 67.1492520945907 13.1654983889302 1.52680128113696
"582" 581 32.8298738588682 62.5503634342868 14.4513400530281 1.35297358717495
"583" 582 48.6420472085257 67.1850594825245 16.4774158622998 0.608987846111876
"584" 583 61.4777613342764 76.1289202478583 15.6444303989526 0.323448501410605
"585" 584 76.0639868152285 81.8039012454969 15.6513061149776 -0.237527952335352
"586" 585 88.0739077714968 92.9743018116428 16.4017087580522 0.378153312055639
"587" 586 86.4227836736932 110.789545101187 17.8915931166564 0.914015691761091
"588" 587 70.9799004213681 119.010894456233 17.4949486527585 0.989171803320214
"589" 588 57.7103210523852 110.736895752535 15.6378000747718 1.04675062445403
"590" 589 55.1322457649974 94.7271238969626 16.2160188410999 0.853593104954885
"591" 590 51.7089380993545 78.1272157814529 16.9492178231626 -0.0437127107593749
"592" 591 59.3171614228921 63.2898182128455 16.6743344319868 0.677187485190979
"593" 592 74.1459855738184 56.6928197669075 16.2300466479552 0.678397033188305
"594" 593 90.0767576994109 60.8236119841475 16.4576105452634 0.672294150857812
"595" 594 102.846789714221 67.8004423198525 14.5516280598598 0.246323048104476
"596" 595 106.050232025669 79.9353086654652 12.5505786268465 0.812665755304152
"597" 596 95.9757444505013 90.3298090687128 14.475528955286 1.02786400933826
"598" 597 83.6623521038802 84.5548360699004 13.600365591367 1.23957189334168
"599" 598 84.5141077335166 69.8183827893074 14.7610481654833 1.18999034887886
"600" 599 94.9128150983193 65.9646892063383 11.0898182622719 1.15815946301232
"601" 600 109.492586342285 68.9310890422895 14.878483038035 0.555622101617258
