"time" "x" "y" "speed" "angle"
"1" 0 122.790508065557 44.1756200180226 NA NA
"2" 1 121.332368653353 36.2128385511464 8.09518741195356 NA
"3" 2 117.783179609782 29.0257740594731 8.01564962273642 -0.277586800334054
"4" 3 112.787266329568 23.4459580733634 7.48955912869782 -0.271543035948406
"5" 4 108.279493647353 20.2041445044725 5.55242017231843 -0.217083573948664
"6" 5 104.62098654708 16.3405031815101 5.32093962334204 0.189191932614131
"7" 6 98.1137830754304 11.9567472294181 7.84608267028537 -0.21982160203457
"8" 7 90.0040199847816 9.00760035169704 8.62935250715959 -0.244054018909408
"9" 8 78.3720719733951 6.60910374148454 11.876657801284 -0.14543746555195
"10" 9 64.0580186416898 9.04545204154396 14.5199144564321 -0.371940095233469
"11" 10 52.132967567357 13.5395089728841 12.7437588971062 -0.191807969281875
"12" 11 40.3309886138413 13.2364139982842 11.8058703102674 0.386075112831127
"13" 12 30.0966369563975 23.5698719214435 14.5438064652252 -0.815892703367946
"14" 13 27.1758307386642 38.5871479664719 15.2986825829591 -0.58848160208087
"15" 14 28.2185356147016 54.0360548398349 15.484054928873 -0.259489641319803
"16" 15 37.9192523708293 66.8531966350658 16.0742971660248 -0.58048228209639
"17" 16 50.5856318566927 73.8472140727942 14.4690514270684 -0.418413405535334
"18" 17 65.5715919498659 81.7582646663448 16.9459057417388 -0.0187933696298195
"19" 18 81.3331218928741 81.3815428266368 15.7660313804349 -0.50961251333441
"20" 19 95.9824558972831 85.419702076187 15.1957137672918 0.29287167209339
"21" 20 110.060443090163 85.1242808956655 14.0810865019998 -0.289956410582189
"22" 21 120.840618458557 80.2276778495229 11.8401394571522 -0.405378640246753
"23" 22 125.224878193653 72.9095778703899 8.53090386356401 -0.60468007936956
"24" 23 125.693265598554 63.5134973620013 9.40774764123644 -0.489948065399773
"25" 24 125.668618953718 58.1044501581692 5.40910335549117 -0.0543645312519951
"26" 25 124.857824125255 52.7787221432331 5.38709264287672 -0.146524505908158
"27" 26 124.459277249336 49.3571927919436 3.4446629318469 0.0351215128738846
"28" 27 123.590204408058 44.6604646730858 4.77645712070336 -0.0670089183331118
"29" 28 121.411730592626 38.5771119970175 6.46165055894766 -0.160907787339181
"30" 29 119.6405048966 34.3923342275703 4.54418369412177 -0.0565149720412221
"31" 30 116.038863135823 29.6362233861633 5.96593778954553 -0.247744052163538
"32" 31 111.918833453779 25.8881517146768 5.56980123842169 -0.184501919217245
"33" 32 106.116828538686 22.5936498264564 6.67210639350496 -0.22173660677845
"34" 33 99.2823809767297 17.4681022848648 8.54288657762946 0.127051576793701
"35" 34 87.2725254646381 10.1734804383531 14.0516240095201 -0.0976412084081102
"36" 35 81.2947990782544 5.21522616886915 7.76643406920607 0.146612058950323
"37" 36 74.8884806396478 2.13867108265871 7.10676488532706 -0.244731900201031
"38" 37 65.0833870165088 2.0827780877285 9.80525292817084 -0.442012734906364
"39" 38 54.5991966797791 3.34509166459843 10.559909212826 -0.125525175356954
"40" 39 46.7333653440121 10.2584173983302 10.4721237246039 -0.601213092079236
"41" 40 42.7865273725525 24.2843720992472 14.5706875350868 -0.575456290652386
"42" 41 47.2245464228336 37.3494813573324 13.7983003669423 -0.601758053778654
"43" 42 54.7154599672159 49.8250511119208 14.551756815966 -0.213291881130125
"44" 43 61.7996216758112 61.2554098532825 13.4476186765446 -0.0140797438462102
"45" 44 63.5164804130689 76.188860186205 15.0318176801597 0.440362796299671
"46" 45 61.896619082747 91.4842276593158 15.3809042928876 0.219976827532117
"47" 46 57.4195611725423 104.818949852057 14.0662313179084 0.218406860125352
"48" 47 50.8749898530617 114.418085126159 11.617866059061 0.274479094516503
"49" 48 53.2825081201783 120.407717555794 6.45537302164946 -0.980582208704599
"50" 49 58.5951430806499 123.410317454958 6.10243364385755 -0.674188459206598
"51" 50 62.6404788225757 124.185055359229 4.11885421995199 -0.325201005953333
"52" 51 69.2247608914644 123.615771630339 6.60884667144497 -0.275469195922765
"53" 52 80.5055879334251 119.819628127398 11.9024268216844 -0.2383628718677
"54" 53 90.7843441620959 115.740225592678 11.0586777983951 -0.0532018860333467
"55" 54 99.5417928658595 107.962262371791 11.7127972604546 -0.34842038446776
"56" 55 107.635722447244 99.5202629089524 11.695257628585 -0.0802126898349046
"57" 56 116.945132142542 87.4496981139656 15.2434787153354 -0.107389682321285
"58" 57 120.163391186473 83.1190968552904 5.39548872072641 -0.0178636633282492
"59" 58 121.878329019696 68.6174461993333 14.602701240498 -0.521387203327306
"60" 59 120.789603621543 53.7719610227962 14.8853536444172 -0.190917496915055
"61" 60 119.969235548132 40.6002377345787 13.1972458549973 0.0110039137748758
"62" 61 118.228542254809 32.1868644942841 8.5915576248969 -0.141815283348976
"63" 62 114.529561390529 27.3671795257272 6.07551007162737 -0.450573274497893
"64" 63 111.128842929336 24.0357817068279 4.76057743136949 -0.141104077898722
"65" 64 107.795508098635 21.3043523022382 4.30950434340492 -0.0886257196448581
"66" 65 104.778369996274 19.3791310639982 3.57905003386165 -0.118515108817451
"67" 66 96.0160855761905 18.4174357856809 8.81490136455203 -0.458644286255485
"68" 67 83.7830056260442 20.0284984524231 12.3387101425896 -0.240260064253086
"69" 68 71.0556936053065 16.7091037813704 13.1530548640013 0.386069131694225
"70" 69 63.5422850799507 13.8326835814681 8.04519116213493 0.11049931965625
"71" 70 51.0626731330185 21.7576360094908 14.7832873655502 -0.931405598731269
"72" 71 37.899829388814 27.8200675095053 14.4918436068952 0.134170425526619
"73" 72 27.8735109055878 35.2057606444957 12.4529324021022 -0.203279270943221
"74" 73 26.8951729087134 48.9502072349073 13.7792219414888 -0.864845925456438
"75" 74 36.214449959546 59.78915861246 14.2944671714312 -0.781213948297274
"76" 75 46.4170045834605 70.7057428490794 14.9420190151521 -0.0414482406779542
"77" 76 56.8693914296835 81.8390041518856 15.2709494799655 -0.00226425635579483
"78" 77 68.672752806119 90.5490093696252 14.6691353077058 -0.181201883393763
"79" 78 81.6527785066797 93.5858869114124 13.3305548418296 -0.405897421989504
"80" 79 92.1700978557055 91.3515495441788 10.7520356100605 -0.439162772569358
"81" 80 101.690964783962 82.5220379642136 12.9848828183514 -0.538409264625812
"82" 81 107.013240315764 69.2250913306935 14.3225488866716 -0.44232254994686
"83" 82 107.054863206441 55.2494193829275 13.9757339290858 -0.377754836365108
"84" 83 109.510270612766 44.7648882896841 10.7682133047327 0.227069154078517
"85" 84 111.688006091565 43.5938272071678 2.47263338863709 0.847365103034169
"86" 85 109.920516696466 52.6768618705977 9.25340680284055 2.25637073230475
"87" 86 105.240643839907 64.803248675852 12.9980947413153 0.176123404223778
"88" 87 97.1527390918953 75.8360211653854 13.679776022242 0.264270098606036
"89" 88 84.3992770252569 84.4849973304014 15.4095938748625 0.342290138220595
"90" 89 72.4155030342197 93.6143936416986 15.065082677403 -0.0550966192742012
"91" 90 57.8501500060993 96.1718987780515 14.7881824899562 0.47720234033956
"92" 91 43.0939716524894 97.3477914995119 14.8029565727908 0.0942962762370579
"93" 92 29.3833121385736 98.8285169994218 13.7903855026831 -0.0280610331002293
"94" 93 22.4188498247725 97.409588658262 7.10753775633325 0.30856872364335
"95" 94 21.6493594822448 86.2312771230545 11.204765243654 1.30107938597198
"96" 95 24.3772374711142 72.4590180087482 14.0398162179478 0.264268939417248
"97" 96 22.6266649428532 59.1881125394008 13.3858670303069 -0.326692914628753
"98" 97 19.7772315277639 45.7657737543558 13.7214594430604 -0.0780314741356214
"99" 98 25.530321278664 40.7450157851114 7.63583998441841 1.06245168408758
"100" 99 38.3508659446128 39.4202018220566 12.8888128843697 0.614559704058195
"101" 100 52.113546532651 38.4393074805495 13.7975914810362 0.0318180330801744
"102" 101 66.0577549179298 43.1190527884953 14.7085337011994 0.394945338672144
"103" 102 79.9393718629668 46.2143651449192 14.2225260622918 -0.104403390224495
"104" 103 93.5693238917847 48.4784854234532 13.8167229451685 -0.0547797191346612
"105" 104 106.588668748641 45.1164369478962 13.4464385788114 -0.417324462714582
"106" 105 112.574701103141 34.2058845315644 12.4447875585983 -0.816279188896195
"107" 106 110.453473862281 25.7238987804585 8.74320806622669 -0.746862929554519
"108" 107 106.964973530232 21.1945054812745 5.71708301718606 -0.41123919076949
"109" 108 103.133314166408 17.5807454410016 5.26696070889558 -0.158357094125489
"110" 109 98.9531476363936 14.9173198958843 4.95657420533964 -0.188846045368248
"111" 110 88.4336223740685 12.9477052174402 10.7023265566996 -0.38220309907022
"112" 111 75.3373900615481 10.6189369442075 13.3016714158003 -0.00911086897111281
"113" 112 62.1656555846633 9.29672092368801 13.237932026358 -0.0759325952307457
"114" 113 50.6509595778687 15.3068049260231 12.9888157213819 -0.581099906532603
"115" 114 41.9209930851054 26.1519751440549 13.9222854453876 -0.411983935869867
"116" 115 36.047380972209 37.9485986389544 13.177998525314 -0.215788989202745
"117" 116 24.3441057217871 44.2102099511751 13.2730715289442 0.617547292806874
"118" 117 14.9832975828809 44.3136870213361 9.36138005410855 0.480224020372231
"119" 118 10.3101445284916 54.2225577846681 10.9555501584432 -1.11906120074836
"120" 119 10.3007846263836 66.7166296849965 12.4940754063013 -0.439932140855923
"121" 120 14.7225721532804 79.6084173241225 13.6290276052747 -0.331167689766433
"122" 121 21.1722101051664 91.002904168399 13.0932104601889 -0.184649516733445
"123" 122 28.9006119635577 101.091978688284 12.7089582559933 -0.138605323498389
"124" 123 36.6983803021644 113.621645021424 14.7579717265751 0.0969859537952599
"125" 124 48.2783688772216 119.728963954425 13.0918096513757 -0.52878009765035
"126" 125 62.2263559766732 119.17603820313 13.958942331456 -0.524950028874736
"127" 126 74.1483667761006 116.278462388654 12.2690784944225 -0.198800179818007
"128" 127 83.4381335027819 106.605328123555 13.4115357937409 -0.567190714939054
"129" 128 88.4672855356646 95.0190164205904 12.6307160940346 -0.355664926079938
"130" 129 89.6486101177978 81.7582502788749 13.3132808290676 -0.320669630842455
"131" 130 96.5638383054249 71.9134821967404 12.0307871512203 0.523503135267112
"132" 131 103.159565566486 60.7761847297807 12.9438407348765 -0.0776737117828802
"133" 132 101.078530865712 47.9679934439379 12.9761500238154 -0.695748429628114
"134" 133 93.935027583912 38.4755720909637 11.8800548096164 -0.484060514540707
"135" 134 82.2221242885483 32.4667745284788 13.1642603952317 -0.45166772945691
"136" 135 69.9805150862422 33.666035033468 12.3002122591772 -0.571653031863814
"137" 136 60.6219960263549 42.2938626714075 12.7287583347421 -0.647141398790515
"138" 137 55.1226085881313 54.7546324252842 13.6203540723 -0.410374915407039
"139" 138 53.2597751981465 67.8197454329143 13.1972469152088 -0.273999541364157
"140" 139 47.3098382557735 78.3522543383039 12.0969208255789 0.372593402058138
"141" 140 34.9687615599158 82.4666372221006 13.0088554657019 0.734775841374863
"142" 141 26.4771151013983 83.9195874378047 8.61505217080938 0.152338479500324
"143" 142 22.548156758568 93.5168233507171 10.3703254928566 -1.01276380674373
"144" 143 31.361098997198 100.693492823657 11.3654096109754 -1.2759467426804
"145" 144 43.749561578263 103.14687347158 12.6290570402566 -0.487911794371569
"146" 145 56.5626023025533 104.706540976202 12.9076169499754 -0.0743787689698849
"147" 146 69.1370210746603 102.127901384474 12.8360971327091 -0.323395142041333
"148" 147 78.6990605522763 94.7658461848126 12.0678272996572 -0.453865718139352
"149" 148 90.0610355895411 91.3895127252469 11.8530208967002 0.367281778685436
"150" 149 102.443675265124 90.2442729046383 12.4354871067451 0.196624812821929
"151" 150 111.119545926746 80.9773583569751 12.6943466539594 -0.726101563684244
"152" 151 115.311308302612 68.4850196880789 13.1768508086768 -0.428728380028215
"153" 152 119.455634967659 63.4839856678904 6.49505848916673 0.368252814413297
"154" 153 118.535137081952 53.3403045563594 10.185361203709 -0.782492100315286
"155" 154 116.686485281928 42.0693118734098 11.4215931260414 -0.0720729516121229
"156" 155 109.002992584868 32.3518838697411 12.388077616493 -0.506468490257023
"157" 156 99.0403163090321 23.8756575465794 13.0805707543123 -0.196799576823271
"158" 157 86.8709741996133 22.316494486293 12.268817254513 -0.577529251634575
"159" 158 75.1049390887505 23.361571445762 11.8123565845799 -0.216017011375864
"160" 159 65.1807908748561 21.5771458457891 10.0832976993236 0.266494457701917
"161" 160 55.212611378205 27.4397766288196 11.5643868049971 -0.709554650379713
"162" 161 46.3164550758797 24.5275293724114 9.36070408878832 0.848014330244988
"163" 162 47.423296848246 14.9709904851255 9.62042276686754 1.36973781951174
"164" 163 56.3916892895014 9.82302496404558 10.3408709491316 0.934398215246481
"165" 164 68.3985448808183 11.3490254360597 12.1034399503334 0.64750784888746
"166" 165 80.1320761110431 14.1811359618527 12.0704848767963 0.110422663537354
"167" 166 91.6399383656506 17.634387551958 12.0148175273528 0.0546889736964837
"168" 167 97.0875815111954 16.9120978459038 5.49531784892128 -0.423346690892739
"169" 168 101.941825413001 17.123796229055 4.85885789704187 0.175402086468066
"170" 169 107.146636128464 19.5068425606899 5.72441825887282 0.385783177958328
"171" 170 113.194255123617 24.0770920236686 7.5802952227731 0.217779301184464
"172" 171 116.366819703208 27.7065761672911 4.82061418913412 0.20532536201413
"173" 172 115.665022793474 26.2886343915451 1.58211181081419 -2.88285942022678
"174" 173 113.350904171484 29.7944254225121 4.20068039125193 -2.09856884966802
"175" 174 105.086274547422 35.6002763710051 10.1000994083741 0.374966715967147
"176" 175 93.9305647572577 39.3319892135246 11.7633133793759 0.289587186387486
"177" 176 81.5871333246163 42.4065472989737 12.7205820210052 0.078693619925427
"178" 177 67.8429448326389 42.7547184851828 13.7485977640597 0.218790048413793
"179" 178 55.4575508314084 36.9188880106598 13.6914170885664 0.465659099886417
"180" 179 48.4386965938532 29.4081532168562 10.2798566113978 0.378906684707984
"181" 180 42.1850604565628 28.5887439708646 6.30709096573384 -0.688951939429313
"182" 181 37.8564828406997 40.1202358138678 12.317137991506 -1.34198821090528
"183" 182 33.3048522371331 52.0416933403568 12.7608185751231 0.00562514219046702
"184" 183 29.8317800826917 65.9764056024783 14.3610040045281 -0.120458080387832
"185" 184 32.8748635415529 77.5644911962218 11.9809884677985 -0.501068286192109
"186" 185 40.9820590966087 88.178928357997 13.3563803490763 -0.395462034014421
"187" 186 52.7510116521062 95.3525171135707 13.7829104287754 -0.371127135340884
"188" 187 65.9830825634836 97.6704738862421 13.433563347217 -0.373983493757366
"189" 188 78.6224716098838 95.2507848582516 12.8689179987456 -0.362569310315138
"190" 189 86.0817852930036 98.6324739528689 8.19006604099335 0.614789061691065
"191" 190 84.4121302491207 107.967977184617 9.48363688442035 1.32213784217667
"192" 191 77.1432130064679 117.099853555937 11.6716889926698 0.495314540901795
"193" 192 65.71107843909 116.054206868057 11.4798553023334 0.98971472553015
"194" 193 58.4880197130463 107.75234886227 11.0042457128202 0.763563115488377
"195" 194 51.9935210639478 99.6859903745558 10.3558993793617 0.0381578981016836
"196" 195 44.1216715896669 90.178119464012 12.3436470865503 -0.013677270326164
"197" 196 40.3931280288679 77.9740535138857 12.7609271920111 0.395030716146782
"198" 197 32.1658281494309 69.1804341516269 12.0422674274606 -0.455628373137052
"199" 198 29.0823190784098 57.7881914586135 11.8021702143117 0.487804652883142
"200" 199 22.7254747841209 47.45186137891 12.134627678607 -0.287042243760842
"201" 200 20.8863174867477 43.1131645986743 4.71240801664165 0.150440665216588
"202" 201 30.1668231542211 39.5014095101639 9.9585420751929 1.60059058916815
"203" 202 40.9624920869185 34.8258544138344 11.7646624755332 -0.0375664077461649
"204" 203 52.2985184206649 29.0405846128003 12.7269336334464 -0.0631807627889632
"205" 204 63.6752758799171 28.5314522067283 11.3881441022478 0.427166159643031
"206" 205 75.0255596852892 33.1033696150668 12.2364770768045 0.427641726573802
"207" 206 85.9133938744241 39.1759063868192 12.4667813077144 0.125843540719405
"208" 207 97.7234606839741 43.6175382932644 12.6176769667949 -0.149038380095697
"209" 208 107.322262527674 39.5194431029534 10.4370197385778 -0.763235923284012
"210" 209 108.822963457735 29.7071221226412 9.9264165891907 -1.01552069202404
"211" 210 101.01743401309 21.4689436793851 11.3487388715286 -0.910202261439062
"212" 211 93.3819541463475 14.917921496917 10.0606383709295 -0.103254906063624
"213" 212 87.0907941754304 9.68882647353951 8.18059463261563 -0.0156366932419708
"214" 213 75.9186973853686 8.49245905143255 11.2359708835146 -0.586788149852355
"215" 214 64.9135592554287 12.0190700400667 11.5563856946804 -0.416791060272819
"216" 215 56.5889429007999 19.3739931220385 11.1082910923992 -0.413520045334004
"217" 216 47.8374812503442 25.2574428949354 10.5452862573568 0.131752285302775
"218" 217 43.563340012106 35.6333545707723 11.2217568334543 -0.588168579612195
"219" 218 43.1874547691998 45.6478421691634 10.0215393814605 -0.353231167832857
"220" 219 47.4232604389121 55.9750469557965 11.1621327879857 -0.426750679450687
"221" 220 55.4822339925874 65.1234894465544 12.1918437795742 -0.332934498727918
"222" 221 66.8895185261874 70.1305180101572 12.4577877437066 -0.435015466701065
"223" 222 76.6931718079996 72.4910186706577 10.0838276977648 -0.177332063220962
"224" 223 84.9621941270913 78.805700933678 10.404419358933 0.415903184303522
"225" 224 84.7074485198545 88.4379069393764 9.63557408049048 0.945054100741564
"226" 225 77.4764738053505 94.0420024748837 9.14838139196701 0.885037359159158
"227" 226 67.6232196429942 100.521056713422 11.7925722984389 0.0776500473497303
"228" 227 59.9805959372843 108.973689055606 11.3954679859679 -0.254013856966028
"229" 228 55.9933707977395 117.199741079928 9.14143841089976 -0.283776117832688
"230" 229 55.9221176704868 119.151521580851 1.95308067727016 -0.414848016947886
"231" 230 59.9497068518208 121.679489964643 4.75521805630936 -1.04677492122192
"232" 231 69.9189771096542 120.660100035899 10.0212526812045 -0.662410988826152
"233" 232 77.8419967494839 113.579483451762 10.6258821480707 -0.627411402176336
"234" 233 87.1453899984355 106.567739998059 11.6497927966628 0.0834609099618045
"235" 234 98.1460280165904 100.3374586634 12.6424065080775 0.130535453638551
"236" 235 104.500410809335 92.4333385562838 10.1416613700342 -0.378347730644863
"237" 236 105.458007164811 80.1047555214479 12.3657167372888 -0.599617275920938
"238" 237 103.931002415696 67.6075201607089 12.5901801085419 -0.199101942747655
"239" 238 98.7614159722615 56.6608054479774 12.1059979761306 -0.319617506885382
"240" 239 97.9339112076325 46.9618574073247 9.73418498030343 0.356089324571834
"241" 240 94.7205099364506 36.7550070206087 10.7007356077252 -0.219891351962355
"242" 241 88.8628854246714 27.2879641789355 11.1326845408946 -0.249079783224709
"243" 242 81.2236220379686 19.4386749261359 10.9530674637534 -0.217754888786458
"244" 243 74.4702452986593 11.878040760782 10.1376173909534 0.0427773961062207
"245" 244 73.0683089845573 6.76852010679028 5.29836075993002 0.461274358678913
"246" 245 73.086711295024 6.46775356184584 0.301328988961119 0.328895689290186
"247" 246 68.6209636234321 3.85258098369276 5.17513573540367 -1.10213574919225
"248" 247 60.3856214276895 1.2097405704935 8.64901535035161 -0.219236853987483
"249" 248 51.0448900992402 1.98725243890925 9.37303507172579 -0.393579657515072
"250" 249 41.7496284205848 4.66296431896766 9.6727102582351 -0.197232692246652
"251" 250 34.2477975661644 8.58781026730105 8.46651533315106 -0.201743060920228
"252" 251 26.9777325982005 12.5696855211117 8.28909978075578 -0.019058913837162
"253" 252 19.7677938192437 19.0643496040646 9.7038074355741 -0.232171100084768
"254" 253 13.2708138549696 26.9776314750649 10.2386902788434 -0.150114594632578
"255" 254 6.16181759272015 36.0198755065635 11.5021739241697 -0.021160162586811
"256" 255 2.03183761468816 45.5442630788451 10.3812664567469 -0.257117908908551
"257" 256 0.58191064135605 56.2174136987218 10.7711852821576 -0.274128949566597
"258" 257 1.25143924209572 66.512892445436 10.317225943598 -0.19996141083257
"259" 258 3.71451160889663 76.7183147269165 10.4984460482224 -0.171880600166103
"260" 259 6.78158886340359 87.1091044360256 10.833996200112 -0.0502017177285503
"261" 260 13.1418789500627 95.9818524332925 10.9169110562218 -0.334912830221902
"262" 261 20.4351293173938 103.95564984183 10.8061531560948 -0.118916420119249
"263" 262 30.3741077509722 108.212720823407 10.8123052882039 -0.425264866915156
"264" 263 41.7976695128818 110.87449732569 11.7295702170312 -0.175757031935879
"265" 264 52.5341893899573 108.57427921598 10.9801576684068 -0.43997492814791
"266" 265 62.8017049669188 106.88512464005 10.4055331100591 0.0479980579346182
"267" 266 66.3014293499118 109.310463426236 4.25797357726599 0.769072153233593
"268" 267 76.3612137995039 107.726139896814 10.1837784843414 -0.762226006080418
"269" 268 87.2552825183844 105.099669934319 11.2062071065807 -0.0803692596179742
"270" 269 96.1327559198123 97.443084308459 11.7231752285454 -0.47511414956613
"271" 270 104.271549249408 88.7731200884212 11.8915195176482 -0.10529733953828
"272" 271 109.890270608082 83.9049896300292 7.43429377051675 0.103042954223501
"273" 272 111.189773048371 74.2584404410948 9.73368470040251 -0.722945272133529
"274" 273 111.205519255355 63.8875004739145 10.3709519209131 -0.13238721657591
"275" 274 107.414757675299 52.3485497723164 12.1456682257807 -0.318929482292323
"276" 275 101.830862068806 42.1086304457899 11.6634402282511 -0.18182151139951
"277" 276 99.6554418430737 31.674033777449 10.6589521431272 0.293695318510598
"278" 277 95.3165728767123 23.5610757716844 9.20031909830054 -0.285566781111887
"279" 278 84.9386703309166 18.0467962727369 11.7519419519731 -0.591281662155666
"280" 279 73.1501859859931 18.6776725953475 11.805353365526 -0.541875827329285
"281" 280 61.8369260284494 23.9768138096274 12.4928278814623 -0.384584995420361
"282" 281 51.2740534294137 23.75117263458 10.5652823664745 0.459408790886261
"283" 282 49.6456475009224 22.0742282057401 2.33748764389524 0.778723459459165
"284" 283 50.8202821663019 13.0155182481741 9.13454939733852 0.899663969662925
"285" 284 59.4919374036669 7.94165238987222 10.0469756296987 0.91244827348763
"286" 285 67.7828796629604 8.17664478927408 8.29427181702619 0.557734156817827
"287" 286 76.8852373230298 13.5500763720458 10.5700842923107 0.504946178679783
"288" 287 86.6103544770594 16.7377067686192 10.2342020306793 -0.216543965699127
"289" 288 95.4590748024073 23.1283789182322 10.9151519421428 0.308741923438872
"290" 289 97.9023329369473 32.4892277852132 9.67445098299922 0.690004338601926
"291" 290 105.210743018641 39.8674790252829 10.3851552363841 -0.525330615235937
"292" 291 113.505801625755 46.6274210688675 10.7006922078937 -0.106371391706216
"293" 292 118.627873209056 52.8348834361319 8.04786967746518 0.197126418445581
"294" 293 119.083523241319 52.5382418983507 0.543703185422175 -1.45800705908839
"295" 294 118.557972299504 48.3008496536438 4.26985911101813 -1.11709466090167
"296" 295 115.541769981521 40.2354798746602 8.61090390695147 -0.234470089177305
"297" 296 110.505537501783 33.0148033887343 8.80351103278499 -0.251161583925636
"298" 297 108.862129027029 26.973689169761 6.26065910440537 0.343418755064498
"299" 298 102.175808737468 20.3824957629644 9.38886092880274 -0.526952808346977
"300" 299 92.2655639591889 17.1277322519632 10.4310324070991 -0.460907992907512
"301" 300 81.6744892753171 12.7763247349921 11.450135821819 0.0725041176135528
"302" 301 70.9697130994356 16.8251539707983 11.4448788179009 -0.751426213501617
"303" 302 60.192276902169 22.7120337498864 12.2804106006106 -0.138342197508659
"304" 303 48.7226260654079 21.2763313366906 11.5591579164085 0.624464853643598
"305" 304 42.1123981364126 29.3062396268985 10.4006990352773 -1.00659405092801
"306" 305 36.2388276181605 38.3809107322193 10.809647834348 -0.114289848590692
"307" 306 28.4479584947356 47.0152446691218 11.6296760157917 0.159652595080696
"308" 307 17.7859685471184 51.0094443104894 11.3855900338187 0.478267074839002
"309" 308 9.93008570418396 58.7696373907283 11.0424404858935 -0.420832709013237
"310" 309 9.49198234929051 69.9296287191569 11.168587242806 -0.752289274985896
"311" 310 13.7012838625212 79.3103756571128 10.2818593816127 -0.461023005367033
"312" 311 20.8949945402662 87.5036052037247 10.9031410024165 -0.298743841614898
"313" 312 29.8405012743161 94.9136745928017 11.6159898019871 -0.158471956530038
"314" 313 41.520918489672 97.5484592815596 11.9738981405762 -0.469934382669449
"315" 314 52.8305964444112 97.5468779223757 11.3096780652948 -0.221999420431117
"316" 315 63.5142280605066 93.472966412076 11.4340167702425 -0.364162501623941
"317" 316 71.6732853582976 85.6559891533563 11.2993517270672 -0.399687035342661
"318" 317 77.3042646067245 76.8512802422944 10.4513552377071 -0.237818910616056
"319" 318 86.8055479350908 73.7597631966427 9.99158958972223 0.687233715005353
"320" 319 94.9945045399716 76.4308423666565 8.61357499584828 0.629873939856967
"321" 320 99.9157706676284 82.0606506095163 7.47753977927186 0.537151658117945
"322" 321 104.958074927029 88.8112329458314 8.42586459206082 0.076803144819502
"323" 322 110.705447443466 92.9686746244012 7.09342034235974 -0.303019255056539
"324" 323 114.061810596314 93.0938638923723 3.35869706383423 -0.588953131249947
"325" 324 118.006245485071 88.8711584666281 5.77839144609048 -0.856738755452546
"326" 325 118.547166995541 80.1186267474028 8.76923072889151 -0.689616155274767
"327" 326 120.536199546347 70.6047947535684 9.71952929390488 0.14437564446698
"328" 327 122.612202980769 60.5756610637345 10.2417436419923 -0.0019842859565291
"329" 328 119.0613658075 51.2076702951641 10.0183679145401 -0.566421885607535
"330" 329 112.835780281219 44.1189528661254 9.43439610859127 -0.358354019402052
"331" 330 106.3045689053 36.2722671456801 10.2091722892886 0.0265019673060934
"332" 331 97.141771574067 31.2964604407015 10.4266728776994 -0.379149546713813
"333" 332 89.7633946647567 25.8680389131334 9.16014225308806 0.136811856959184
"334" 333 79.5334663951162 22.9798709536905 10.6298140418326 -0.3591355901215
"335" 334 68.8876274673964 21.9151305309124 10.6989512870585 -0.175480473877264
"336" 335 59.3686224509459 24.4397924030086 9.84811525478989 -0.358937571940468
"337" 336 49.6595251990675 21.1910255902812 10.2382154328727 0.582154011137238
"338" 337 39.6112791663362 22.3890816823823 10.1194163237867 -0.441569801892401
"339" 338 30.6255830539296 27.875553610221 10.5282528863759 -0.42949129431773
"340" 339 24.8789094248515 28.1756760683981 5.75450530358977 0.495983428205691
"341" 340 24.3330126294467 26.3801361352748 1.87669042803376 1.32782503337567
"342" 341 27.8272102752843 23.7866234297996 4.35151988868702 1.22743324967859
"343" 342 28.3651515068752 20.4891893144587 3.34102566791392 -0.77056920269551
"344" 343 30.4382983953887 19.2301498885127 2.42551402746709 0.863305623362916
"345" 344 35.3481765960315 20.9641477208024 5.20707714822163 0.885267725944248
"346" 345 45.1383909087344 20.6554742177294 9.79507915333783 -0.371010095541583
"347" 346 54.3867697656838 15.6991102044501 10.4927620631461 -0.460448382278897
"348" 347 66.033024667568 17.9037187760838 11.8530819702633 0.679050691643345
"349" 348 78.1729478421621 18.2618857673606 12.1452055675764 -0.157589293423565
"350" 349 90.507194275597 19.5693579730536 12.4033511056231 0.0761143458973653
"351" 350 96.7698443604717 17.456495004859 6.6094610981493 -0.430992857241626
"352" 351 95.7478376015008 11.9412812334207 5.6091069485297 -1.42864091578806
"353" 352 87.984488735147 6.13577097066531 9.69399479222446 -0.745469840946278
"354" 353 78.817734718132 3.29361984687914 9.59724972160778 -0.341446873256523
"355" 354 69.5073734418057 2.00126102834875 9.39962863157632 -0.162723873157324
"356" 355 59.9430819159899 1.36575409523168 9.58538165399954 -0.071579053035925
"357" 356 49.6126537122592 2.50708853666637 10.3932858701971 -0.176384775354255
"358" 357 39.4992421695862 5.4669151425129 10.5376309751362 -0.174676050136813
"359" 358 30.0203206952832 10.3405782298722 10.6584494278056 -0.190197170542333
"360" 359 22.1288859336724 16.3149569161065 9.89787569548593 -0.173101662091623
"361" 360 15.1020378681351 23.7970491964818 10.2644190594596 -0.168753285080373
"362" 361 9.23602556079872 31.9857313019654 10.0729645593781 -0.132412578193515
"363" 362 3.56036953437819 41.6276526982275 11.1883743029066 -0.0895916590651549
"364" 363 0.92966686534332 52.1429582314455 10.8393840687464 -0.286880816598145
"365" 364 0.858523354658427 61.985450409099 9.8427492940886 -0.237918518744679
"366" 365 2.92792778677175 73.1536036747918 11.3582605212971 -0.190445191414337
"367" 366 5.32967863789867 82.6615522652056 9.8066045881763 -0.0642113595025999
"368" 367 8.93694692557097 89.1814753104707 7.45129391551735 -0.257920704812294
"369" 368 14.5610214686304 97.5037204543642 10.0444003654248 -0.0889417305936038
"370" 369 17.7833491228828 102.736764266926 6.14557914728529 0.0423597375091167
"371" 370 22.4254810934661 108.289758704582 7.23775769537431 -0.144360643843824
"372" 371 30.1731391442851 114.743019952646 10.0831932446123 -0.180003975542475
"373" 372 37.4299762372568 119.630718899858 8.74935915324695 -0.101761292495254
"374" 373 44.8867832331881 122.179553786017 7.88038894036776 -0.263376340687074
"375" 374 53.496126499498 124.023110941627 8.80451557231612 -0.118414176165761
"376" 375 63.5330682384867 124.541017585883 10.050294859556 -0.159394402496363
"377" 376 71.8482188677652 124.519179343069 8.31517930633126 -0.0541806352875575
"378" 377 78.4568919147273 123.097219820017 6.75992073376921 -0.209308185440596
"379" 378 87.6759781759394 117.684463173317 10.6906260812016 -0.318964347035317
"380" 379 95.9896247060907 111.227267763307 10.5267322180888 -0.129471394462617
"381" 380 103.49752263099 103.025022844139 11.1195932014049 -0.169196548007746
"382" 381 109.172234108677 93.9382811914239 10.7131332586771 -0.182986583267732
"383" 382 114.110118503135 84.7934194218615 10.3928436473105 -0.0631385588996884
"384" 383 115.801623423621 74.7477146784561 10.1871179775099 -0.3282882700012
"385" 384 113.247550142827 64.0601676234377 10.9884918153902 -0.401393186411969
"386" 385 116.232048470549 57.1165291153296 7.55786649785886 0.640521206468179
"387" 386 112.841776313342 48.4108442863836 9.34253143644031 -0.777307102838215
"388" 387 108.344857305233 39.8193817012876 9.69719082603833 -0.110842407459351
"389" 388 101.321413329394 31.7890712723057 10.668394952736 -0.236407530020533
"390" 389 92.7622653823213 25.5190301700021 10.6100155044397 -0.219941347045872
"391" 390 82.8589684313169 21.7972008859472 10.5795701103316 -0.272755162753785
"392" 391 72.9086489482341 16.9013342167751 11.0895612292699 0.097765269564429
"393" 392 70.2110487916747 8.39952285230601 8.91952033921588 0.806294935392043
"394" 393 71.928057357304 5.89696826813116 3.03494610515886 0.908586854114354
"395" 394 70.5543604342085 3.71353773958977 2.57961472113345 -1.16291292135791
"396" 395 63.9502575302246 2.80086846482025 6.66686885813107 -0.871893588751798
"397" 396 55.3391220735633 3.29581861424657 8.62534808012905 -0.194742219567781
"398" 397 46.5269306037383 4.75144340140945 8.93160467227807 -0.106290077987246
"399" 398 44.9045512802289 13.0070788670729 8.41353859034779 -1.2130464411221
"400" 399 48.9137230261064 21.4264361957031 9.32518288909667 -0.638459813289552
"401" 400 52.6845817550829 28.7403943927376 8.22881279783817 -0.0316112681743412
"402" 401 48.1399303158809 37.0714265553896 9.48999228656081 0.975414563770311
"403" 402 42.1215272414254 45.8730066374752 10.6625038104556 0.100372907277347
"404" 403 40.3825545658046 56.9529516957215 11.2155788285898 -0.444083639003778
"405" 404 45.065163570822 64.9961964867028 9.30701960143628 -0.682890635912019
"406" 405 53.4154829327111 71.7647051994889 10.7489787254697 -0.362431283929127
"407" 406 58.0172634337575 79.5441016394078 9.03855036768806 0.355472578882191
"408" 407 59.4780442593818 89.2578851185826 9.82300718216175 0.384907744014214
"409" 408 57.7518577678891 98.734486851625 9.63253342636887 0.329440866135743
"410" 409 59.7366827303649 108.993836857895 10.4495833736483 -0.371281144429878
"411" 410 66.1885056410544 113.941412491943 8.1304688379898 -0.72549454761103
"412" 411 76.4197038860836 112.873770243112 10.2867525245131 -0.758173032745143
"413" 412 86.6426682490462 110.380419846462 10.5226325872796 -0.135251153367366
"414" 413 95.5603770309306 107.300217523416 9.43467944709276 -0.0933470647779388
"415" 414 104.756388143684 100.510373589471 11.4310367435862 -0.303427611874538
"416" 415 107.677314803817 97.0296349170809 4.5439359875933 -0.236622996166534
"417" 416 107.150857305104 91.2072894313127 5.84609822476472 -0.788347139977348
"418" 417 108.182053954072 81.2463517714789 10.0141722369818 0.193331541426791
"419" 418 112.806186480461 73.6567334737982 8.88734535877305 0.444051782041795
"420" 419 115.045668174603 65.8813238848509 8.09149383824075 -0.266777332768519
"421" 420 113.195598981385 55.3247568187956 10.7174560526189 -0.453922092524292
"422" 421 107.770982311321 45.5759307459715 11.1564365195751 -0.334281465118222
"423" 422 99.7318605827138 38.7449801428401 10.5493774370709 -0.358696064793328
"424" 423 89.4052805011237 35.7844090547166 10.7425898809052 -0.425122312310531
"425" 424 77.8598146895705 34.0341281809341 11.6773825809928 -0.128752048092181
"426" 425 68.8057105251202 28.4545504778168 10.6352475084428 0.401827925733278
"427" 426 59.0323545240106 27.0867185093762 9.86860941664601 -0.41322930289595
"428" 427 51.1492484991087 32.4800884803305 9.55153392096979 -0.739073340677412
"429" 428 42.7059409008336 37.1685052131651 9.6576754273383 0.0931318981539265
"430" 429 32.4623013046984 37.2104611065026 10.2437255172371 0.502793666118082
"431" 430 23.7989386771684 33.5413756490029 9.40829634474371 0.40471004138392
"432" 431 22.9672930476732 28.8325975239377 4.78165514065483 0.995368831456693
"433" 432 30.113538343074 23.4793642666424 8.92893768200068 1.10268640881586
"434" 433 39.9854208313071 21.5089925171606 10.0665996589036 0.445917688446691
"435" 434 50.1731636661498 17.5956054660687 10.9135100806544 -0.169742852243517
"436" 435 58.7551045747024 12.6280011178686 9.91598722861942 -0.157969979649746
"437" 436 68.4501600904312 11.7095318417854 9.73846431754886 0.430264344812673
"438" 437 78.9284431215964 10.8727673300318 10.5116406963583 0.0147660286178433
"439" 438 89.8930429479735 9.02132938665028 11.1198143784319 -0.0875901153282712
"440" 439 98.2365749111984 11.2606085664027 8.63880181889991 0.429484030849059
"441" 440 103.63030639086 15.1192325114497 6.63184122427381 0.358774615421364
"442" 441 109.228243234165 20.1122849224863 7.50116452832487 0.107366409691848
"443" 442 114.360229296503 26.0921141496419 7.88007858653513 0.133204634422743
"444" 443 118.384043045033 34.0290348944396 8.89863967087456 0.240033309687112
"445" 444 122.012669750478 43.5755732805725 10.2129000252316 0.105978118758251
"446" 445 123.262434739003 48.0323218373313 4.62866289815032 0.0898343751170479
"447" 446 125.100548789547 56.0052213055293 8.18204064966694 0.0468126909653918
"448" 447 126.588145806272 65.6319041533622 9.74094284640499 0.0732703305320166
"449" 448 125.553297615976 75.692487469644 10.1136663698584 0.255817003430769
"450" 449 122.897977026919 82.0795683244562 6.9170462826688 0.291494188099614
"451" 450 119.506434265811 86.5200161620592 5.58749848312235 0.258269278559046
"452" 451 112.56968676272 93.9836554182245 10.1894247564725 0.0965611305372051
"453" 452 107.452856591998 102.739432323057 10.1412809941945 -0.219959725231262
"454" 453 101.320002583788 111.238157118261 10.480468569231 0.0962234425667862
"455" 454 96.0741143801389 114.296191803901 6.0721428823566 0.417926408751966
"456" 455 86.8108382782802 118.256602034056 10.0743800469499 0.123761352446395
"457" 456 77.3400024019764 121.723327889041 10.0853815173004 0.0531248464574861
"458" 457 67.0699099117116 122.296086178701 10.2860513228823 0.295182421896268
"459" 458 62.5341340845903 122.654312402906 4.54989982105168 -0.0231025171684974
"460" 459 54.947968109381 123.399817680932 7.62270898847568 -0.0191428121290176
"461" 460 48.9383347583539 123.106034166734 6.01680993276269 0.14680369820625
"462" 461 41.7787246067697 118.703268826967 8.40501993809169 0.502489398830751
"463" 462 33.2740047221444 111.653057505529 11.0469787721743 0.140825459809943
"464" 463 26.3724392496225 106.88638940577 8.38765347071308 -0.0877282120544863
"465" 464 20.3246565441204 98.7716899342424 10.1204754417065 0.325884964491132
"466" 465 16.1904136312672 88.0382913508804 11.5020784909421 0.272816432872838
"467" 466 10.4940330497452 79.0177573601981 10.6685887167233 -0.195591219470453
"468" 467 6.94900772583198 68.7549152710692 10.8578603920653 0.230661133562668
"469" 468 8.09000688326675 58.788410358588 10.0316050185291 0.446578943163325
"470" 469 8.05432961606864 50.7354501889867 8.05303920023862 -0.118417419411387
"471" 470 12.1318428659851 40.8973623756967 10.6496049750801 0.397341392247747
"472" 471 16.3852507281038 30.9779646988597 10.7928647129839 0.0121712391614694
"473" 472 16.009727457176 29.005517647748 2.0078757671847 -0.593215317843253
"474" 473 15.084732354627 29.1519504098237 0.936514011400069 -1.53966696483057
"475" 474 8.73580002815616 34.1735980933515 8.0948061832009 -0.512190703407713
"476" 475 3.06518311027134 42.6304983357518 10.1820949680953 -0.31092860025474
"477" 476 0.204632197882283 53.1497002403689 10.901209117913 -0.32515788082958
"478" 477 1.39287238878884 63.8891251684854 10.8049600896041 -0.375710128195964
"479" 478 3.20029898285636 75.0941922468334 11.3499039257265 -0.0497322302805759
"480" 479 5.68005353917002 85.3793007554583 10.5798222902725 -0.0766593390114886
"481" 480 10.4214983619338 93.59422741386 9.48505767036936 -0.286880633945615
"482" 481 15.5428437345855 100.806020953724 8.84523286791319 -0.0940286760577763
"483" 482 21.653619501232 107.782412921101 9.27424527132616 -0.101856511142346
"484" 483 28.1745784025326 114.360934504251 9.26282091009104 -0.0616519182239057
"485" 484 37.9955196400119 119.328530701618 11.0058120450115 -0.321502264435056
"486" 485 48.6325703683974 120.355946303526 10.6865537483928 -0.372000450702839
"487" 486 57.7141337737847 117.190446249283 9.6174416805865 -0.431684061474611
"488" 487 66.8828825548936 116.978449192461 9.17119931978295 0.312276788650818
"489" 488 74.3092495610512 111.05268237703 9.50082308334442 -0.650363658526014
"490" 489 78.4838557800216 102.261176887015 9.73231246233034 -0.453992872601456
"491" 490 82.1380020559665 95.8012653224446 7.42180856854127 0.0714683136013998
"492" 491 87.4425652777595 93.0861804871776 5.95903319647543 0.582931535358077
"493" 492 92.5245762463207 85.1585014730606 9.41673669778696 -0.527666808860917
"494" 493 95.45346716162 76.7216429547874 8.93078852347771 -0.235917910795037
"495" 494 97.0097036568868 66.5839951436175 10.2564016678619 -0.181815818375243
"496" 495 94.9508466781672 56.6142000394169 10.18016239942 -0.355968272617859
"497" 496 87.0860875988698 49.7748364049525 10.4226354776432 -0.651373938902172
"498" 497 77.4303385106915 45.5291114825489 10.5479699739133 -0.301512146324184
"499" 498 69.5661129586142 39.2855289823971 10.0413328781664 0.256760410229001
"500" 499 68.1761081930763 29.759849878216 9.62656094584407 0.754873246303945
"501" 500 72.6155729846155 23.5860713723851 7.60423491709561 0.768318640867927
"502" 501 79.6590551777112 23.9754477897121 7.05423669852567 1.0026024554029
"503" 502 89.4059446513812 25.9558141289168 9.94603967664494 0.145225123256884
"504" 503 95.5065977117033 26.1354724844771 6.10329786977006 -0.171010189394447
"505" 504 98.3047221134467 32.0428301388873 6.53654148803095 1.09899507626904
"506" 505 98.8886983434622 32.2812527563283 0.63077221065176 -0.740816431672026
"507" 506 101.557214102142 33.9849810434587 3.16601744004837 0.180597475811137
"508" 507 106.583977134997 32.8709737210928 5.14872400724347 -0.786307106537556
"509" 508 110.269117004009 34.0358716286587 3.86487295900249 0.524257888033589
"510" 509 113.092887857375 35.1845448374587 3.04846387102387 0.0801760621754027
"511" 510 108.344394269875 33.2418628391178 5.1305170009665 -3.13959642160801
"512" 511 100.45737253978 30.2318003849587 8.44189479613038 -0.0237538467601082
"513" 512 92.027245142224 26.0466415032494 9.41183312666417 0.096219807479006
"514" 513 82.3026557531647 25.7119128836429 9.73034850529977 -0.426398420242178
"515" 514 78.6163892872085 29.5907747444587 5.35108678618877 -0.845258241586866
"516" 515 78.9892069119502 37.1211133564087 7.53956183023544 -0.809413704877335
"517" 516 89.1699771635502 36.4245484714837 10.2045717967377 -1.5896411717284
"518" 517 99.5902825361196 40.4904941848587 11.1854672947406 0.440338074118006
"519" 518 108.945133923736 38.8905967563424 9.49067522709289 -0.54140940676417
"520" 519 112.489301561364 30.4904941930587 9.1171732086924 -1.00215319140918
"521" 520 106.842965821256 30.5044285199587 5.64635293401738 -1.97252277740637
"522" 521 96.6018972383864 35.6389250624587 11.4561136719215 -0.462269853097218
"523" 522 87.4139610715093 39.1454105061172 9.83430786447098 0.100158265714254
"524" 523 88.6581950768975 43.3064398992587 4.34307309065266 -1.49677502192378
"525" 524 96.9221087857616 47.3119530427087 9.18348546739763 -0.828905906130576
"526" 525 106.297696625651 53.4869803004669 11.2264245856613 0.131084608680415
"527" 526 114.267627316175 56.2007007350209 8.41926800907748 -0.254234877012516
"528" 527 118.084612894512 64.2555572716122 8.91347814998713 0.800085237267455
"529" 528 115.055074227028 75.890306516512 12.0227074542084 0.697259685309879
"530" 529 109.595711701737 87.3755599965458 12.7167482747431 0.188992402650068
"531" 530 103.113119472837 98.2003035492333 12.617411580338 0.0958636914952347
"532" 531 94.480986230009 106.362471947566 11.8800133537246 0.273787740233444
"533" 532 84.0204516247302 111.08883718859 11.4787330581294 0.333048599573127
"534" 533 75.7321319237452 110.160561660308 8.34014022197127 0.535906519692552
"535" 534 68.4898838229788 103.978516423001 9.52196622915492 0.595052069068091
"536" 535 65.6416709878833 92.841299201088 11.4956480375003 0.613838945566803
"537" 536 61.4544778229391 83.0409403976717 10.6573739390271 -0.153401930893533
"538" 537 51.4476588834831 81.8520411657521 10.0771973619015 -1.04876775069846
"539" 538 42.4433856786857 83.9215396343631 9.2390345739269 -0.344166390750276
"540" 539 39.6992950208602 84.0868167883772 2.74906349071894 0.165754278053662
"541" 540 35.0329385030801 82.4302203440107 4.95168606946325 0.40128732455937
"542" 541 27.9546162931107 75.6053176359589 9.83269760963487 0.426043002356368
"543" 542 18.6355970093891 72.6793837521303 9.76755903503592 -0.462945223427744
"544" 543 11.6499746198966 76.4514559307409 7.9389828497879 -0.799342664798976
"545" 544 13.8889733784214 85.9095326144981 9.71948198190146 -1.3081308436769
"546" 545 19.3589044589115 95.7188550649458 11.231337986285 -0.276229464309963
"547" 546 26.4940832965601 104.131008973334 11.0306441527064 -0.194768366308677
"548" 547 35.6222021145372 111.441197471186 11.6945033682167 -0.192094231627519
"549" 548 41.7445309082928 118.641704922969 9.45146641648975 0.190894645847182
"550" 549 52.9385119527393 120.038253719304 11.2807606199216 -0.742031697175688
"551" 550 64.099689201211 121.159210657444 11.2173268664582 -0.024019683045946
"552" 551 72.6789640513203 123.510535440493 8.89565541087895 0.167403792266588
"553" 552 80.361972573378 122.752547317323 7.72030866901563 -0.365841198064513
"554" 553 89.7972564610058 118.785083706847 10.2354945918885 -0.299706853834529
"555" 554 97.2264096432875 114.457435240902 8.59772401572672 -0.129422875860794
"556" 555 102.682084418946 109.60314549246 7.30263762072202 -0.199664500045945
"557" 556 108.613896598313 100.710018837827 10.6899063338564 -0.255421745158772
"558" 557 113.92839477203 92.0233536641564 10.1834199892722 -0.0391903409259642
"559" 558 113.720192160969 81.9981644452648 10.027350956351 -0.569815485154118
"560" 559 111.040221563127 72.515303752868 9.85428279057904 -0.254664236714245
"561" 560 112.151627777253 62.7323252876751 9.84590734382704 0.388550322233107
"562" 561 116.268359430567 55.8360091920806 8.03160352580682 0.425050121514397
"563" 562 114.177396888082 47.3685463891979 8.72181464331133 -0.780268649916574
"564" 563 109.403475360944 38.9450006613669 9.68227501035405 -0.273503623981468
"565" 564 102.482113753132 30.8539288710803 10.6475672912491 -0.19203814078763
"566" 565 95.9363557091832 22.1370563383034 10.9009547803206 0.0635433512754925
"567" 566 87.1815876102479 15.6811469413726 10.8777171597498 -0.291301678001958
"568" 567 77.1133284292264 12.834713516256 10.4628880420199 -0.359875616950067
"569" 568 66.4494992551113 9.94623440697792 11.0481022904137 -0.0110034908595095
"570" 569 59.4076474733478 6.71103349318626 7.7494645924041 0.166144120822232
"571" 570 51.3024933173758 8.28523427189774 8.25661141048583 -0.622497691667931
"572" 571 44.9142604509872 13.6874668580323 8.36621993913035 -0.51013152978673
"573" 572 38.6936476411638 21.8572991467824 10.2685044361895 -0.218065730204213
"574" 573 33.7327786657025 30.6902573071851 10.1307142322305 -0.139035629132343
"575" 574 30.868895615507 40.818643197305 10.525494138727 -0.236165144745782
"576" 575 27.4801006957146 51.4313107719455 11.14058544504 0.0335179443529398
"577" 576 22.4574904365544 58.5885570901017 8.74372853387968 0.302818292641392
"578" 577 14.3037189959014 64.4865344646513 10.0633059089501 0.33267410947281
"579" 578 8.94340088758271 73.0150537050913 10.0731648778784 -0.383450495086575
"580" 579 7.92485939727889 82.8130092249024 9.85075424196885 -0.457541855924219
"581" 580 10.1244300306417 91.8814771976023 9.33141052269358 -0.34153856959439
"582" 581 14.2714651655021 98.92972204566 8.17775371651277 -0.293874259068377
"583" 582 18.8507192531575 103.624195245867 6.55802154820868 -0.241144162169748
"584" 583 21.423287746487 107.708812145021 4.82723563395502 0.210917538039824
"585" 584 26.8175190465546 113.64425883824 8.02042759250849 -0.175607729217599
"586" 585 33.3395370878244 117.738944262557 7.70085502101973 -0.272503447202415
"587" 586 39.2038607155074 120.369645684077 6.42735416632593 -0.138943910157174
"588" 587 42.0225346445736 118.640318162146 3.30688620858106 -0.971989423968093
"589" 588 49.2385615439211 113.112284224898 9.09011569912493 -0.103406190736414
"590" 589 59.0652403559379 109.960385416873 10.3197908200975 0.343329035217121
"591" 590 68.8005932382297 107.339585000102 10.0819487484957 0.0474121526240084
"592" 591 77.6490915554143 101.879301202707 10.3976257682851 -0.289917844429262
"593" 592 86.5016851633632 96.5584845258085 10.328577041232 0.0116997239441302
"594" 593 95.3890647079546 91.39588926852 10.278030208177 0.01493836603596
"595" 594 103.45554965031 84.3021324649783 10.7419534961313 -0.195072940560316
"596" 595 110.090220186206 77.2067951407394 9.71404472218568 -0.0976145089261239
"597" 596 114.73179733868 68.2953390003181 10.0478002072604 -0.271666790854284
"598" 597 116.631970177592 58.6669119107669 9.81413598013303 -0.285345667029155
"599" 598 119.345068171084 50.9458926881659 8.18382786708419 0.143067168383511
"600" 599 117.163771251121 42.4373624219246 8.78368621619565 -0.588874688002185
"601" 600 112.000734565069 35.58326365648 8.58111983997338 -0.394634197850509
