"time" "x" "y" "speed" "angle"
"1" 0 0 67.3148618210792 NA NA
"2" 1 4.80560453888357 89.7098246707486 22.9047636098305 NA
"3" 2 17.4250241275801 109.382457214256 23.3722532492578 -0.358977250532411
"4" 3 34.4016287947795 122.178483058404 21.25896007406 -0.354546992582754
"5" 4 55.2492819867421 129.416761709092 22.0684689418493 -0.31171633727888
"6" 5 76.665578896568 128.166415227658 21.4527653148365 -0.392493822946791
"7" 6 95.2394931265928 121.482965032138 19.7397770083736 -0.28708826565994
"8" 7 107.566855056368 112.522358115284 15.2399582829503 -0.283139355118111
"9" 8 109.945248946731 100.037113558791 12.709763535689 -0.754010972095309
"10" 9 101.426084505847 89.399041126982 13.62882048584 -0.863480772259049
"11" 10 84.3907047286256 83.1761046046491 18.1364027060256 -0.545321523968102
"12" 11 67.3915814969039 71.8120473903234 20.4477868488922 0.239041569723618
"13" 12 56.9989007856799 56.0011635426022 18.9206728318941 0.400021565341701
"14" 13 53.4957739392673 35.7679964683389 20.5341897224387 0.41005990223081
"15" 14 50.749559932849 15.6408787743487 20.3136052446823 0.0358321706567355
"16" 15 57.5213311454816 12.8103296862059 7.33954313950301 1.31048219705453
"17" 16 78.76054172305 18.1802418999769 21.9075334791915 0.643560759242875
"18" 17 98.9045718838963 24.3577401163477 21.0699652428368 0.0499209975684759
"19" 18 109.811649727762 27.0260810193758 11.2287305723717 -0.0576310091965326
"20" 19 102.754271511576 29.8552970512899 7.60335785305 2.52039074565221
"21" 20 83.7400621493992 21.6132604867853 20.7236899320394 0.790291938325379
"22" 21 61.9563378271448 18.3525714941436 22.0264100128621 -0.260439032319256
"23" 22 42.4408070814602 23.0440345769095 20.0715162890778 -0.38450126113578
"24" 23 29.8448878655829 39.2072758940896 20.4916458775352 -0.672889297057204
"25" 24 23.29834203495 57.7048060924378 19.6218216726017 -0.321829344254127
"26" 25 18.9187650722618 76.0135482052912 18.8252684476764 -0.105363024262448
"27" 26 12.4070053583644 84.7503146067785 10.8965178715815 0.405709628718235
"28" 27 22.1755418229791 97.3776737025002 15.9647894565764 -1.29893992938616
"29" 28 40.6882153596491 103.449113264907 19.4828504032464 -0.595453028618597
"30" 29 58.9536363984483 107.394366003823 18.6866429542209 -0.104180223149004
"31" 30 78.9493076855093 108.592868064826 20.0315570390927 -0.152861237126529
"32" 31 95.2132853519042 107.932943613439 16.2773606525914 -0.100420040379141
"33" 32 105.945238488401 93.4078082117512 18.0597446427492 -0.893913373145346
"34" 33 113.044689750075 76.4287703412545 18.4035305097868 -0.240291721905886
"35" 34 121.165729768857 71.0541248324076 9.73848578231888 0.590120788635031
"36" 35 124.721650700423 72.3521813290401 3.78543581902973 0.934648820538201
"37" 36 125.715781094588 76.6967990677125 4.45690459128198 0.995839116593343
"38" 37 125.840332622514 77.7045579179122 1.0154265031328 0.101977284338522
"39" 38 125.877698981727 64.1401538508023 13.5644555342494 -3.01586892472764
"40" 39 116.421330801217 45.693863342172 20.7289298492263 -0.476465783659775
"41" 40 104.082484932395 31.7323855975102 18.6324979052518 -0.250068941483011
"42" 41 86.5355522620469 22.4684987607587 19.8422389226085 -0.36126027117458
"43" 42 75.8424573076531 12.4875604666291 14.6274197634068 0.265208803744998
"44" 43 84.5934739048261 7.75556279769075 9.94847191395917 1.89492416217935
"45" 44 99.0784819307444 20.1420552769017 19.0588733520234 1.20316550367044
"46" 45 106.119244780594 28.2598107319986 10.7457105459146 0.148865771628786
"47" 46 116.520412027501 47.1829784784026 21.5932989062965 0.211892270033983
"48" 47 124.285892114733 66.5606201228477 20.8757197884465 0.121428529846085
"49" 48 124.956846118493 81.6570599017526 15.1113425370899 0.336732589653974
"50" 49 110.522364629976 90.0292735010899 16.6867677036401 1.08961671180535
"51" 50 98.1545050066428 81.8508935865994 14.8273345442877 1.1098455947214
"52" 51 94.4485904210195 66.1213824207186 16.1601771164027 0.755162638214765
"53" 52 85.0778757409648 50.2160846627187 18.4604656058732 -0.301025424350144
"54" 53 80.7382508501954 33.9359168995052 16.8486262523376 0.271906572377341
"55" 54 73.7734270167043 30.3527757484052 7.83247544140882 -0.835143868898841
"56" 55 58.5785792653622 41.7737034027813 19.0084451408567 -1.11969511966771
"57" 56 59.2721006274287 58.7183399734295 16.9588230838991 -0.96715764907335
"58" 57 74.7667675081217 66.720377594904 17.4389594826968 -1.05317898317222
"59" 58 93.4520292450085 67.3636909078354 18.6963327472144 -0.442296186596432
"60" 59 100.584280383599 68.9802772698341 7.31316332169106 0.188477277839589
"61" 60 94.769584318473 72.1175315407328 6.60704583683702 2.42392391728193
"62" 61 82.786319120432 59.8548579042513 17.145606128727 1.29169771660496
"63" 62 77.8868648661289 42.4617668739492 18.069982500777 0.499299891216354
"64" 63 84.5947804805904 34.8684157736412 10.1318859460263 0.998138864761376
"65" 64 100.786219486903 39.4750988985492 16.8340199152922 1.12442147194443
"66" 65 113.875235404742 50.9689971101804 17.4193006115855 0.443412594674912
"67" 66 117.300708112425 68.7951831997863 18.1523214430645 0.660349108313279
"68" 67 114.097085697943 81.5154215755349 13.1174563429974 0.436566794863132
"69" 68 117.344670318016 89.6022770007877 8.71458757104872 -0.628595974389789
"70" 69 108.20431251417 95.3907574249686 10.8190871335551 1.38813381935982
"71" 70 98.0335976637046 87.2825888063807 13.0071456867727 1.23757294047331
"72" 71 89.4590984630702 74.7346481332643 15.1977910130956 0.298304087361203
"73" 72 95.1573393333603 63.5471884823457 12.555046891859 1.07054954636564
"74" 73 96.900057231805 53.9503439639908 9.75379364058099 -0.291457766972194
"75" 74 81.5756210035064 43.697417298187 18.4380273058031 -1.16077578641169
"76" 75 68.652918593799 33.3011243789084 16.5855100625004 0.087821968247921
"77" 76 72.1119960665599 22.1958770312055 11.6314975654996 1.19527507315228
"78" 77 84.2438883173787 35.0595652087294 17.6821176083083 2.08350656269086
"79" 78 84.6264782301454 53.3034361955118 18.2478821681781 0.735161710966692
"80" 79 73.5209076129464 62.7894426914077 14.6054105719002 0.884856156857572
"81" 80 59.0686986984796 55.1932572006043 16.3269218323015 1.19083087804386
"82" 81 46.1443543765606 50.3843759907646 13.7899969050711 -0.127715291748322
"83" 82 31.3964901449227 46.9788882523026 15.1359454984365 -0.129271360482913
"84" 83 27.2634202429515 31.9754258864011 15.5623311165006 1.0750528611412
"85" 84 39.2605851052053 25.4044030366757 13.6788269242546 1.33851661293554
"86" 85 58.5229231296595 28.0170734493284 19.4387168520323 0.635900415926406
"87" 86 76.1425438365709 24.6359607269467 17.9410968755222 -0.324403534710719
"88" 87 93.2404096731709 20.4822105894409 17.5951884437537 -0.0487326588387786
"89" 88 100.558722911214 16.8283199239711 8.17976929047051 -0.224749095118739
"90" 89 92.6926713764694 8.04812342143529 11.7884102986959 -1.83826182182601
"91" 90 75.6745472697585 8.78833879348122 17.0342145961717 -0.883727345609075
"92" 91 63.7733159852763 11.6372407898118 12.237464960989 -0.191489182752423
"93" 92 58.7043113597851 17.2963464645425 7.59738671722192 -0.605390421921053
"94" 93 64.9264729145916 32.4062316162189 16.3408666756376 -1.1210805877866
"95" 94 61.0526560461758 47.9197755210538 15.9898874798187 0.635333621204774
"96" 95 62.7164968556943 64.2158745682494 16.3808183676955 -0.346449422716175
"97" 96 69.6616985059424 78.8942402202244 16.2385419350288 -0.340197243204378
"98" 97 75.0399921880969 89.9114809334712 12.2599198963584 -0.012194212004733
"99" 98 67.0157464839551 102.419400411484 14.8605709442436 1.02453955679973
"100" 99 54.1496683158687 110.38773528519 15.1337479854403 0.445885333081516
"101" 100 53.1164903268603 121.71072266178 11.3700263802423 -0.925291372627607
"102" 101 62.563867459029 124.588031425019 9.87582099860222 -1.36615388914077
"103" 102 79.4852131243682 119.418021339471 17.6935282917388 -0.592160651827031
"104" 103 94.6223218601035 109.113445193172 18.3116452136978 -0.301164725383391
"105" 104 103.845654086308 96.5168031547579 15.6123428094213 -0.341092363826595
"106" 105 114.236382284209 88.4872991489377 13.1316475379958 0.280874238551809
"107" 106 119.528862677586 87.4487419842312 5.39341725612267 0.464136535363832
"108" 107 113.864510869154 80.6505840300472 8.84871928471703 -2.07169645609605
"109" 108 101.71331952819 69.2092519032321 16.6899829790447 -0.120806826534217
"110" 109 87.2152641062454 57.6752193599413 18.5264005604835 -0.0832928781507033
"111" 110 72.974710126772 48.284268822698 17.0582334851896 -0.0890354101714804
"112" 111 77.6745284010397 35.338846227358 13.7721551684216 1.33605752460347
"113" 112 94.8546960076092 32.6243708452577 17.39328995877 1.06583940797338
"114" 113 99.9336175988516 22.4617669455624 11.3610722448231 -0.950631033681373
"115" 114 101.354363099597 18.9482784630974 3.78987059070639 -0.0791932157886396
"116" 115 108.718076605724 23.3449084499013 8.57639970157567 1.72478939013558
"117" 116 117.876109572736 31.3515704818492 12.1645470412473 0.180160583947844
"118" 117 123.59788489146 47.3681571618823 17.0079323163331 0.509265046247125
"119" 118 125.719468839879 64.4435466037693 17.2066859982478 0.219496088586412
"120" 119 118.267680998241 76.7454757338623 14.3828579343127 0.668244981640183
"121" 120 103.207760550742 82.988359230181 16.3026009652939 0.633191383475623
"122" 121 104.790859843478 96.5380193585301 13.6418287983845 -1.2941313130046
"123" 122 108.019393982804 99.6307626817917 4.47084935469481 -0.690566907900249
"124" 123 94.1795973765621 102.636330996527 14.1623942536804 2.16382477892389
"125" 124 79.1650200449039 98.2058747020697 15.6545991780511 0.50078212941467
"126" 125 68.9064552033385 84.822558119571 16.8627196903698 0.629872511557137
"127" 126 54.5131163876824 85.8598688286097 14.4306692765568 -0.988751104542951
"128" 127 52.8760665411851 100.058072754152 14.2922680814204 -1.38405902091513
"129" 128 48.818842235294 110.758823834655 11.4440876768403 0.247613986853326
"130" 129 39.9663301775285 111.587814397386 8.89124260640664 1.1150170851232
"131" 130 35.6998477142161 98.0505064320826 14.1937161996856 1.35885798562556
"132" 131 50.064047294015 94.4941785465328 14.7978950394249 1.63340473111803
"133" 132 64.0624013819914 103.337513685752 16.5577321380956 0.806134447851237
"134" 133 82.1113383267842 98.3554651923509 18.7239133737504 -0.832755707408621
"135" 134 99.1042907019375 96.8340413004926 17.0609249773554 0.180029013047363
"136" 135 106.621750044611 100.724335796686 8.46443065042552 0.566844919305419
"137" 136 107.626896910842 108.83697131189 8.17466667364724 0.969975239467085
"138" 137 101.949721499995 116.865652181082 9.83310923080106 0.738753808579244
"139" 138 95.6298466977734 121.204427990663 7.66588501358828 0.353685705451835
"140" 139 94.9212875474688 120.681688139949 0.880518609118887 1.23724274004526
"141" 140 97.1289905566657 120.250679383 2.24938238754196 2.31317308278466
"142" 141 106.698765039869 113.7745431222 11.5551254656898 -0.402131609935744
"143" 142 118.393924020251 101.666726087136 16.8337748865481 -0.20779686101034
"144" 143 126.173385350289 84.7949250609692 18.5789582176212 -0.33602340681815
"145" 144 129.297522771623 65.4151806535797 19.6299446744795 -0.272208830589686
"146" 145 127.220385657023 49.0946550840606 16.4521747333954 -0.286422136616062
"147" 146 121.167438882529 33.5160120874727 16.7132367382862 -0.243998478159385
"148" 147 108.1041409692 17.8518845526507 20.3964370368833 -0.324520225816021
"149" 148 91.7314487649773 6.70610477173117 19.8063993936047 -0.277994504662172
"150" 149 72.4045109155325 3.45264633122544 19.5988652339977 -0.430917821617325
"151" 150 60.4094939509393 14.905973080669 16.584906560195 -0.929075260508789
"152" 151 55.8513593042512 31.4892556861303 17.1983096096661 -0.540256428851773
"153" 152 68.9088704584141 42.073998085133 16.8087884511149 -1.15784939373188
"154" 153 81.7948024149198 53.5856424196588 17.2790392577919 0.0479427808106211
"155" 154 88.2675426473643 60.7506013114933 9.65572379671175 0.106983603702475
"156" 155 84.7412077831434 72.4652923273844 12.2339291796388 1.02707458970758
"157" 156 82.1420977661144 86.0095172174735 13.791352390318 -0.102797432947644
"158" 157 72.6602772123099 87.2969104880748 9.56881928179962 1.24625344205326
"159" 158 56.3954260422052 90.1742739315303 16.5174030637806 -0.0401455616824622
"160" 159 49.4790786526489 102.522081220225 14.1528868451551 -0.885115644353137
"161" 160 50.9675138675423 113.227721760268 10.8086159503213 -0.648732649146185
"162" 161 46.9134347748393 116.020695602207 4.92303363503109 1.10568628560109
"163" 162 37.4377005173864 103.761450676002 15.4944708163439 1.51602804046792
"164" 163 36.0322642947727 85.7150476983355 18.1010472461728 0.580303395349423
"165" 164 43.7891720440027 66.5745942924355 20.6525198078465 0.462756899221341
"166" 165 56.4192106137596 50.7771004365806 20.2256937186175 0.289399003582133
"167" 166 63.4800289256593 33.7796220103229 18.4056901007475 -0.280719114226637
"168" 167 82.2521413522156 31.9167253402762 18.8643205273484 1.07816808105944
"169" 168 94.7808143784667 30.1344246855775 12.6548110781019 -0.0423959852604354
"170" 169 95.8939721876298 19.1274646258934 11.0631049015899 -1.32869724897745
"171" 170 93.1408060356031 12.4442081085701 7.22812849477713 -0.491554781591392
"172" 171 80.7944272677895 6.77558829387405 13.5855187343687 -0.749608790422201
"173" 172 65.6612733256701 10.9597411408015 15.7009389299601 -0.700172378941198
"174" 173 61.7544701951806 24.7152967622322 14.2995951395372 -1.02431699893722
"175" 174 74.22567799743 36.5514301362882 17.1937511118234 -1.08824827330156
"176" 175 91.1876577825197 42.912670999011 18.1155773726195 -0.400480815737784
"177" 176 105.91314727097 53.5636045053408 18.1736739607243 0.267395979960172
"178" 177 119.129527179472 51.8083840848748 13.3324227584594 -0.758226223726218
"179" 178 122.964683872809 51.6480017720523 3.8385087402165 0.0902391906053825
"180" 179 121.352737454555 63.8120724960353 12.2704110702692 1.74434034024036
"181" 180 112.951572477618 75.8238398646498 14.6581761582889 0.47858131341135
"182" 181 114.201554934393 85.5844808457475 9.84035408428624 -0.737700986007847
"183" 182 114.486789963591 88.8200033838753 3.24807098392489 0.0394402677832352
"184" 183 99.6362663640833 87.0764131309225 14.9525301587964 1.77560060810725
"185" 184 84.6530077214811 83.4708292760041 15.4109790242529 0.119276554986479
"186" 185 69.7894467902969 84.7258621794896 14.9164523645489 -0.320387905033484
"187" 186 57.9247498057713 89.9085059114259 12.947232545482 -0.327595867857492
"188" 187 51.4636052672624 78.8613210504002 12.7979171001058 1.45341058041902
"189" 188 46.9227707467647 62.9539967878153 16.5427368756674 0.251158229846413
"190" 189 57.8831000115065 48.5938035289966 18.0649928874101 0.929983899205889
"191" 190 75.0982474518611 46.633434401213 17.3264061048538 0.805486654712277
"192" 191 84.4568995816556 60.1791145738179 16.464198159188 1.07959304112681
"193" 192 96.2848611229387 68.6431362279533 14.5444263133251 -0.345091369355218
"194" 193 110.523295756332 73.9102743189603 15.1814282753349 -0.266802402448972
"195" 194 118.234159842754 84.0412739622813 12.7316369227311 0.565905937034503
"196" 195 114.743816565395 93.5421709631852 10.1217360178772 1.00264187509794
"197" 196 100.887848346868 86.4135246615406 15.5822159324906 1.69389778615817
"198" 197 95.0758560653373 70.334525607804 17.0971771018095 0.74877862754716
"199" 198 92.318226939197 52.8857475468232 17.6653438749066 0.190106763761547
"200" 199 93.785339899086 36.5099817627989 16.4413541245937 0.24609690350864
"201" 200 98.049490137083 28.8735652904441 8.74630400749158 0.419915052117345
"202" 201 105.934732057601 23.4415172742179 9.57518594052778 0.458300124745614
"203" 202 102.123506917466 35.8140196304179 12.9462060706206 2.47284201849833
"204" 203 88.0427942290663 47.5170138957805 18.3091928983329 0.578539457454161
"205" 204 90.312147289125 62.7520100118354 15.4030863779766 -1.02522528498034
"206" 205 87.4924885898562 80.5120545982202 17.9824820002895 0.305319387054822
"207" 206 78.684366112047 96.3950493075141 18.1618430375209 0.348889738482633
"208" 207 67.2653776603909 109.545705118692 17.4164590408934 0.208694781291001
"209" 208 56.0530181855079 119.60816447481 15.0655266515154 0.124360875995026
"210" 209 39.155845489201 114.897664386123 17.5414724642586 1.00327277837291
"211" 210 26.0727715489721 102.255201954766 18.1933691232203 0.496400546344508
"212" 211 13.3763801458538 93.6572090574091 15.3337482868405 -0.173013117477356
"213" 212 14.4851207074672 78.8319357187693 14.8666753243067 1.05018523131455
"214" 213 21.6178299297283 63.769626693844 16.665794130844 0.367613814784606
"215" 214 38.4282011171149 55.4423872594813 18.7598373141912 0.668602983977872
"216" 215 56.8223275900649 48.2193726976279 19.7614733272504 0.0857507303656163
"217" 216 75.0254394243527 43.2479389885424 18.869775663092 0.107573254386096
"218" 217 90.9346577953303 42.5770594742148 15.9233573249549 0.224463054188408
"219" 218 104.31431109958 33.6474959088127 16.0857771963458 -0.546364979893012
"220" 219 108.302322074072 25.3540709384915 9.20245235092358 -0.53406499136392
"221" 220 116.773873012833 28.1460039982316 8.91975703245802 1.44093014154483
"222" 221 125.323529110035 43.1204502656447 17.2432787020353 0.733655349798223
"223" 222 128.635566433819 62.5911773703407 19.7504127860579 0.350294396024016
"224" 223 127.127990429877 80.3549098899454 17.8275903709874 0.253155991685001
"225" 224 120.485095332656 93.5915508242077 14.8100208809869 0.380466435995553
"226" 225 113.361643287474 107.093980478425 15.2662757608761 0.0203263794060526
"227" 226 102.540933670407 117.842339662648 15.2517206167024 0.303294377458125
"228" 227 88.9838936538892 124.977812045963 15.3201925621877 0.297555017769217
"229" 228 73.4331103249436 129.879616921246 16.305046862219 0.179134457115563
"230" 229 55.6997683676617 129.396135030372 17.7399315588504 0.332611591381979
"231" 230 43.0550845358757 123.399879984773 13.9943954416653 0.415547579881226
"232" 231 44.1721574810846 112.869481079725 10.5894831349005 1.23367702916224
"233" 232 47.5057670525199 104.197016513691 9.291102971332 0.261292037843967
"234" 233 47.7005356845999 103.864058956097 0.38574026909479 0.162313678310704
"235" 234 47.8794333070533 103.38230465182 0.513898403391888 -0.173727766260039
"236" 235 42.7521027023129 92.821211460269 11.739940737965 -0.807537808083365
"237" 236 41.99648980975 76.8130005257274 16.0260340748478 0.404807750504095
"238" 237 56.0645437717054 66.6868874238003 17.3334448056209 0.994074956371816
"239" 238 72.4397523103615 73.4109976415844 17.7020087251527 1.01352221695923
"240" 239 86.0908301264826 76.947289439228 14.1016766811566 -0.136157632243786
"241" 240 98.0998157413012 66.5139353145592 15.9081932911209 -0.968781831885884
"242" 241 114.090140603907 64.1152337225248 16.1692380321182 0.566405895288512
"243" 242 124.803798587134 73.8304169036061 14.4626156563575 0.885460579823547
"244" 243 124.365633937016 89.0516096203447 15.2274980210378 0.863013582373705
"245" 244 115.185017114748 105.240348354818 18.610722367773 0.487097624191515
"246" 245 103.748402966168 116.51541753908 16.0599915408889 0.276634738162595
"247" 246 91.6078020173824 123.843399822926 14.1807445414549 0.235228168922102
"248" 247 76.4677397133065 128.601232578412 15.870049120922 0.238574779572538
"249" 248 59.158113828589 127.047960227508 17.3791772896465 0.393977377671207
"250" 249 47.136929753338 120.284706560804 13.7931311431184 0.422979083395553
"251" 250 36.6455589981707 114.362456008077 12.0474857099586 0.00142419662556008
"252" 251 30.6638015930793 98.7999799096051 16.6724948333735 0.689937619181799
"253" 252 34.1277314597938 79.2026614155015 19.9010980169651 0.54190882390909
"254" 253 37.7516386672896 59.1240162959051 20.4030559791231 0.00361500540197969
"255" 254 42.2939552779859 38.6644017593403 20.9577782022957 0.0399070136671153
"256" 255 54.9151588804035 25.004919048615 18.5977484738955 0.527441077575791
"257" 256 74.3528681839683 21.3423323952045 19.7797645072844 0.638641746292464
"258" 257 94.241130986527 26.5364581017159 20.5553384588696 0.441702524080421
"259" 258 115.588214506162 27.1478946401355 21.355838298573 -0.226824539265285
"260" 259 118.55988805127 35.5844145456381 8.94459120220898 1.20349321629081
"261" 260 113.476216364311 31.983991562241 6.22950748295262 2.52569462279513
"262" 261 106.143628615481 50.2899490067004 19.7199117911985 -1.80603945928141
"263" 262 87.8755856317322 63.5248000353089 22.5584280526268 0.562841521227968
"264" 263 67.2335134659508 74.5703591725034 23.4115253657379 0.135636720557812
"265" 264 51.053652877453 81.7753396167272 17.7115677415883 0.0723881329916028
"266" 265 34.1205134503252 70.2858928655457 20.4631033205325 1.0151059356608
"267" 266 15.375851873471 62.1933453681586 20.4169454774278 -0.188609487313423
"268" 267 6.82881205400915 47.3552728625626 17.1236761636277 0.640641808211212
"269" 268 10.4771189681903 31.2091388334461 16.5531805833881 0.744824834996471
"270" 269 21.4718005024387 18.8159707738309 16.5672458964491 0.50345018364343
"271" 270 37.2442856888554 7.81704190555875 19.2288253724726 0.236177837512917
"272" 271 58.4805764436715 1.12542010562742 22.2656202998345 0.303689995065326
"273" 272 77.719470621889 2.1031511617327 19.2637225690862 0.356031506528752
"274" 273 95.2456214654234 10.3914308364465 19.3871489228456 0.390964269606089
"275" 274 104.830268771105 30.1323000271727 21.9446435464256 0.677056067278533
"276" 275 111.359015191081 50.2687903992039 21.1684381643817 0.138468674492363
"277" 276 109.256700795907 70.4066643311402 20.2473132122441 0.417549707562416
"278" 277 98.8720782805045 87.5150688308422 20.013442715156 0.441523769973575
"279" 278 86.5507054907195 99.9635380246602 17.5151538016168 0.234724092467642
"280" 279 70.1777742568528 100.857772276422 16.3973330784598 0.735966797339372
"281" 280 50.4089566537839 99.980690088085 19.7882647695169 0.0989002913341364
"282" 281 33.0844751387177 104.344491413493 17.8656212255129 -0.291091186933772
"283" 282 16.9811856773783 97.0775927010491 17.6670243213905 0.67066118013636
"284" 283 8.48485913171729 82.4735018814884 16.895769690561 0.61997587533952
"285" 284 18.6809667157455 68.8941925598658 16.9811145546276 1.17096138659127
"286" 285 36.5065595402133 60.6107522910738 19.6562240074324 0.491741743465086
"287" 286 57.5933741386701 58.3454001664786 21.2081486735193 0.327986436124383
"288" 287 77.4305098635417 59.349337354757 19.8625235970906 0.157585180920255
"289" 288 96.2717535111015 63.9149279103445 19.386517977914 0.187170648380687
"290" 289 113.766057630993 59.7077245939696 17.9930885726876 -0.473744626748317
"291" 290 125.408528832295 65.4273177457678 12.9715412151076 0.692647136526546
"292" 291 126.518718326265 80.5425761685084 15.1559743302354 1.04084071671914
"293" 292 118.307723449018 98.7268435738963 19.9521431917682 0.497453700160995
"294" 293 102.595341613481 109.21191183118 18.8895632375561 0.558209679246345
"295" 294 88.3245046814445 103.426978051749 15.3987741581329 0.97357453006578
"296" 295 88.4892370530645 87.2762911969698 16.1515269443909 1.1958707177129
"297" 296 90.7035619346821 68.896908770322 18.5122914050724 0.109701486295505
"298" 297 94.3197452132906 49.6337983705831 19.5995970309855 0.0656652502063242
"299" 298 97.1263929260439 31.2200194886411 18.6264468994104 -0.0343092076080355
"300" 299 98.0888291902804 17.6356239588299 13.6184465146753 -0.0805264116881033
"301" 300 92.8104233034345 7.4343954187637 11.4859319357617 -0.54822343465573
"302" 301 77.6128192406845 1.47579790130573 16.3239717478061 -0.719647678618962
"303" 302 61.6533275889205 0.216940251466263 16.0090629446349 -0.294940365139332
"304" 303 45.3965306933124 2.8788848364883 16.4732933646792 -0.241018484819445
"305" 304 32.5075822944307 9.83108169287801 14.6443856804931 -0.332359322199812
"306" 305 18.5016107308779 20.0096248135278 17.3138666824593 -0.133777964436662
"307" 306 8.44744243726367 34.191495105086 17.3842384084808 -0.325651648001894
"308" 307 2.63311497989756 48.9885644012655 15.8984170135715 -0.242300768378232
"309" 308 1.91629415693345 62.3619819275777 13.3926146971123 -0.320854285049146
"310" 309 2.61321736286609 72.2877991433159 9.95025373320754 -0.123647319379187
"311" 310 8.52399937472615 79.5357992854583 9.3525852068947 -0.614025962071513
"312" 311 19.6067153085375 84.9700535345066 12.343326606424 -0.430785686623549
"313" 312 27.8791580181354 93.0491590539048 11.5630988224242 0.317688391784676
"314" 313 36.7792774208899 97.6332138405906 10.0112778240655 -0.297955650752301
"315" 314 37.2273970194327 97.2662442439484 0.57920450572998 -1.16178479021788
"316" 315 37.2615072878495 96.9859974516651 0.282315027932479 -0.763511473329889
"317" 316 38.5660583306219 96.9410870714796 1.30532385462272 1.41526464722654
"318" 317 44.1076847304036 98.1184783900931 5.66532200955112 0.243762458272241
"319" 318 45.8873320201662 83.8264814569559 14.4023720550736 -1.65626355648721
"320" 319 45.1318394653265 67.0449515192764 16.7985271988246 -0.168871803255158
"321" 320 63.6031005515649 60.7973890743646 19.4992185130342 1.28963282664858
"322" 321 79.3276328606503 49.6309333173241 19.2860221537105 -0.291339634987269
"323" 322 93.4154183855555 46.3231956773071 14.4708959394682 0.386874633897359
"324" 323 99.7586465048297 46.1773927266919 6.34490358268416 0.207635853075612
"325" 324 111.272043634782 52.4274166027412 13.1004241123399 0.520317166146295
"326" 325 105.383797921684 61.833727534908 11.0973025069347 1.63277079984304
"327" 326 88.0046895635004 58.2036123287482 17.7541866537296 1.21740369031847
"328" 327 73.107477841158 48.6002755432209 17.7243051913624 0.366680446628967
"329" 328 60.2058860715816 36.8736488050711 17.4345876017958 0.165128340221838
"330" 329 64.6841173823103 18.603301575444 18.8111707122 1.07344044207908
"331" 330 69.4001523247462 3.53075523069139 15.7931199860253 0.0628689360312383
"332" 331 84.5303568351342 3.70585554085246 15.1312176854602 1.27912942760314
"333" 332 97.7213165506081 10.8443140827685 14.998633556758 0.484460831670176
"334" 333 105.598942428856 28.7445390630706 19.556969188069 0.660184777257069
"335" 334 119.494463462384 42.2245904143684 19.3596820538676 -0.385995318996375
"336" 335 125.557825131743 56.375818296548 15.3955060100934 0.395768454283407
"337" 336 119.798989654192 75.3569256898089 19.835489001585 0.699376767478362
"338" 337 116.451136843466 93.886487675188 18.8295721091132 -0.115823623821192
"339" 338 103.03126874531 103.870317352248 16.7263180285576 0.752424834452654
"340" 339 83.8113758963092 107.400448413764 19.5413946902095 0.457977404752859
"341" 340 64.7036074237262 109.033171630034 19.1773981838721 0.0964050653506283
"342" 341 49.1797066197796 119.336634603657 18.6320381445396 -0.500716044219838
"343" 342 35.1396253411616 122.248036604126 14.3387636816616 0.381491295950694
"344" 343 21.8216620426912 111.071994539567 17.3859731579278 0.902639121513016
"345" 344 11.2313186001398 96.3255934839905 18.1552118776705 0.249809795152148
"346" 345 10.6744703171403 77.1215570699142 19.2121080208146 0.593824942134433
"347" 346 14.9576809746823 58.1701933524018 19.4293612939367 0.251264512773877
"348" 347 28.7816065002379 43.7211292364611 19.9969090302145 0.541014743019445
"349" 348 47.0408049283165 36.331857254176 19.6977071676916 0.422964461711364
"350" 349 65.4370348326382 29.110790497585 19.7627194433308 0.0104909772436048
"351" 350 86.1027502989234 28.3335189441842 20.6803275312841 0.336456003887876
"352" 351 104.933734279312 32.338114982546 19.2520842274319 0.24713234799273
"353" 352 119.071151601221 45.2408417091365 19.1401913656807 0.530230043096285
"354" 353 122.861095560951 64.0010314249225 19.1391847629459 0.631690214912678
"355" 354 118.422815799999 82.7187007518049 19.2366699890339 0.432154974159495
"356" 355 107.937122502172 99.3669121012989 19.6751799248063 0.329254173301969
"357" 356 92.5669049552887 112.523394008909 20.232068693631 0.300773680443033
"358" 357 76.3885927676458 114.737882351703 16.3291684987695 0.571916469201472
"359" 358 60.6790442086739 112.236352757003 15.9074688822533 0.293945162019028
"360" 359 48.7982957185066 96.7767331505642 19.497487608982 0.757648229949809
"361" 360 37.7442930078563 79.8099120352138 20.2500369058273 0.0778037166617601
"362" 361 29.6308160669289 61.9194925404936 19.644226066914 0.151665219276454
"363" 362 22.8451190637229 42.8073199670286 20.2810459369636 0.0846057821973681
"364" 363 23.6249114889078 24.2308339707331 18.5928456185959 0.38311565298432
"365" 364 32.6066269432395 10.2235397458188 16.6395764370942 0.528223332029199
"366" 365 46.941106019537 4.14157827222468 15.5713694245269 0.59935198231219
"367" 366 66.0071750405342 2.23602329166509 19.1610575829563 0.301654225052762
"368" 367 86.4808265267127 6.0249115438344 20.8212890898937 0.282605426314996
"369" 368 103.611107346366 18.1955815381037 21.0136081877809 0.434731532595087
"370" 369 118.093674895208 33.6934969048347 21.2115568386937 0.201529251339229
"371" 370 125.385958234813 53.5005688291053 21.1068115668452 0.39877865982304
"372" 371 123.114364781054 74.6252348085578 21.2464502814612 0.459886608609738
"373" 372 115.019305381255 93.5881000448635 20.6184442831305 0.29634936172644
"374" 373 98.9220957520504 108.118159227634 21.6850819159482 0.433051557912212
"375" 374 83.4419947706763 120.752378361394 19.9814168545029 0.049757838811252
"376" 375 64.3468087806374 121.551530795201 19.1119013341592 0.642689861119804
"377" 376 49.3845969810704 110.934248603462 18.3465109237183 0.658970781564925
"378" 377 39.6753382262833 94.1544446476585 19.3863747607078 0.429095835269386
"379" 378 36.0018952113106 74.4251293065076 20.0683847734397 0.340472103155087
"380" 379 47.1084196779927 57.3136022223784 20.399981492146 0.759803114804657
"381" 380 65.912631910043 48.6729573274297 20.6944229653448 0.564346612740082
"382" 381 85.3843710464216 48.1931428456829 19.4776499335026 0.406094189820674
"383" 382 104.226119841912 51.8270936296726 19.1889837139129 0.215164150467594
"384" 383 117.002336043525 64.6257342398275 18.0841616310587 0.59574742492043
"385" 384 121.62960203703 79.4735814852618 15.5521753590425 0.482415072187712
"386" 385 116.13016811225 94.4238278344639 15.9296465558674 0.654592930335234
"387" 386 107.767762585358 99.9560208080078 10.0267135838574 0.633854121202397
"388" 387 106.684728379028 100.5465278105 1.233556489211 0.085278870460872
"389" 388 96.6123309951558 104.937372200616 10.9878434424979 0.0880860881687558
"390" 389 78.7683481801731 105.226089768025 17.8463184028283 0.3949118972696
"391" 390 63.9459114267225 93.6319920449161 18.8182818908379 0.679970835270896
"392" 391 50.7719246612618 79.0258889419705 19.6695748594221 0.173112326113218
"393" 392 40.6734630993803 64.0385678191375 18.0720425064715 0.14096683122405
"394" 393 40.2153650369446 45.4594171112603 18.5847974124235 0.568273458787539
"395" 394 46.5240477245774 25.2909870481265 21.1320857575573 0.327809625209212
"396" 395 61.6213179437009 13.0740447932922 19.4211546033492 0.587303441948653
"397" 396 81.5080826512503 11.1564590358958 19.9790026195104 0.584206798470584
"398" 397 100.549388974981 16.1072215098335 19.6743842492589 0.350497214326303
"399" 398 110.186668585472 32.2087533346741 18.7653000348286 0.777087867177212
"400" 399 109.92899283154 53.3821409135605 21.1749554511906 0.551508470749516
"401" 400 101.857129192162 72.374472624766 20.636464000433 0.389706925114379
"402" 401 88.489999855444 86.5263267221755 19.4667696626565 0.355014009748728
"403" 402 75.3384234811579 96.8204954162005 16.7013134282824 0.149783146948331
"404" 403 56.9974683481344 96.566672146533 18.3427113983676 0.677961321061196
"405" 404 37.5841295671804 95.6886957585085 19.4331820647577 0.0313563545990259
"406" 405 20.5212926916713 91.0849438732944 17.6730001318635 0.218341634881182
"407" 406 10.0291595600864 76.030522455363 18.3499444652994 0.698586069461602
"408" 407 3.86887669805941 63.3067214293698 14.136626099931 0.157783125570511
"409" 408 15.80775599004 54.1203638442379 15.0640633439452 1.36585454475657
"410" 409 33.5630712178822 55.8775715811747 17.8420569966245 0.75447940500785
"411" 410 52.4015314189396 59.857791881518 19.2543433122527 0.109572611034624
"412" 411 67.0675113212644 74.090720692239 20.4369084997327 0.562194891671256
"413" 412 74.5841296465967 91.2127834418231 18.6993204114325 0.386711705321685
"414" 413 78.0453133890498 108.632968189016 17.7607046460819 0.217536550980239
"415" 414 73.6329980582422 124.62970270073 16.5940965893518 0.465267794710379
"416" 415 60.1177777345034 129.433750189848 14.3436415417042 0.960136470998955
"417" 416 46.6227980735709 125.286535730333 14.1178562048984 0.639680422726624
"418" 417 37.7535837452356 114.46020597053 13.9954413603126 0.58628692359766
"419" 418 24.5870367761068 105.203580824073 16.0948149474387 -0.271677335170076
"420" 419 14.4375554468049 91.7883087891154 16.8220538289999 0.310344793111104
"421" 420 6.11326335072731 77.3220754270121 16.6902889905373 0.125530678374823
"422" 421 8.6359638412462 59.7494814166734 17.7527484637466 0.664741333460139
"423" 422 20.3994557692041 43.2843867362226 20.2355895682666 0.477773853786095
"424" 423 36.1615023207738 30.3705129829158 20.3767084390536 0.264037815757365
"425" 424 52.0732543676402 21.1942499359175 18.3681152192778 0.16329120295858
"426" 425 71.235124362208 25.1618047606308 19.5683099161839 0.727278454703625
"427" 426 90.8454772160503 29.1673030076072 20.0152430726867 -0.00268677587253203
"428" 427 109.759523059684 34.4349703072205 19.633885223116 0.0701395559731455
"429" 428 118.564937514121 50.355212154307 18.1931147466323 0.793957232953433
"430" 429 118.463190733571 69.7232551313531 19.3683102300654 0.510469988143592
"431" 430 119.883818735261 89.0237813331329 19.3527387101872 -0.0787264500896165
"432" 431 107.537486081252 102.234765015402 18.0820911361661 0.825052388137965
"433" 432 90.6446776842824 112.583950258171 19.8109215011788 0.269556361685018
"434" 433 71.3861724980295 119.481177462663 20.4563380183093 0.205753374542224
"435" 434 53.3446354913685 116.196780459271 18.3380566374578 0.523981781454243
"436" 435 41.2942030206216 103.445197170585 17.5446800797369 0.633586134946885
"437" 436 25.8287003340269 91.4796234453193 19.5539440503405 -0.155166640898907
"438" 437 15.9560871663115 76.0414239163135 18.3250237505096 0.343349325810032
"439" 438 10.527334882314 58.4225898974408 18.436232357659 0.270061580445464
"440" 439 15.2535420230828 40.3831111887302 18.6483196567272 0.555124948632836
"441" 440 30.1164797921572 26.001982666731 20.6814839093726 0.545638690375495
"442" 441 47.3326392785595 16.9098331716484 19.4695487852742 0.283036690362788
"443" 442 67.4721952746023 13.986863550709 20.3505642949447 0.34175813370665
"444" 443 86.8356546043414 21.7779905240944 20.8721157703255 0.526670600678425
"445" 444 100.032186883042 37.0029000435133 20.1481099375919 0.474103992180444
"446" 445 110.735306574239 52.7994300582974 19.0810673609224 0.118643846312253
"447" 446 120.82834780239 68.7829628144388 18.9035129169105 0.0322724749931614
"448" 447 116.250584440911 85.4802961759732 17.3134877705189 0.83082114153598
"449" 448 102.360981125019 99.1933008365638 19.5183907403814 0.524209621188565
"450" 449 84.39287388359 102.658925531131 18.2992740938841 0.588463651650423
"451" 450 67.3043297643703 95.6100604930019 18.4852600317194 0.581764308646383
"452" 451 51.2717758708405 84.7735076818989 19.3513219490752 0.203146499163009
"453" 452 39.5937417745013 71.2946265834018 17.8341446675383 0.262486728733771
"454" 453 41.6159905384864 51.1732288436679 20.2227628444782 0.814101545277935
"455" 454 56.1885737073244 37.4567258220888 20.0125619387846 0.71548472957363
"456" 455 74.3693799721436 31.8873224738762 19.0147303450238 0.45788770461334
"457" 456 94.1079882464986 36.5037945395373 20.2712720602695 0.527008455772269
"458" 457 112.450114887349 41.0651148381026 18.9007738618049 0.0139853208467271
"459" 458 121.813454082543 56.2781710160456 17.8636278274464 0.7753358734381
"460" 459 120.193692227996 73.6684008836513 17.4655009465407 0.644598620943096
"461" 460 110.093963720119 86.5557865828404 16.3734304924924 0.571842927098725
"462" 461 93.0477807119162 85.170130573335 17.102409120525 0.987189300853899
"463" 462 77.5892732171676 73.5151535908925 19.3598538844296 0.564915767366603
"464" 463 67.5419908458109 58.1802010758874 18.333266258014 0.344756622872819
"465" 464 74.8636742019117 41.2675204907388 18.4294821344026 0.988566033580395
"466" 465 91.5397753971215 33.9562272100169 18.208442012144 0.749053949681583
"467" 466 109.854835092492 36.2491201159706 18.4580272381191 0.537733985030537
"468" 467 121.948700598755 47.7942839002014 16.7198202648321 0.63764693373071
"469" 468 129.006173191995 62.3984780073645 16.2200618039527 0.358447873869484
"470" 469 123.773688243793 77.3845407791401 15.8732786825142 0.786081203614067
"471" 470 109.421643852741 85.3709392310031 16.4244859412599 0.727080377048282
"472" 471 91.089765356619 82.2564361333911 18.594566376811 0.676081114827544
"473" 472 75.9284946188989 70.7312868085023 19.044505699635 0.48168989557655
"474" 473 64.0124195680144 55.5024419921179 19.3367670270868 0.25685932223948
"475" 474 57.618873513696 39.0974045481847 17.6068931014401 0.292336278443327
"476" 475 58.2984021515327 20.218959944238 18.8906704442676 0.407601684835065
"477" 476 65.4162265699833 4.16495093310304 17.5611682351002 0.381345177159818
"478" 477 80.2286008743809 2.22613173102502 14.9387232530737 1.02331979423803
"479" 478 97.350132306828 9.21607638835143 18.493408688091 0.517754069868971
"480" 479 110.230105461409 19.70622040816 16.6113464240273 0.295890221714548
"481" 480 118.940198088421 32.1838356506501 15.2169837914997 0.277882907456013
"482" 481 113.008290810129 49.8115183004897 18.5989978106808 0.934028697434967
"483" 482 96.4887611062547 61.7128419870862 20.360166186216 0.62187617712933
"484" 483 77.0433815160808 66.9365253589619 20.1347871946927 0.361874630693914
"485" 484 58.8271225757736 69.3406959850837 18.3742245055357 0.131216892645045
"486" 485 43.6131399222275 65.2475657822392 15.7549669323626 0.394035411691354
"487" 486 37.9000691273599 53.5094627461591 13.0545869636999 0.8550214322813
"488" 487 50.8457162396773 38.482215451579 19.8345138687369 1.16408064665969
"489" 488 68.6295161540801 31.1964060422226 19.218391143511 0.470846059156056
"490" 489 88.8266108005813 28.3878275222023 20.3914380430328 0.250657639371077
"491" 490 107.548553599561 33.0976436560104 19.3052715645894 0.384625059430417
"492" 491 122.683566382166 43.4058811926611 18.311973488448 0.351465949005214
"493" 492 124.792075425147 61.2429874505087 17.9612964464729 0.855214660947995
"494" 493 115.341482072379 75.4408022812113 17.0555463320968 0.704952658691552
"495" 494 95.6878541711449 78.9161617221008 19.9585373442933 0.80848563706314
"496" 495 79.8241256000194 70.2031915506159 18.0989981321489 0.677279512839867
"497" 496 82.3194301982969 51.7979565550105 18.5736162413689 1.20329214998821
"498" 497 90.6751563711512 34.536751556436 19.1772614801629 0.316072843957285
"499" 498 99.1075132124234 18.0381401573765 18.528594657872 0.0216570856139593
"500" 499 96.6515685507994 9.58466799163523 8.80300266033827 -0.755225705210541
"501" 500 81.3932877421702 2.58735943874057 16.7862282904586 -0.858079635580501
"502" 501 64.1107308789066 0.661589208259233 17.3895187602345 -0.319004324902813
"503" 502 45.94301196333 2.53084818893318 18.2636288763277 -0.213499029411815
"504" 503 29.8010347440496 10.5362928851667 18.0180624189235 -0.35786571224435
"505" 504 16.5034435550095 21.5837679345366 17.2879332598575 -0.23284008151477
"506" 505 7.86021211293313 34.8131600490601 15.8026031235716 -0.298845820622562
"507" 506 2.41537836551944 50.0352944317747 16.1666196127204 -0.235205694642816
"508" 507 0.398451816103242 65.9637378257757 16.0556314625627 -0.217556870096467
"509" 508 2.67839633692616 79.5934220021451 13.8190606687142 -0.291697196500791
"510" 509 7.36817265812506 93.1259506256845 14.3221273870117 -0.167859901744839
"511" 510 16.4644017941753 107.034660120292 16.6190729073835 -0.245575462886215
"512" 511 28.2532812818904 119.013072640608 16.8065477145878 -0.198245134198944
"513" 512 42.9168028273632 125.534508596524 16.0483018117703 -0.37490247973011
"514" 513 56.8542879963936 128.855676864883 14.3277231793363 -0.184542226087657
"515" 514 63.4378638382925 124.145019333186 8.09529278327652 -0.854991850971413
"516" 515 51.0001250999564 118.407361075561 13.6973744639034 -2.08830887402731
"517" 516 38.1246540068192 103.551715767974 19.6587881970135 0.424463641531654
"518" 517 27.9894173567239 85.0251919289758 21.1176491947001 0.21352488406328
"519" 518 17.3628770913904 66.3652183476775 21.4736576312817 -0.0170902739446365
"520" 519 12.0509667969705 51.6919883484317 15.6051295921159 0.170341223421281
"521" 520 18.3504344326377 33.7632527384932 19.0032327003564 0.685224334066219
"522" 521 32.0050454612831 17.2889442835429 21.3974587606204 0.354195001284409
"523" 522 50.2408518102513 5.73817123128703 21.5862222563789 0.314088772347165
"524" 523 70.6091270187536 0.857136044529711 20.9449549883416 0.329421610953054
"525" 524 89.3796754876495 5.70649134386594 19.3868444219881 0.488024832520376
"526" 525 105.698994324682 16.499275408654 19.5653866604745 0.331491783724089
"527" 526 114.825192196858 33.6701699046316 19.4454906184979 0.497960536233987
"528" 527 121.453328377254 50.9712518375385 18.5272670751796 0.122665202580172
"529" 528 113.478502858921 70.7190237713064 21.2972378114149 0.749665020918771
"530" 529 105.905450216084 88.5481684059573 19.3708421276536 0.0178574038230805
"531" 530 94.868913096878 104.236122293348 19.1811639051575 0.211408979819851
"532" 531 77.4821269005623 111.267862072597 18.7548846586554 0.573403014526641
"533" 532 58.6829898580154 112.319573772768 18.8285328967696 0.328433166404809
"534" 533 42.9424272999429 102.755449764124 18.4184086635441 0.601882767659212
"535" 534 25.4423848876646 93.8830817837272 19.6206625273233 -0.0767714080667616
"536" 535 11.4262069083161 81.2458421059999 18.8720182233141 0.264483421648854
"537" 536 11.0443119543087 61.0620017632314 20.1874529036791 0.81816939949543
"538" 537 19.7445076718889 42.7615649077757 20.2632523210052 0.462700709091363
"539" 538 33.8247593421748 28.2604338778414 20.2122806295062 0.326891441054439
"540" 539 53.4753577334047 23.5073978687728 20.2172542259553 0.562803354816643
"541" 540 72.8976661933142 30.634748996374 20.6887699007937 0.58902912081559
"542" 541 83.7825885196062 46.9841099386263 19.6413629178185 0.631704668769051
"543" 542 91.7130737295837 63.8961775696286 18.6791495315303 0.148902199663563
"544" 543 99.4767674203907 80.5905561469333 18.4113338953767 0.0031822792475686
"545" 544 102.255801927626 98.8184230809818 18.4384968410602 0.28400176083038
"546" 545 95.815243932529 114.306794690178 16.7741003452578 0.545375262537766
"547" 546 78.2496034333334 121.581592510633 19.0124803609489 0.784072519181999
"548" 547 59.403453197944 120.413668752297 18.8823045362624 0.454536559956987
"549" 548 44.3687963499831 108.830119067673 18.979450198362 0.594572937801227
"550" 549 31.5202005027021 95.0162215773421 18.8655818654007 0.165121571289893
"551" 550 20.9265429561129 78.8770264563525 19.3054189119993 0.16835306813998
"552" 551 17.8550874214044 61.9293912578746 17.2237097607448 0.401570308594347
"553" 552 27.8406257211691 46.9645716732476 17.9904641501131 0.767704590198854
"554" 553 45.7502778373528 38.4939329448278 19.8117984895398 0.540591196419516
"555" 554 65.1735644267972 31.4945288743948 20.6459613308967 0.0959111150652523
"556" 555 86.1138002579478 29.2005291026409 21.0655147484463 0.236760799852053
"557" 556 105.768806394541 31.5391468151493 19.7936454205582 0.227541289919513
"558" 557 121.349464141809 40.8281346141437 18.1395201195449 0.419184661458891
"559" 558 127.872276367095 56.4178992006863 16.8993443420199 0.636914995221884
"560" 559 124.446317965811 74.3881436572603 18.2939027218458 0.584655655682544
"561" 560 111.380575526426 86.7959285569251 18.0185113593967 0.622835957469501
"562" 561 94.2165998187509 94.3014301128113 18.7332489360243 0.347347192093962
"563" 562 77.1501100125574 95.6743311791031 17.1216217585465 0.33195624170721
"564" 563 61.0918975238158 85.7371882852479 18.8841996713251 0.634414315358426
"565" 564 48.5798943003906 70.6932693033337 19.5670570857602 0.322880795364663
"566" 565 38.0381828225084 52.7600012607513 20.8021581469332 0.162349769126862
"567" 566 34.7668672633465 30.7410006213825 22.2606804622891 0.38393382998594
"568" 567 35.0345792928963 14.1334712734363 16.60968695592 0.16360754044537
"569" 568 40.7908241454838 5.15236943379199 10.6674526039257 0.553853144881061
"570" 569 59.3586464323738 1.1869128650542 18.986544453272 0.790419490811269
"571" 570 78.9055070537617 1.92150111665665 19.560658988167 0.247968372358014
"572" 571 95.141213908796 8.29964347228232 17.4435912870954 0.336761284755861
"573" 572 109.493955358177 19.5316532359443 18.2252360874637 0.289697022642327
"574" 573 122.899519896089 36.6518824686811 21.7442270398738 0.242470634470736
"575" 574 128.08289812926 56.6601681323199 20.6687906057873 0.410815316021116
"576" 575 123.295218670859 74.9844243809088 18.939383349527 0.509051299940679
"577" 576 107.978730781964 87.710356751495 19.9134164811418 0.621954157770002
"578" 577 88.2201318240904 93.3213338353114 20.5398465576838 0.416587475670926
"579" 578 68.5800872635113 91.0211076234542 19.7742861051227 0.393280313394584
"580" 579 50.6571516837108 82.6240699186161 19.7924698310785 0.32155003524526
"581" 580 35.3607748561917 69.1934988292819 20.3558194095723 0.282401503188294
"582" 581 25.2518089719814 52.204563786899 19.7690441125117 0.313497925541605
"583" 582 17.2147809055083 35.7250856846976 18.3348580213268 0.08300018538276
"584" 583 16.2503440087399 23.3844793089026 12.3782351023949 0.375765649228807
"585" 584 28.9279429650294 11.3905675071795 17.4520897202605 0.89109565067725
"586" 585 47.2713979078432 3.98356917854031 19.782466061629 0.37391986954753
"587" 586 67.636258936816 0.63803560511788 20.6378332103996 0.220948436196297
"588" 587 87.5993509525738 4.60003720156291 20.3524568413703 0.358745785808324
"589" 588 105.127282298295 15.8629354059403 20.8346167044771 0.375212838821641
"590" 589 118.603719243418 33.1337103880954 21.9064835430086 0.337048414314464
"591" 590 122.939920925167 53.8708193952753 21.1856162289527 0.456481243785955
"592" 591 123.385807545087 75.104459569468 21.238321259575 0.185137406632083
"593" 592 110.154319498382 90.4284534994353 20.2459147952314 0.733246280783191
"594" 593 90.4235645061229 95.984151919585 20.4980115499094 0.584076904109442
"595" 594 69.0251625890307 93.6238149376432 21.5281860655685 0.384329358470923
"596" 595 51.8895528474517 85.524552344373 18.9532893126877 0.331674530196245
"597" 596 40.6389404238265 68.7618135399824 20.1882562924799 0.538149180080684
"598" 597 42.9486704703411 49.2383407522914 19.6596246805345 0.708870317346568
"599" 598 56.7392682241326 33.6433862815735 20.8178575110563 0.60631436969924
"600" 599 75.6016057525834 28.2028488779737 19.6312817787625 0.565911819681843
"601" 600 94.7928609475682 27.5922522149368 19.2009662320401 0.249006529279484
