"time" "x" "y" "speed" "angle"
"1" 0 117.837683569724 70.7853221798293 NA NA
"2" 1 119.77462536073 73.4723668666708 3.31239379464895 NA
"3" 2 113.714884842782 79.720464235096 8.70397471677067 1.39467465247573
"4" 3 106.722382240529 92.9648741822108 14.9769652296372 -0.284331888748695
"5" 4 91.6470941095197 100.181616305024 16.7136375185094 0.638558913388971
"6" 5 82.7954797463231 87.7228883133118 15.2830291502117 1.39954848132819
"7" 6 79.8981405180914 70.6029986367676 17.363329091522 0.450071945833985
"8" 7 86.1483406467118 54.5387029301325 17.2373605345489 0.538701747641241
"9" 8 104.809519689484 50.2023444515112 19.1583821895673 0.971423024569203
"10" 9 114.929587302044 36.0371861298284 17.4088333543954 -0.722127592293107
"11" 10 116.411107841847 40.3454472318414 4.55587717492217 2.19003368653349
"12" 11 114.05775818545 51.6590709077668 11.5557922829082 0.536297166543103
"13" 12 118.134324029122 69.306176956354 18.1118398007456 -0.432108198100225
"14" 13 115.62915420893 85.2167366357765 16.1065758353682 0.383193605335136
"15" 14 103.677732481821 91.4485315530952 13.4785662883979 0.933983231113791
"16" 15 84.8467732969272 89.5923068109785 18.9222248722598 0.578897580108685
"17" 16 67.0293688436906 95.6723912284817 18.8262404099751 -0.427108896072982
"18" 17 60.1829911463708 111.94267630694 17.6520555207787 -0.843643470742229
"19" 18 69.9186686900526 121.864935773611 13.9008866680687 -1.17420659307085
"20" 19 82.7752422863634 120.087470662428 12.9788623098802 -0.932271822968816
"21" 20 85.4516742368584 118.51851914471 3.10240178741857 -0.392835663082224
"22" 21 84.8304518429221 113.75543533485 4.80342426217806 -1.17027048631746
"23" 22 93.1359839285789 106.32384252348 11.1449735280031 0.970567123067197
"24" 23 107.686322877809 99.3176352250321 16.1492818492432 0.281170940472447
"25" 24 108.629430248984 97.4497408559866 2.09248199215092 -0.654482603602847
"26" 25 113.413486328464 85.7479895018256 12.6419214254091 -0.0794658002017175
"27" 26 118.147637093761 82.0523335435062 6.00583519844019 0.519876432150885
"28" 27 114.726511695943 75.3067107519872 7.56356568247082 -1.37733475209836
"29" 28 118.642708270703 61.5553156089672 14.2981629586333 0.746801665786935
"30" 29 113.334773139091 58.067812046224 6.35113032944117 -1.26693156295912
"31" 30 98.4818916236306 52.743482645499 15.7783577370949 -0.237103960754484
"32" 31 95.9307505237079 34.8072348765249 18.1167686120275 1.08530870740509
"33" 32 108.43160731663 26.25372595195 15.1470767965281 1.11201639984618
"34" 33 113.342478133863 33.3268450205746 8.6107877422739 1.56397178873711
"35" 34 114.521164635387 38.5560875059555 5.36043644116663 0.385192703517388
"36" 35 117.256503270285 52.0236470427339 13.7425338756809 0.0213178537559446
"37" 36 121.494448269288 66.0687847885789 14.6705852682956 -0.0926700279564303
"38" 37 116.69289571889 81.834834483846 16.4809960223243 0.588676068244068
"39" 38 112.378331112395 95.6517744615217 14.4749196229309 0.00704595414014043
"40" 39 105.583336319051 100.900838271741 8.58630450923551 0.610384522751847
"41" 40 95.6995527941642 111.599859385794 14.5656523906683 -0.167245307143333
"42" 41 82.6374248633596 118.616205740678 14.8272823623346 0.332059657758178
"43" 42 66.0028588209683 118.665463732056 16.6346389731906 0.489964340983754
"44" 43 48.2748801951542 112.738821709311 18.6924132156094 0.325590546390562
"45" 44 34.3559982434716 100.223678843932 18.7180147378325 0.409715129540609
"46" 45 25.2077377617102 87.092521996214 16.0036855130787 0.229955160629282
"47" 46 38.4893194807523 73.4206561296764 19.0609634917071 1.37941590547683
"48" 47 54.8762825818256 67.0483515532551 17.5823441352573 0.429007174837243
"49" 48 67.1600639567234 75.3029851938257 14.7996709898 0.962551956648147
"50" 49 69.2824786919702 86.5722520528083 11.4673894085514 0.792958323870609
"51" 50 84.6272231173228 85.9919943126056 15.3557116580267 -1.42243711489933
"52" 51 100.953073783884 96.3150510396357 19.3157681746373 0.601637970309613
"53" 52 100.361678558464 93.1513755063351 3.21847653287297 -2.31943766159168
"54" 53 92.1644983486373 96.9701879603794 9.04306872425171 -1.82196818917065
"55" 54 74.7174241489936 92.9271544819785 17.9093974727053 0.663684068649064
"56" 55 62.0169710054217 79.1165288436987 18.762592853142 0.599537409845458
"57" 56 49.9276352347723 85.7492716061852 13.7893189073579 -1.3290511244273
"58" 57 36.0764288829413 95.5401078219776 16.9622047860966 -0.113512226478927
"59" 58 19.5824360439151 97.0808785451212 16.5658013447929 0.522170093725428
"60" 59 32.0522250752643 103.993014846876 14.2573934062434 -2.5423022313163
"61" 60 48.5062768869285 108.653905532868 17.1014538273122 -0.230111012556404
"62" 61 65.8069261114805 118.032185714657 19.6790396808161 0.220704119095795
"63" 62 82.8978163103706 115.490606543507 17.2788353911292 -0.644367466753989
"64" 63 99.2339775441278 106.867187635642 18.4725070717496 -0.338068900821339
"65" 64 100.654410676762 107.135913701722 1.44562926882239 0.672672782861179
"66" 65 94.3963521680505 113.029526192289 8.59639252753295 2.19920074177708
"67" 66 87.4301142280772 116.438039758651 7.75541332028135 0.300372412390063
"68" 67 78.7867082921763 120.018198797544 9.35553338492966 0.0623498459015632
"69" 68 67.3583271322573 119.579241144113 11.4368081105655 0.431084022798077
"70" 69 52.7208811065326 122.487096131212 14.923486415111 -0.234496012331588
"71" 70 38.7422233569081 119.00141868618 14.4066935738893 0.440478931449153
"72" 71 29.8793201505428 110.360381257341 12.3781493403497 0.528350170219542
"73" 72 21.0031058920072 102.106408432809 12.1208599922422 -0.0236337888552789
"74" 73 33.5958192989179 97.2849336241239 13.4841777754291 2.02684320141944
"75" 74 45.0376769286765 102.780194492985 12.6930688974929 0.813404656651132
"76" 75 49.8196435089937 114.98235034284 13.105716758706 0.74955122608255
"77" 76 59.7458515956153 111.967267056325 10.3740220842031 -1.49218967115522
"78" 77 74.0040184847121 115.79011467121 14.7617575824819 0.556848715758227
"79" 78 89.1315052042776 113.44614984319 15.3080052771621 -0.415680277937056
"80" 79 100.752102738592 106.807494669774 13.3831995264971 -0.365311776419014
"81" 80 106.663311817414 92.453947879485 15.5231020815607 -0.661097460330211
"82" 81 116.233860953683 83.9726960749056 12.7877692715508 0.455005793242558
"83" 82 112.819451375223 71.4929800711805 12.9383733252335 -1.1127290846313
"84" 83 119.708596075736 58.0709516151406 15.0867876825837 0.741269493896268
"85" 84 109.666448949138 55.5961283098221 10.3426045706486 -1.80337596821113
"86" 85 99.7052338606901 52.1436460931423 10.5425537463561 0.092007233823841
"87" 86 97.8424424208319 50.764418050301 2.31781404400109 0.303698784406874
"88" 87 96.7277387340234 50.8053345806202 1.11545437909303 -0.674024452131045
"89" 88 96.3074894831143 51.233098306684 0.59965926843973 -0.757569482750905
"90" 89 95.7646675340234 51.390440964184 0.565165798933388 0.512130439170657
"91" 90 95.4831544140234 51.3164764670686 0.291067661490717 0.539060747801289
"92" 91 94.758793169579 51.7878768620173 0.864243915113586 -0.833855903944263
"93" 92 94.5776262875118 52.0478649362189 0.316883634612111 -0.385278700250677
"94" 93 94.1852307660234 51.9930050673507 0.396211875763951 1.10110983941798
"95" 94 94.2991244035886 51.8001399612492 0.223983726706562 1.96532014391432
"96" 95 94.1567573566321 50.9556583550536 0.856398014513052 -0.70044574820071
"97" 96 93.9712149438012 50.6083896813507 0.393727721521476 -0.323687648230018
"98" 97 93.4575769704679 50.351979424684 0.574082038888003 -0.617083162062062
"99" 98 93.2523078818495 50.0944543408144 0.329324410823509 0.434825245768779
"100" 99 93.0456711693723 49.3645017850561 0.758636582693937 0.397095571761599
"101" 100 89.8932489579968 52.4722026592336 4.4266884374368 -2.07318606170492
"102" 101 90.8309011307968 48.4684588132838 4.11207446201271 2.57909862862795
"103" 102 100.705581135775 53.3145102511362 10.9997054387391 1.79697299296492
"104" 103 102.133072452153 54.5741703476844 1.90380540422898 0.266797732649084
"105" 104 109.649722228914 53.6315921898321 7.57551829580895 -0.84776980648323
"106" 105 98.9333088222683 60.6548254685903 12.8127796355823 2.68619805752604
"107" 106 87.4479565181137 76.966274262584 19.9493528544067 -0.377162934470532
"108" 107 81.1865014138449 96.8347439084984 20.8317523529202 -0.308198232782472
"109" 108 80.3512276371803 116.713945216823 19.8967416161264 -0.263300244899879
"110" 109 66.8772358769126 123.063834089608 14.8952859204674 1.08840291390453
"111" 110 53.3273067255907 123.186542673807 13.5504847663277 0.43134485808011
"112" 111 37.5339441281639 116.399368388197 17.1899981651266 0.41494158996552
"113" 112 32.5998963719596 105.542978197619 11.9250172004305 0.738334562080796
"114" 113 46.6566956804224 94.4191388834768 17.925774959127 1.32792841933117
"115" 114 63.1348014906438 84.7284732771585 19.1164058072204 0.137825207743604
"116" 115 80.944056419663 78.4541978058207 18.8821633775643 0.192892568117356
"117" 116 97.7010872757595 78.341644064707 16.7574088527077 0.332009384291539
"118" 117 109.305438713616 71.7095440102335 13.3658416654484 -0.512497102331268
"119" 118 109.269708049927 54.1885800545111 17.5210003886207 -1.05362182494667
"120" 119 112.708122685131 37.6738298594989 16.8688965023574 0.207309438146236
"121" 120 104.456220412979 23.3902031030687 16.4959353910643 -0.729144346035967
"122" 121 97.0117560627345 14.4069618885842 11.6669907079618 -0.168126852655359
"123" 122 94.1538696158378 11.2057456557535 4.29130519920158 -0.0367941534397161
"124" 123 92.7035937238029 12.3128117719951 1.82452611621431 -1.49399074469226
"125" 124 90.3216311984717 12.459371150905 2.38646707993812 0.590538272758767
"126" 125 83.0629571380296 8.78757082200892 8.13452314343115 0.529768021054211
"127" 126 78.8741229821719 7.02652559119144 4.54396433637684 -0.070336651266382
"128" 127 73.8159716492066 3.80852154343836 5.99503502563034 0.168633883834251
"129" 128 68.0266426006303 3.14049917861357 5.82774267728038 -0.451733386039377
"130" 129 62.5158977010991 2.10572586898956 5.60705494444451 0.07073190072785
"131" 130 56.2312216897157 2.57899213576341 6.30247043049974 -0.260775338149294
"132" 131 46.8479464504006 2.59396823870335 9.38328719055335 0.0735668945641034
"133" 132 38.6744232699109 4.85336916162577 8.48005741209965 -0.268098450874412
"134" 133 30.786009022052 8.79412332812284 8.81797157778291 -0.193602875873418
"135" 134 22.6375717036067 15.760907221941 10.7206860114358 -0.244083084217539
"136" 135 19.7478060111921 19.5711387053104 4.78211351955561 -0.214546054851476
"137" 136 15.0931460304998 23.9424524088604 6.38547124578149 0.167910359717771
"138" 137 13.4776585976372 29.4423571477128 5.73225538354569 -0.531085489753313
"139" 138 7.11644984309454 37.2162652164384 10.0448306844798 0.400091723698325
"140" 139 6.0984332450109 40.6749467980325 3.60538986474857 -0.399533458122311
"141" 140 4.06077793368189 51.9466589869974 11.454411151982 -0.107408449570158
"142" 141 1.03207141710335 63.2850796901096 11.7359638378928 0.082180051765275
"143" 142 1.26464979576761 68.6835254718747 5.4034534846596 -0.304080402476536
"144" 143 2.41785819070972 73.4653373722261 4.91890380598229 -0.193590934377295
"145" 144 2.26125459234859 78.7170518546655 5.2540488855818 0.266457463849332
"146" 145 4.15657830641917 83.9786220563419 5.5925283162705 -0.375561161766222
"147" 146 5.25822744916105 88.0986746763762 4.26479359706366 0.0844755520840239
"148" 147 8.61387110307556 93.6391501956683 6.47743879260404 -0.283295851138883
"149" 148 12.0132323036546 99.4586531651448 6.73960469046582 0.0159002164864692
"150" 149 15.2521804562613 103.769315102335 5.39190054359429 -0.115713607260289
"151" 150 20.1345965257498 107.538807179361 6.16822966452767 -0.268944836499394
"152" 151 30.0998611119916 112.004776242809 10.9202279257112 -0.23614993706367
"153" 152 43.1746639501376 118.642387915908 14.6631633005723 0.0484429099096919
"154" 153 56.6865714791426 122.679687035456 14.1021781740655 -0.179408781123346
"155" 154 69.8941557344198 122.960685083721 13.2105731050312 -0.269079217777306
"156" 155 82.587380049559 120.105721026526 13.0103329427925 -0.242510896707039
"157" 156 94.1359435141672 115.169933691908 12.5591128153489 -0.182658083090334
"158" 157 102.579765635205 109.188039602642 10.3480041025759 -0.212467554282512
"159" 158 104.781314773264 105.774007414341 4.06231884396604 -0.381683611749934
"160" 159 107.992136867516 101.606145447636 5.26122152113432 0.0836664343327492
"161" 160 111.00160095435 100.244163335206 3.30331187817978 0.489395377786801
"162" 161 109.04446605027 97.3771637193089 3.47132018550865 -1.7447914807104
"163" 162 105.098648258364 88.5612171591797 9.65869513950918 0.178143786726672
"164" 163 112.313358007241 78.9605436958586 12.0093699963764 1.06528475019484
"165" 164 119.578215222241 80.3982985369379 7.40576055090717 1.12172974121874
"166" 165 120.183643738607 75.7601666773674 4.67747911114442 -1.63637813669158
"167" 166 122.556453326334 67.4275746752624 8.66385103825968 0.147620517952716
"168" 167 123.505423763379 60.0484499092182 7.43989430054172 -0.149519445414222
"169" 168 124.145579172558 56.3357377211949 3.76749661433123 0.0428437194623542
"170" 169 124.399270283825 52.3664923034646 3.97734438615886 -0.106916369626877
"171" 170 122.847609387955 48.477077145108 4.18750543997587 -0.443423530462886
"172" 171 120.986862920301 45.5737431768173 3.448438131722 -0.190355185939745
"173" 172 120.406469361995 41.7594003671049 3.85824672001775 0.418948789143356
"174" 173 118.008579413578 38.7758115205283 3.82775111653529 -0.52598626213925
"175" 174 115.806911492307 36.346523367666 3.27853359982631 -0.0592969851916313
"176" 175 116.166747010897 33.5956542479055 2.77430396937518 0.866355233918634
"177" 176 114.194093984199 31.0800340039994 3.19682736088355 -0.795077982785267
"178" 177 111.344102904911 27.8516657276355 4.30636864188949 -0.0582199450563402
"179" 178 108.931300866737 26.6375394159937 2.70105838071703 -0.381362070519602
"180" 179 103.144242631342 28.0276728273264 5.95168160448372 -0.701953241414326
"181" 180 93.1618133974918 31.1273822507686 10.4526117271526 -0.0653293772609467
"182" 181 80.2938835837422 31.5927498751317 12.8763420550011 0.264927693694567
"183" 182 74.336002995724 42.683775380717 12.5899637754295 -1.04169956667694
"184" 183 76.6206342862107 56.8440614552838 14.3434041233955 -0.652909876157939
"185" 184 84.4313848841604 71.7068012972688 16.7901417657476 -0.323896683359047
"186" 185 96.8817488741062 82.169461425476 16.2628048146842 -0.388072521215721
"187" 186 101.445049019332 97.1102391922006 15.622117285761 0.57550428485049
"188" 187 91.1908199188222 95.0905055272127 10.4512457880978 2.06170000599618
"189" 188 77.102141165213 87.7472239766224 15.8875628386999 0.286001566482862
"190" 189 60.525491446932 85.8551861315186 16.6842777215525 -0.366831125074036
"191" 190 52.6054628142136 101.915621772162 17.9071060339278 -1.22629941531306
"192" 191 46.0448058267626 115.11390773009 14.7389610330653 0.00316826902118555
"193" 192 46.2700202590659 112.956670121616 2.16896188070063 2.78430317694661
"194" 193 56.0872225899413 111.558264890682 9.91629965235265 1.32528118474818
"195" 194 65.7402264212459 121.137546545772 13.599379397411 0.923057448061626
"196" 195 75.4846174472494 109.806300839323 14.9449083546061 -1.64211461619778
"197" 196 91.2277739663198 108.308383834862 15.8142572552809 0.765688073795804
"198" 197 99.8282958885362 105.962174202897 8.91480100572342 -0.171456749435874
"199" 198 110.765127475696 100.212545695028 12.3560719140186 -0.217686986222751
"200" 199 115.979281422422 90.9796419889907 10.6034858525446 -0.572704509897748
"201" 200 120.36651694994 82.6005668930951 9.45815706343347 -0.0317421160446971
"202" 201 121.065194562855 79.6003007346435 3.08054336576166 -0.253550094896579
"203" 202 121.762431528317 76.7636460643379 2.9210869731272 0.0122233336846468
"204" 203 122.439326948995 75.1714632886689 1.7300963561812 0.16096888272803
"205" 204 123.209380116073 72.6951367317955 2.59329425565308 -0.10049981253924
"206" 205 124.235254568959 70.63229580092 2.30385136221472 0.16000780870679
"207" 206 124.535817453385 67.1416395779709 3.50357230756099 -0.375601346092767
"208" 207 123.99836727594 64.4163161049911 2.77781221928535 -0.280600722152458
"209" 208 124.33359327004 61.1161187077155 3.31717942356228 0.295937942904939
"210" 209 124.384018112289 58.1624425862107 2.9541065138995 -0.0841601117733655
"211" 210 125.012099525908 54.2841667205878 3.9288051557701 0.14348442567084
"212" 211 124.713246642952 51.0286924483731 3.26916285655872 -0.252098187850008
"213" 212 122.126650443904 47.9248948131892 4.04030192647802 -0.603213414572415
"214" 213 121.269238709996 45.308137296577 2.75364754138753 0.378119334598759
"215" 214 118.381391717578 43.2539753816845 3.54390200544701 -0.635880695426085
"216" 215 112.424055384046 41.9001503624866 6.10923058767889 -0.394819787591105
"217" 216 106.807228070017 36.056880994332 8.10509382946546 0.581696531126732
"218" 217 108.735159361294 26.7641450685111 9.49061958203604 0.97020601862518
"219" 218 104.466388750844 20.1478131410409 7.87389679250985 -0.777548676792284
"220" 219 100.338949008197 16.0074843462137 5.84620230221815 -0.210854995310852
"221" 220 96.9226636444785 12.2085708410607 5.10908499694317 0.0514222725864094
"222" 221 92.1074992253167 9.7719714233091 5.39655678244464 -0.369922436787738
"223" 222 88.1865360507239 8.72088724893105 4.05940022147866 -0.206546854659756
"224" 223 83.1543298196503 10.005872629178 5.19367759680022 -0.51191982825245
"225" 224 71.3108776707748 14.1081061584088 12.5337815016478 -0.0834288623435683
"226" 225 59.8065794715812 14.6388440656505 11.5165341914203 0.287337403760547
"227" 226 56.3370369161848 3.87623253016136 11.3080295634363 1.30504624471029
"228" 227 53.8445560017158 5.00143579832112 2.73469257937151 -1.68299506684813
"229" 228 50.1025051137004 14.48613217989 10.1961958739053 -0.77095943678059
"230" 229 49.5966438060158 28.7251122676855 14.2479629983814 -0.340275298392531
"231" 230 59.1657154152281 40.3805451880243 15.0803265224183 -0.722924887894551
"232" 231 72.5900176264331 50.2321978557935 16.6513347856599 -0.250287218893829
"233" 232 84.2982043168253 63.7213854350029 17.8616857301929 0.222867012696658
"234" 233 91.2602496410856 82.1719397180309 19.7203709003663 0.354017038703785
"235" 234 102.112930269219 95.5163174240744 17.2003806114229 -0.321968160205842
"236" 235 93.30004197941 93.8747614452802 8.96446908858349 2.43773815148936
"237" 236 87.6486038758416 91.224357087934 6.24206663661196 0.254366895712224
"238" 237 85.6936944140234 90.7402578533507 2.01395706826895 -0.195774836375965
"239" 238 84.6572463606901 90.7964239095729 1.03796878234848 -0.296887196019634
"240" 239 83.5762176028606 91.2875787500561 1.18737367857991 -0.3723194359815
"241" 240 80.4274005068006 94.6569185271099 4.61166994023608 -0.392759939211947
"242" 241 73.2355184644899 106.057906842455 13.4798257361566 -0.188811070499276
"243" 242 59.3502163665769 113.210047929431 15.6190504345915 0.532384021398871
"244" 243 61.4957567803943 117.98592805232 5.2356828222809 -1.51737786851565
"245" 244 56.808393057066 119.052588880876 4.80719710412944 1.76927161524309
"246" 245 48.9166154831649 118.01997345252 7.95904817794245 0.353858465765525
"247" 246 53.3231704039756 108.392729009606 10.5878025025843 1.86994143833345
"248" 247 56.5704079901522 92.2972064862739 16.4198172109248 -0.230177300070997
"249" 248 65.0023977140332 77.9051100066823 16.6802545478631 0.330894118817173
"250" 249 79.9891749495081 74.4987023539679 15.3690307112134 0.817329532102837
"251" 250 89.8580145743906 79.0148718971566 10.8531001508544 0.652668906980427
"252" 251 97.1972117301716 65.7833906652412 15.1306282249599 -1.49354136971477
"253" 252 113.777526368498 58.3657517077305 18.1639258204248 0.64369961784318
"254" 253 118.802771832552 56.8968097679446 5.23554031561746 0.136280688089568
"255" 254 110.840956784825 50.4698742575472 10.2321062792085 -2.1780756316207
"256" 255 105.699452650385 36.5528382559471 14.8364064326339 0.537781582852225
"257" 256 101.827945259451 34.9327028384082 4.19683312144115 -0.820577065181701
"258" 257 86.5444941691345 31.3750644263932 15.6920574909961 -0.167627940098435
"259" 258 72.9651723927462 19.6887185645723 17.9155982179997 0.48191061451016
"260" 259 72.8088358494983 4.47217584361362 15.21734580975 0.849907539953693
"261" 260 63.12619801949 1.64889437404202 10.0858511591008 -1.27680662895795
"262" 261 63.9548559884735 7.00334930670285 5.41819726989114 -2.00805465153193
"263" 262 55.4706284629969 19.4174539334656 15.0363596122289 0.753063835938622
"264" 263 52.1276378026955 36.3956056202625 17.3041388475343 -0.40510885189041
"265" 264 54.3741599948454 52.8013960927348 16.5588895456937 -0.330500922739486
"266" 265 63.7598098868036 67.8740948961802 17.7560320205219 -0.42084963118255
"267" 266 76.851390421511 81.4366389461409 18.850254162845 -0.210792607159917
"268" 267 92.829574473175 89.6173144068511 17.9506494752227 -0.329871983428278
"269" 268 93.4482591928508 107.439698348873 17.8331191932091 1.06290256216342
"270" 269 96.5962299098426 111.778244583517 5.36028945721957 -0.592989537970281
"271" 270 94.3092353274902 112.781489588895 2.49736756616341 1.78509045941403
"272" 271 90.3099451166605 114.996727091655 4.57182670101079 -0.0924430002021286
"273" 272 87.2152836417783 116.148044763689 3.30188764588631 0.149671035652504
"274" 273 79.7540366367521 119.054381443736 8.0073091465111 -0.0152757191873148
"275" 274 73.3453777918828 122.027928862353 7.06490569227125 -0.0629830478902223
"276" 275 69.9189176898361 119.804284290341 4.08475507387585 1.01007173700774
"277" 276 60.4767379313942 119.587193094748 9.44467507000283 -0.552658029311452
"278" 277 56.6307279855587 121.70408755321 4.39010645107042 -0.52614794493287
"279" 278 48.7034911994084 118.354480697258 8.60586713545671 0.902948965844915
"280" 279 40.7958017459034 111.259779797761 10.6238568018589 0.331471903881118
"281" 280 44.8883543183419 98.1364677377395 13.7466470814838 1.14183171327195
"282" 281 48.6559406363676 85.6524560442514 13.0401401306475 -0.00919504041339585
"283" 282 62.4178666841576 83.1223394576259 13.9925729759312 1.0958768220598
"284" 283 76.4279006155515 90.3313918267032 15.7559984392899 0.657049073048906
"285" 284 85.0226827270977 103.169063094978 15.4491450616937 0.505606407127849
"286" 285 95.0574228039468 97.8930209363732 11.3372231727748 -1.46489327329157
"287" 286 105.706867438308 84.2407463105451 17.3145971214852 -0.424283064733747
"288" 287 118.783406846225 79.7961351331994 13.8112436588677 0.580697804143186
"289" 288 117.195561187491 82.3217455764274 2.98328040031498 2.45969199388939
"290" 289 108.810043054187 87.4939150145313 9.85232211513769 0.456862981668925
"291" 290 100.264080389879 100.228274558246 15.3361465449554 -0.427054968366629
"292" 291 97.0424472480631 107.774360368077 8.20501865627239 -0.187559680319933
"293" 292 85.6500575652782 110.722974339814 11.7677893862334 0.914028631298751
"294" 293 72.0556380554563 119.231661939016 16.0376434200864 -0.305977702760683
"295" 294 67.208827496423 122.257478669696 5.71376753839514 0.00115430243062035
"296" 295 57.8996123368766 122.039673758634 9.3117627689934 0.58148122542059
"297" 296 49.2321402268941 120.295516429777 8.84121923521465 0.175185752501943
"298" 297 38.4080191123558 114.662766053197 12.2020274834577 0.28124702998827
"299" 298 26.1559626588914 106.198076675011 14.8917377632044 0.124753055272482
"300" 299 22.1134091378586 91.7847400493808 14.9695194196123 0.692770682132209
"301" 300 22.0047581717293 77.1188521458436 14.6662903636727 0.266039096755189
"302" 301 13.547431983519 64.2705676355848 15.3819628497258 -0.574741645136362
"303" 302 9.01327383681299 57.3272567738468 8.29265674088044 0.00365084394673602
"304" 303 19.3060662119811 47.158950186351 14.4684495968168 1.36998119033504
"305" 304 35.1787571738673 42.437646412413 16.5599827203215 0.490200139235555
"306" 305 49.3120817347976 42.7458452035007 14.136684534905 0.310917152911037
"307" 306 61.2830578291735 41.407747917046 12.045529170615 -0.133119460677181
"308" 307 64.9052528449442 25.5510578457737 16.2651442277239 -1.23490010964124
"309" 308 53.7415777217982 11.3039026411296 18.0999744110418 -0.889223263351209
"310" 309 39.8283662163405 12.27162363173 13.9468253846977 -0.975595164467454
"311" 310 27.8788924132988 23.8912790759455 16.6675228156995 -0.701963149358297
"312" 311 16.9563171289308 38.4012006326154 18.1615107968308 -0.154121923724292
"313" 312 7.77172626381005 55.8204609805817 19.6923167867545 -0.160046936035077
"314" 313 2.15380181451008 66.9646069326231 12.4801067350581 -0.0182883404104923
"315" 314 2.87944096704469 76.1878427028933 9.25173660745288 -0.545447099017289
"316" 315 4.00708381429584 83.3769600153081 7.27701766677934 -0.0770730440599926
"317" 316 7.18723076632822 90.988697861915 8.24935680413863 -0.240165825387138
"318" 317 10.4495577699448 96.1054559979213 6.06827745747609 -0.171840071371591
"319" 318 14.0927554138766 102.288767686591 7.17678427375327 0.0351530091003354
"320" 319 18.330258140408 107.223454358755 6.50442633210606 -0.17709408746573
"321" 320 23.420982209284 112.236751223934 7.14483148883464 -0.0835276132023064
"322" 321 30.2986084822931 117.285200591881 8.53162259900845 -0.144527409909233
"323" 322 33.3246537095586 118.438918117774 3.23852031752274 -0.268958161327898
"324" 323 36.6983875862842 119.927480030563 3.68753262211647 0.0512795567519205
"325" 324 39.5711092035776 120.632429729477 2.95795259739971 -0.174890016736356
"326" 325 41.5657831670602 122.180921414952 2.5251833043525 0.419490690051688
"327" 326 44.3933202231634 123.000304952063 2.94386738568935 -0.378069010387239
"328" 327 46.6442902665885 124.411817822774 2.65692203886015 0.278024587903879
"329" 328 49.7918623325309 124.52898060138 3.1497518992758 -0.522879494659605
"330" 329 51.1192006309683 124.306380222362 1.34587439504501 -0.203364170894899
"331" 330 52.9905809454673 124.697691155096 1.9118547349556 0.37229089491062
"332" 331 54.4818874927218 124.861821776267 1.50031132725517 -0.0965156686013359
"333" 332 56.259789056869 123.797257385324 2.07225271486387 -0.649135951741015
"334" 333 58.8989171561811 122.065942925068 3.15633440637568 -0.0410750382084119
"335" 334 65.6917080977175 118.990801187359 7.45644053704057 0.155491378303628
"336" 335 77.878923455937 118.999143648118 12.1872182135331 0.425787035672178
"337" 336 88.0753173918859 117.63200421868 10.2876391614685 -0.133970278044743
"338" 337 99.9357518702725 111.671771394638 13.2738193950685 -0.332384392132958
"339" 338 109.222929250078 102.676125685272 12.9295516323036 -0.303783710531754
"340" 339 116.787784995553 91.5414411363608 13.461361092163 -0.204579219437481
"341" 340 119.808987851621 85.9990304111754 6.31236749121643 -0.0976849832387454
"342" 341 121.397723398944 82.599319023523 3.75261484283423 -0.0619189908301455
"343" 342 121.946182710406 78.5695549228476 4.06691607036863 -0.301888345924323
"344" 343 122.989620591137 75.7708060589237 2.98693116999018 0.221589749695868
"345" 344 124.252622830765 72.2335272000206 3.75599738857055 -0.0139148786020044
"346" 345 124.337325001013 68.3734270764239 3.86102932154568 -0.321006325780869
"347" 346 124.933951311906 65.1775083910659 3.25113198721164 0.162619896146566
"348" 347 124.53923119599 61.1011803400513 4.095394284974 -0.281090690301932
"349" 348 124.560567055258 56.6147779791576 4.48645309378396 0.101286953117833
"350" 349 124.42805028805 53.1013703357931 3.5159058522724 -0.0424552131548376
"351" 350 123.089322948411 49.3212094766048 4.01021283864527 -0.30266364402556
"352" 351 121.565416015137 46.0531500520759 3.60589860416706 -0.0959655222694444
"353" 352 120.848917478148 42.9035058863625 3.23011277266294 0.212649780965996
"354" 353 117.092750912827 41.5573851936564 3.99009125030602 -1.00300002921942
"355" 354 112.245732587446 34.9158318468476 8.22215406721889 0.596230471180593
"356" 355 107.337081678313 24.4744845701779 11.5376161619177 0.190992115912298
"357" 356 103.93773801429 20.3806548763826 5.3211820968591 -0.253523283372548
"358" 357 99.1750285346047 14.6035777915301 7.48719047655499 0.00352777867376098
"359" 358 93.4960047816999 8.53412268460093 8.31201516367036 -0.0627259778023023
"360" 359 86.5399938930982 6.74095030735067 7.18342221067913 -0.566323938935273
"361" 360 79.2335733566011 3.13048693190591 8.14979919026078 0.206661688750728
"362" 361 71.7202602746607 1.27960964089883 7.73793384655249 -0.217419196738818
"363" 362 63.8898166783445 0.289038132751782 7.89284985463685 -0.115702785903565
"364" 363 55.9458653995467 2.08477220864059 8.14438596772166 -0.348148295510479
"365" 364 49.1681491578436 1.85770066384958 6.78151892569062 0.255804225138169
"366" 365 43.8728531940818 8.18266550786242 8.24895991151796 -0.907267265282724
"367" 366 45.900088874816 14.1538239593802 6.30590340541099 -1.0243135600417
"368" 367 47.0849551028867 15.4597915159824 1.76336588299758 -0.409523264140083
"369" 368 47.3435659176217 15.5138059342088 0.264191428464809 -0.628075036414212
"370" 369 48.0085825148402 15.7121111045382 0.693953899877667 0.0838970991667319
"371" 370 51.5080139341597 17.7547570430692 4.0519652872054 0.238553145517056
"372" 371 53.6232048307143 30.0305938284143 12.4567331716345 0.871812635759003
"373" 372 63.5394739300896 38.981791067112 13.3587546147571 -0.665873893864006
"374" 373 69.5728376298354 54.0578336789156 16.2384894114671 0.455828816044808
"375" 374 71.8181248884312 72.5772501113401 18.6550288091755 0.26002407727654
"376" 375 70.6334999316836 89.7077174029644 17.1713786842397 0.189693966246875
"377" 376 73.0108992768999 107.576227778455 18.0259726696132 -0.201315993890448
"378" 377 86.0376484140234 112.203378087934 13.8241351652847 -1.09722037149751
"379" 378 88.449492747135 114.698910334039 3.47054380155472 0.461146858318771
"380" 379 81.2178720844288 118.497598254812 8.16862089515148 1.85546943023288
"381" 380 71.7571422081941 122.588902688265 10.3074818340017 0.0755082653923703
"382" 381 60.3122675263647 124.042094700962 11.5367639963963 0.281867620846555
"383" 382 50.0473062255885 123.18676788399 10.3005346691453 0.20943018463702
"384" 383 48.0625619790313 120.978350075845 2.9692286775486 0.755557260346775
"385" 384 38.5940152381373 117.876904320767 9.9635507303462 -0.522151336782627
"386" 385 36.0750944324215 113.52876431316 5.02506552705734 0.729190256928132
"387" 386 38.2664082125688 101.890147615018 11.8431100108602 0.71116823538851
"388" 387 50.5667822436899 98.7781274544441 12.6879419444328 1.13689324239035
"389" 388 61.1127872293901 107.185277070362 13.4869709654482 0.920826156266375
"390" 389 73.0337966777357 107.912497228669 11.943170241866 -0.612096279544375
"391" 390 88.4307533896653 109.715102130856 15.5021179334445 0.0556171223353621
"392" 391 96.6507399970082 112.892802389856 8.81282921432971 0.252341182453216
"393" 392 105.478774321954 106.869835680873 10.6869227572733 -0.967602767347387
"394" 393 113.472980004609 97.0719381343518 12.6453991960998 -0.287712253881002
"395" 394 115.443700938584 93.5623777825259 4.02501613198243 -0.172715582146131
"396" 395 118.393689939766 90.4055406382915 4.32065456410399 0.239887719233488
"397" 396 119.426218646989 86.8663567539151 3.68672457591681 -0.467675913168211
"398" 397 118.259237261846 84.2788005803802 2.8385370359519 -0.707546711470037
"399" 398 118.815024552776 80.04018445527 4.27489955072683 0.554064003003451
"400" 399 121.717853035141 77.8219629777851 3.65334363579483 0.787914238124682
"401" 400 121.531060975329 74.9978950678803 2.83023865307561 -0.984341799625331
"402" 401 120.293721335528 69.9701950976823 5.17771922515615 -0.175262269796481
"403" 402 122.836104719549 61.4709805898362 8.87132236601332 0.531968852770419
"404" 403 122.92707900924 57.6560670034034 3.81599816474459 -0.266817386885756
"405" 404 123.491406463608 53.8841806035595 3.81386844150149 0.124670041892791
"406" 405 123.284982326909 53.5787525095361 0.36864243492977 -0.742847170214068
"407" 406 121.483994851655 51.7880686664395 2.53970559552643 -0.193932277186369
"408" 407 119.382630792882 46.5556438925 5.63861684479798 0.406378321533859
"409" 408 116.04702165406 40.9191609088519 6.549521261279 -0.152471600166794
"410" 409 114.667954823623 31.2316605250174 9.78516678496621 0.392954996572781
"411" 410 110.605490607783 25.7060997314869 6.85823866513699 -0.492564882094742
"412" 411 107.198954453335 21.5559084731885 5.3692249023506 -0.0533342581419688
"413" 412 104.051524718743 20.4116254277855 3.34898456583262 -0.534787455621378
"414" 413 101.584292129378 17.6820784635864 3.67935636759954 0.487127156477589
"415" 414 100.400080905203 17.3604763233209 1.22710397281018 -0.570652475125019
"416" 415 94.1448910000642 17.0156416257452 6.26468767920613 -0.210107187516849
"417" 416 84.0583572770368 18.508687699851 10.1964380606745 -0.202028611091085
"418" 417 79.4721272626768 25.1173483711767 8.04412217792238 -0.817170421618567
"419" 418 79.534212169115 27.1715123496742 2.05510198923662 -0.636884055384732
"420" 419 79.7364574516046 27.848074974283 0.70614455977989 -0.260260689095975
"421" 420 80.7449230566921 28.1701752274344 1.05865549151973 -0.971165618182986
"422" 421 82.0147515795955 29.3966782994425 1.76543883021307 0.458888969897288
"423" 422 81.1755819011597 29.8045738256406 0.933051182678857 1.92110645045039
"424" 423 79.7781458479564 31.6495681661873 2.3144830177476 -0.470121210330846
"425" 424 71.0386433788939 38.1318308366358 10.8811135797509 0.284382422600357
"426" 425 59.7274887542478 48.4837197650985 15.3330956864517 -0.102965133319932
"427" 426 57.2031597451689 64.4200164793276 16.1349865171937 -0.672554449002013
"428" 427 66.8352588358402 80.0837685568032 18.3883240681997 -0.708420630344593
"429" 428 80.6755482115247 93.7508878326951 19.4510606215739 -0.240368860334632
"430" 429 97.3323494623874 102.115239199692 18.6389753393614 -0.313730072490406
"431" 430 100.667809699363 108.935914373063 7.59255588145921 0.650596846184123
"432" 431 92.6169100569798 114.335089275788 9.69371315244765 1.43488159249391
"433" 432 87.9415674061389 117.178547222965 5.47211860252858 0.044327675434671
"434" 433 85.5881070120557 117.235791717259 2.35415648558987 0.522095016450454
"435" 434 77.3536248008753 121.232929301156 9.15334944983757 -0.427592576104401
"436" 435 66.9264303340951 120.050585521125 10.4940135916736 0.564819473236547
"437" 436 56.8483882032487 123.326048270769 10.5969613293351 -0.427148938711111
"438" 437 46.0951878512015 119.825595943339 11.308602226088 0.628948870570972
"439" 438 33.99244462008 116.6848105125 12.5036365446628 -0.0607988548687472
"440" 439 27.8190926424195 108.168284438547 10.5186259087581 0.689665838909975
"441" 440 38.0058619971437 104.18397330079 10.9382359239873 1.82518447415128
"442" 441 52.4579972956068 105.020120407041 14.4763032804779 0.430624990226897
"443" 442 64.84477580937 114.324499687116 15.4920546002299 0.586447437751289
"444" 443 79.0583849163235 115.509790765899 14.2629449549072 -0.561040533915523
"445" 444 86.880543062406 117.0338388755 7.96924593061989 0.109227744675528
"446" 445 95.2696720893653 109.719478892529 11.1300201163991 -0.909489836689954
"447" 446 103.793555346839 106.001876752216 9.29930919266062 0.305795372500486
"448" 447 109.784370000664 97.8303189008595 10.1323352656016 -0.526911755193441
"449" 448 117.163585467455 89.873085922736 10.8522061155074 0.115110224066676
"450" 449 121.615450397555 76.8118337557444 13.7991090120193 -0.419230937726513
"451" 450 122.555284983182 69.8658514643153 7.00927664179325 -0.194006467010834
"452" 451 122.077630138188 68.6850079547972 1.27379179810409 -0.5188717624101
"453" 452 117.170690178656 62.7769420792408 7.68005873391367 -0.308710676298407
"454" 453 118.199104123287 51.5600120417749 11.263975972405 0.784521460158662
"455" 454 119.362393357334 47.6644265135161 4.065566190585 0.198759307462301
"456" 455 115.156226840186 41.4045003472975 7.54178442919768 -0.881818156255317
"457" 456 114.043772518478 30.3220225759862 11.1381716708577 0.491585928329752
"458" 457 109.613909510429 25.344587423743 6.66322346652632 -0.627212155673274
"459" 458 105.782956571257 21.0555379657062 5.75083869323685 -0.00178548783409482
"460" 459 102.807169556715 17.4766307055898 4.65444792993037 0.0353990442255986
"461" 460 99.5763795034695 15.5941257957988 3.73922841018538 -0.349569166931427
"462" 461 95.3837985292204 13.7631227635055 4.5749652818248 -0.115824727782182
"463" 462 89.7466147756632 14.5131101411233 5.68685517117816 -0.54402556455798
"464" 463 78.9170022719918 9.68936380113989 11.8553378582046 0.551306420041531
"465" 464 73.7073790903122 3.7540246164682 7.89736822822598 0.431382179924569
"466" 465 59.8687369776474 0.967163729643738 14.1164658865075 -0.65169785051895
"467" 466 48.1615404887043 2.04661939624382 11.7568564747077 -0.290669052640038
"468" 467 36.6053105247584 5.7393657093361 12.1318929401993 -0.217346520531277
"469" 468 26.8554248483857 11.479525480593 11.3141373909765 -0.222808863031325
"470" 469 18.6407291066864 19.0016969993156 11.1384150796141 -0.209320186098198
"471" 470 13.209470462015 25.9563935682323 8.82419258805133 -0.166360643608114
"472" 471 9.5388075003725 30.6169988071808 5.93253805476945 0.00411453299327791
"473" 472 7.67792561112529 33.2758304268086 3.24534543419663 -0.0564799913462575
"474" 473 5.13176909530605 39.1772158501232 6.42722824532937 -0.203328487449986
"475" 474 3.71239372577571 44.2614830382965 5.27867400777548 -0.135082715792101
"476" 475 1.74257890298752 48.0997912696002 4.31425318155645 0.201911765979655
"477" 476 0.613907090866995 53.7678211435787 5.77931334258561 -0.277592359082391
"478" 477 0.408354916574676 58.8840272603923 5.12033365378444 -0.15640329314687
"479" 478 1.04208861393827 63.8792448069722 5.03525736550116 -0.166349000791363
"480" 479 0.435231110789837 68.4963842703972 4.65685009999717 0.256880617613039
"481" 480 1.06059689172864 75.5918893506647 7.12301022771072 -0.218595034649166
"482" 481 2.53687011280878 82.0700303219601 6.64422253294201 -0.136150693078235
"483" 482 6.35913329362301 91.1941696545895 9.89240185115039 -0.17264857197966
"484" 483 12.1610900832639 95.3146074532244 7.11622865296491 -0.556562700051565
"485" 484 21.0169031708633 98.6573282286746 9.46568579792949 -0.256599840504335
"486" 485 33.2174942969583 98.2956799934727 12.205949912734 -0.39055937146398
"487" 486 45.5338751130536 91.6187266314135 14.0098159376273 -0.467139810081557
"488" 487 52.8505687693985 88.1847991755836 8.08244169992584 0.0579628589845435
"489" 488 54.6753505631419 87.3150882103625 2.02144150491751 -0.00595176177663732
"490" 489 56.4959797554937 84.7094302154811 3.17870165984999 -0.516167052037973
"491" 490 57.1201445093036 81.8858379792812 2.89175634454677 -0.392312495013674
"492" 491 64.7302049307231 79.1832118829132 8.07571714675708 1.01199617535623
"493" 492 73.6791205725204 88.4538137578689 12.8851523191593 1.14429773188152
"494" 493 82.3803355444153 100.876532947079 15.1669078602433 0.156731000097669
"495" 494 86.8631830461389 105.026558571324 6.10889796981359 -0.212919067288489
"496" 495 97.7989763762621 95.4636125904536 14.527267863993 -1.46539013809955
"497" 496 106.02830458889 93.1934595836747 8.53671116445595 0.449358984007416
"498" 497 110.402296597854 78.3564671071621 15.4682950528678 -1.01494732556716
"499" 498 118.028430893108 61.61597814994 18.3957031617744 0.140777694913245
"500" 499 121.65020784812 54.6615970460553 7.84096198498154 0.052681550110994
"501" 500 113.239755180931 46.7877350558991 11.5209989457106 -1.29847911476696
"502" 501 101.805063668092 33.7483715681484 17.342928534693 0.0984119991383473
"503" 502 97.7620886572976 16.8028401202713 17.4211561897854 0.485717593675396
"504" 503 95.5796671255051 16.741447677452 2.18328485875453 -1.30846528496696
"505" 504 85.1604258298585 9.60394700037379 12.6295092973639 0.572485673030306
"506" 505 75.4974236179097 3.39860966672311 11.4838940770336 -0.0297541032758877
"507" 506 68.3238629546092 1.41337742165102 7.4431928402351 -0.300868694921627
"508" 507 63.7616950177391 1.10033047861879 4.57289565513442 -0.20147525072766
"509" 508 61.1946645991281 0.110242428786031 2.75134867228706 0.299602419996947
"510" 509 54.8645253978795 0.794289740053341 6.36699167827603 -0.475757316777962
"511" 510 49.6718446511214 1.66932483015252 5.26589211308564 -0.0593004695801996
"512" 511 42.2371556352866 3.79829188300935 7.73350512215029 -0.111948012657157
"513" 512 32.8023375625815 7.26177324816579 10.0504475140079 -0.0729302026311739
"514" 513 25.3342366554465 11.659398988359 8.66669737039211 -0.180361110514648
"515" 514 20.1505508554007 18.4755012381258 8.56328490433851 -0.388421234201373
"516" 515 14.2201612096658 25.2750479415047 9.0223808787742 0.0670363082898829
"517" 516 17.2941454493886 34.3643719423519 9.59506070321817 -1.04334899948069
"518" 517 29.2204343621592 39.6038973556132 13.0264728068302 -0.830732849704962
"519" 518 44.1325992097218 36.2539868172233 15.283800609014 -0.634916250699361
"520" 519 56.7062396290158 28.1953170357217 14.9344766242742 -0.348989583779947
"521" 520 71.7977149813507 35.1204025436278 16.6045005225072 1.00017300221499
"522" 521 83.88783489882 45.1408255467672 15.7028620569829 0.261854362391216
"523" 522 89.0339873895187 59.6332931491604 15.3790280142778 0.537529496060364
"524" 523 99.2534733979086 72.7234377780973 16.6069196626635 -0.321658357646226
"525" 524 102.101005889562 89.9609869748314 17.4711632011395 0.499146776377317
"526" 525 111.6615635272 88.3289343788005 9.69885859360881 -1.57615832695852
"527" 526 119.28445851893 80.0612994424173 11.2455464738823 -0.656872704309655
"528" 527 118.002378118217 83.1121007151491 3.30924743100235 2.79458133378261
"529" 528 115.012603481937 88.8012619825209 6.42692059246941 0.0860202292225915
"530" 529 111.170470648662 98.8459838816409 10.7544605973145 -0.118523402828557
"531" 530 105.351789442257 101.581950595738 6.42981841442063 0.765936363244278
"532" 531 98.4930611056157 110.739352856687 11.4411612419665 -0.488419236299221
"533" 532 89.8762124456606 116.734295480755 10.4971147414151 0.320097191010131
"534" 533 78.7423818811778 121.659768523957 12.174664994895 0.191344160923282
"535" 534 65.4454585894952 123.568949462043 13.4332848134491 0.273899759817579
"536" 535 61.5804096627034 124.194237796908 3.91530186680583 -0.0177845061800343
"537" 536 58.8380811468581 123.526374189564 2.82248250425642 0.399278952129005
"538" 537 49.4817636537688 123.329419514154 9.35839025557578 -0.217841083090486
"539" 538 44.82993531616 120.86778839036 5.26299673876105 0.465666918721389
"540" 539 37.9520960549357 119.263002983026 7.0625780779282 -0.25748835810537
"541" 540 29.2822806381233 115.69520606593 9.37522662143362 0.161171349900888
"542" 541 21.1179762628101 107.438156724357 11.6118357619248 0.400648680329001
"543" 542 11.8850777814799 98.3826782574517 12.9324438769763 -0.0153487071067512
"544" 543 5.27805761472632 86.2475676153759 13.8171496980857 0.296523150997879
"545" 544 2.56627259416728 72.4356848585638 14.0755775471435 0.304704878919374
"546" 545 7.50302100741573 58.9152918782735 14.3934885013048 0.543963729391191
"547" 546 19.8877273534679 53.1218444683663 13.672782605209 0.783154090206464
"548" 547 32.8297009920572 53.3348068520215 12.9437256861691 0.4540032663533
"549" 548 46.0605693713386 59.368949360782 14.5418965023789 0.411432843719888
"550" 549 62.1250536638215 55.2194818852292 16.5917369770046 -0.680662225585695
"551" 550 81.065196160226 54.2911052094489 18.9628816648799 0.20379854420898
"552" 551 100.386780356722 52.360902249363 19.4177573197679 -0.0505912955070849
"553" 552 115.275658351671 59.3945961832152 16.466679638093 0.54090360216813
"554" 553 122.09090840588 57.4677026087552 7.08241146423295 -0.716876023009845
"555" 554 121.461823767263 47.9839316147899 9.50461255120494 -1.36149117861418
"556" 555 116.066032328894 35.9027561658498 13.2313780640736 -0.353810526815617
"557" 556 110.204128480107 25.755407814088 11.7188137328156 -0.103798583476445
"558" 557 106.343377001593 21.3049109767388 5.89171656464406 -0.190714569168357
"559" 558 103.597989734475 21.2331848984067 2.7463240662324 -0.830116835959031
"560" 559 93.8051256563231 16.7475495189264 10.7713096516074 0.403409197187477
"561" 560 93.5388434935104 10.8451920287487 5.90836103603095 1.0961830653305
"562" 561 94.127663196723 14.1310008721285 3.33815044569955 3.00935787648548
"563" 562 99.7688697302645 19.2519917708296 7.61890798859332 -0.656379125631219
"564" 563 102.627472080964 24.1013561149083 5.62920437904383 0.301049725817828
"565" 564 109.400991170159 33.4070841527877 11.5098712054767 -0.0965498304535992
"566" 565 116.547041271536 40.787979043942 10.2734435047678 -0.140035439753831
"567" 566 122.369051049537 55.2809592686597 15.6186514670506 0.387251713891278
"568" 567 121.539142166343 71.3276471575473 16.0681343334494 0.433654059534657
"569" 568 117.730641863967 86.1542851991908 15.3079675388704 0.199760515333319
"570" 569 110.346885933128 99.1992837093103 14.9897244062462 0.263628018398924
"571" 570 102.220037230796 108.062479955358 12.025053743188 0.227024440927693
"572" 571 92.6686131054978 115.535479127317 12.1274654996589 0.164796551912589
"573" 572 80.6487728956528 120.383357779419 12.9606514533689 0.280546655578603
"574" 573 66.6793209822421 123.854481380479 14.3942448851939 0.13982061917545
"575" 574 60.6948929478707 121.034057573996 6.61575160860419 0.68396723859168
"576" 575 48.1352211949265 121.071731303998 12.5597282554853 -0.443419636491635
"577" 576 42.9131906130888 116.04180850635 7.25049837927975 0.769661274650655
"578" 577 29.7866852759994 111.762844915443 13.8063272370659 -0.451544691104557
"579" 578 27.0334989088793 113.303188234623 3.15478885395478 -0.825206791421608
"580" 579 25.1272913578672 112.16872868066 2.21824834207374 1.04692777271351
"581" 580 19.1631504323491 107.191551975989 7.768092747191 0.158598403927138
"582" 581 13.3255215351137 100.5268325886 8.85981916601482 0.156020320698462
"583" 582 9.60915522536012 94.8235394365604 6.80727047548203 0.141828060404869
"584" 583 4.76914087530555 85.1244527339893 10.8396504451355 0.114650217963714
"585" 584 1.44377419766099 71.8421427496338 13.6922540898604 0.217543336314498
"586" 585 1.02966209509611 65.9960284853771 5.86076281931259 0.174600668983699
"587" 586 1.18534129680361 58.8581140949965 7.13961188428654 0.0925240471566027
"588" 587 1.94687613446069 54.5509231856631 4.37399460886847 0.153190207985119
"589" 588 3.79275635497389 45.513977717535 9.22353821385275 0.0264907415560843
"590" 589 8.63457966651933 38.628671517672 8.41728545589949 0.411390100390805
"591" 590 21.3115218965118 34.2828175891908 13.4011682576655 0.627658346086162
"592" 591 37.0890945768796 33.1366525785594 15.8191495952179 0.257742389605844
"593" 592 52.6035270483368 37.6669783741566 16.1623471911 0.356625722581146
"594" 593 65.0464915817314 47.5317391287899 15.8789442698647 0.386226286013693
"595" 594 76.2413593992816 59.6759941817496 16.5169003219054 0.155719489655246
"596" 595 84.5979456287133 71.4595985624597 14.4459636442509 0.127888371806123
"597" 596 99.4921597664495 80.2820437206639 17.3110702543274 -0.419173627375828
"598" 597 108.873516974069 93.1743997468085 15.9443628584472 0.406973018679439
"599" 598 115.246555700192 91.0660871850166 6.71271960257999 -1.26122601649855
"600" 599 120.649383205935 79.9846043260994 12.3284146348706 -0.797669974841517
"601" 600 123.22328226422 68.4139807699609 11.8534503770045 -0.234754644308237
