"time" "x" "y" "speed" "angle"
"1" 0 45.2519649929245 102.735907602406 NA NA
"2" 1 57.940740738379 103.231661848656 12.6984566854051 NA
"3" 2 61.7469031459139 119.467729115708 16.6762331649794 1.3014776036204
"4" 3 74.6431254707097 128.106575287693 15.522313404702 -0.750308145626189
"5" 4 85.8315219627195 123.888613613224 11.9570655576401 -0.950737841784926
"6" 5 95.8005699396317 119.671648094498 10.8242651368167 -0.039662416666086
"7" 6 104.01669111886 114.066677685596 9.94587052582263 -0.198493528277868
"8" 7 113.214564435558 106.896890376592 11.6621920583726 -0.0634445048110074
"9" 8 121.017026486225 96.0197877755362 13.3861785079242 -0.286416137777399
"10" 9 127.266800192561 79.3453882524273 17.8071690854178 -0.263655497081263
"11" 10 128.622426854155 60.7988006013646 18.5960650984065 -0.285642997182578
"12" 11 122.879825549868 41.5059491497722 20.1293712488294 -0.362266739093013
"13" 12 115.526442712883 29.1074324940835 14.4151120151269 -0.246016496792849
"14" 13 96.7165105220169 22.2297649420673 20.0278770712486 -0.68493670414877
"15" 14 76.5969169293748 18.9322400801799 20.3880287558129 -0.188087804146256
"16" 15 61.4943880250781 26.6899154915094 16.9784542020958 -0.636973459286139
"17" 16 62.3628871014395 45.716122542265 19.0460191479444 -1.14189059678283
"18" 17 80.2341257876922 53.8763861655754 19.6461465581151 -1.09683970759884
"19" 18 101.724387295237 54.4767807079663 21.4986467776273 -0.400410052817104
"20" 19 123.136162907107 53.7040896723526 21.4257132037554 -0.064002263991861
"21" 20 122.749882662224 57.9170821516012 4.23066402090638 1.69830008796245
"22" 21 112.037994564615 74.1948276134403 19.4861372246047 0.490594877465252
"23" 22 112.82125890792 94.9554562628953 20.7753990323186 -0.619737559264585
"24" 23 106.120822789691 112.88113670264 19.1370285938632 0.395419699986739
"25" 24 93.9826547883606 120.496978264203 14.329555649752 0.652742814836335
"26" 25 85.4151655835719 124.443396791425 9.43271384417943 0.128688003320539
"27" 26 74.4309286882656 128.060757335846 11.564547439504 0.11351946098475
"28" 27 62.518112226718 128.511366735372 11.9213357002251 0.280329242656942
"29" 28 52.7285770685443 126.909776138545 9.91968200362104 0.199973243713355
"30" 29 44.068872552447 124.146849142973 9.08978811023543 0.146680339142451
"31" 30 40.1534917721462 122.623495439106 4.20128708395811 0.0622018126966015
"32" 31 39.8269595838007 117.657997419055 4.97622285043157 1.1340828410592
"33" 32 37.4326546191157 109.053525250243 8.93138497478243 -0.205731457581002
"34" 33 35.2386893836618 93.5907569351458 15.6176402641617 0.130450971212697
"35" 34 16.5242337229021 86.8123101003866 19.9042254853133 -1.08234501811383
"36" 35 5.38088101798692 85.2373968109601 11.2540953157219 -0.207102977817969
"37" 36 0.896394682588006 71.2243016677238 14.7131727776769 1.12067204709578
"38" 37 1.19562442750801 55.5449346609834 15.6822220419271 0.328804081966671
"39" 38 3.79416159857459 45.5538019423358 10.3235230629396 0.235365074009885
"40" 39 7.3845831666865 36.4084051680536 9.82493812681857 0.119657977674802
"41" 40 10.7718792890341 40.9628754292187 5.675999857321 2.12801140743805
"42" 41 23.810726531522 37.1307407093124 13.5903198610057 -1.21717246396505
"43" 42 40.4411072001897 26.3005621428756 19.8459650550358 -0.291386038224088
"44" 43 59.0139434697946 16.1244221351178 21.1779147357581 0.0760054511583351
"45" 44 72.7568554660891 20.9214548492502 14.5560692839225 0.837065672445489
"46" 45 91.9219646168381 25.2496404099755 19.6477632062328 -0.113722027259248
"47" 46 102.582743186531 40.8169921047029 18.8678201840954 0.748222803687834
"48" 47 119.19162433234 58.1420126270762 24.0002347700237 -0.163834532317927
"49" 48 123.943551234219 67.0387487000839 10.0862640275556 0.273727567260503
"50" 49 119.392997888413 86.3076672599479 19.7989585135103 0.72248101793066
"51" 50 116.680546995642 102.165685282999 16.0883226429954 -0.0625046181538074
"52" 51 104.177734232894 115.057235249131 17.9586298895428 0.600684725426667
"53" 52 90.9398022489422 121.936754772285 14.9188012950506 0.321435764190942
"54" 53 78.1573596876845 127.259324782242 13.8463204261182 0.0847079411998979
"55" 54 63.3441064589362 128.343127583251 14.8528482026344 0.321527005784255
"56" 55 51.4955861926018 126.544936091467 11.984194805779 0.223649995972799
"57" 56 38.4020636958006 122.352753514127 13.7482626588232 0.159243460498961
"58" 57 28.4999882181022 116.441654577861 11.5322239572583 0.228318740781845
"59" 58 23.6193282277003 112.396816638182 6.3388923243876 0.153848228535033
"60" 59 14.9021517437359 104.61303001325 11.6865948879497 0.0368664408008532
"61" 60 7.51070431774506 93.0500559787701 13.7235514198488 0.273134064389533
"62" 61 3.41118912978853 83.0632623769708 10.7954653082313 0.17924991157151
"63" 62 3.83014915868646 82.2499395398948 0.914888814623725 0.865191201502208
"64" 63 4.92254642848858 87.9043272710837 5.75894368870642 2.47507776408966
"65" 64 10.0125602443543 96.342750002462 9.85470541615248 -0.351921962537709
"66" 65 18.1307666088822 107.377581460534 13.6993715142382 -0.0915137077979713
"67" 66 33.1534241592768 119.035732098207 19.0155913967226 -0.276559079770249
"68" 67 49.9042801962071 125.316232283002 17.8895461245157 -0.301243512371548
"69" 68 62.6109820562353 127.987573474047 12.9844651764566 -0.151501305652069
"70" 69 78.2750371444765 127.589376076659 15.6691155772986 -0.232628936911985
"71" 70 88.6450965111072 122.558121979423 11.5261289710984 -0.426298726959323
"72" 71 94.1553187248047 120.557011905854 5.86233659651732 0.103361286700089
"73" 72 103.704497124042 115.583058626279 10.7669410385612 -0.131856803303346
"74" 73 113.41011896472 106.648414992538 13.1919275383167 -0.263850959729166
"75" 74 122.474849590733 92.5639392299009 16.7493820432424 -0.254874477102092
"76" 75 126.898628443153 80.3986918171368 12.9446152491636 -0.223086210862622
"77" 76 127.988996115614 64.4854699711406 15.9505338838875 -0.280362142467829
"78" 77 124.262452595852 45.6983217787414 19.1531737267704 -0.264226963764182
"79" 78 116.562030952151 29.7601543683029 17.7008947201533 -0.254257393528467
"80" 79 102.121843911302 15.5245034786253 20.2773952476023 -0.342459059380351
"81" 80 85.7808568025487 22.5531902417688 17.7884877744797 -1.18447014841429
"82" 81 85.0477881289468 33.1846857407622 10.656739005218 -1.09574818404271
"83" 82 99.8791277069249 38.2433676008487 15.6703189450269 -1.31093311174233
"84" 83 121.104773993852 42.4783873195369 21.6440165476607 -0.131769245794381
"85" 84 127.145656282957 56.8509970260341 15.590515341262 0.975971398315798
"86" 85 127.649591752598 74.9519623466221 18.1079788075503 0.37005431620024
"87" 86 122.273564613139 93.5350009784813 19.3450508553832 0.30944238758622
"88" 87 111.367272513125 108.90555029756 18.8467767467289 0.335502464928127
"89" 88 96.6055143458692 120.380115365079 18.6969288300858 0.292928555301381
"90" 89 90.117595828813 123.1373920021 7.04951495757121 0.258896920204972
"91" 90 79.2509233085667 127.332334111957 11.648266436141 0.03344704564582
"92" 91 66.0969601321724 128.020402861568 13.171946927092 0.316150794017129
"93" 92 55.3717471640625 127.602947003444 10.7333341793123 0.0911644357071844
"94" 93 50.6524279057303 125.621987228996 5.11821999234574 0.35851684435668
"95" 94 46.0945050133161 124.477567297739 4.69939975659132 -0.151421744786685
"96" 95 37.2680311872289 121.747129832032 9.2391519609075 0.0540109069448558
"97" 96 34.502665757647 119.675776168394 3.455105202305 0.342873579826552
"98" 97 32.0678947235237 115.52613489078 4.81119867823818 0.397299202421856
"99" 98 24.5210722870945 112.758684658967 8.03824045874182 -0.688704268414621
"100" 99 20.7955228628381 108.966732776849 5.3158835191218 0.442753250196941
"101" 100 24.1648260164329 107.581355936717 3.6430032569298 1.9572580297855
"102" 101 25.4426245279823 107.253296979029 1.31923906697627 0.138793803589145
"103" 102 29.7868385355718 106.821908614944 4.36558028953831 0.152332498466745
"104" 103 38.4508996485733 107.135476191058 8.66973353654043 0.135153304456806
"105" 104 48.5495231863001 102.663497544447 11.0444914039748 -0.453051772552822
"106" 105 44.7493326059094 93.1138215179945 10.2780231882152 -1.53264909645495
"107" 106 33.3449741093382 95.0053892797937 11.5601652806434 -1.356434947111
"108" 107 25.6883765272395 102.765709867849 10.9016541021807 -0.62775873382075
"109" 108 25.468099141038 111.741548433108 8.97854108842146 -0.754134172504934
"110" 109 34.0748843655168 117.474082533341 10.3411169179462 -1.0077582144619
"111" 110 38.2281727313048 117.3919523469 4.1541003378487 -0.607346496075589
"112" 111 50.0234670182878 118.404273980948 11.8386554307191 0.105386560440194
"113" 112 63.6515447459281 121.262702974308 13.9246227546994 0.121134102492637
"114" 113 73.7707501861183 122.878218790858 10.24735136971 -0.0484360001467994
"115" 114 88.6468094989001 112.583608752438 18.0907749010521 -0.763666272232106
"116" 115 99.9131910611501 97.0299955708692 19.2053699914396 -0.338555412836254
"117" 116 112.713024133458 84.573504742544 17.8605680322629 0.172104489813069
"118" 117 124.108405802385 83.3650478352232 11.4592797102337 0.666151622381534
"119" 118 128.143180467717 68.6940847966918 15.2156683414816 -1.19676058023713
"120" 119 126.580722476373 51.469662781629 17.2951435012172 -0.358846866861836
"121" 120 119.713556814188 33.6251613372894 19.1202561705887 -0.276899818283194
"122" 121 107.56718767143 19.4522628001795 18.6656190975638 -0.34118784079648
"123" 122 88.9271469656876 17.595926854201 18.7322476135693 -0.762983147165318
"124" 123 87.6641188980345 32.7219465479503 15.178659745688 -1.58675055370371
"125" 124 100.227801699209 38.8406241426748 13.9744173773618 -1.20089924695108
"126" 125 113.169393316178 39.0117895946462 12.94272348435 -0.439978956851111
"127" 126 123.860292348169 46.8507847208836 13.2568912910007 0.619462932234811
"128" 127 128.014803563245 63.9297815023721 17.5770331540418 0.699489965531648
"129" 128 125.657452076715 83.0986201236875 19.3132462346721 0.360982123371199
"130" 129 117.794372541624 99.7734363250277 18.4357672778663 0.31826919663751
"131" 130 105.874482798985 113.829177613451 18.4295315904595 0.262724402751556
"132" 131 88.0147956770701 123.00993171199 20.0812019040335 0.392615279507563
"133" 132 73.1100704951056 128.111158447878 15.7535185581132 0.14506447633131
"134" 133 69.7501946407564 126.21426182375 3.85836527032696 0.843722182034574
"135" 134 56.3559439118127 121.107027543254 14.3349152277116 -0.149680222726364
"136" 135 41.0152714637218 121.714885241896 15.3527105796147 -0.403886118106877
"137" 136 29.3523001909058 114.136103051755 13.9090919328377 0.615848880182965
"138" 137 20.6639648838286 107.754208166183 10.7803410307232 0.0572847841558889
"139" 138 12.2093349037224 99.9844211636529 11.4826111213953 0.109682114743884
"140" 139 5.36370023638203 88.5471424067674 13.3294433252629 0.288240677436842
"141" 140 2.16599384486698 75.5789376812984 13.3566335567018 0.29758535161901
"142" 141 0.686102924355064 58.6179146567323 17.0254626714364 0.154725683942591
"143" 142 4.10524504980687 43.9033124145759 15.1066227866758 0.315344387442232
"144" 143 7.97650324934878 35.1528446030897 9.56855929423945 0.188208372972834
"145" 144 10.4321724528395 35.1634186730156 2.45569196926808 1.15858156764526
"146" 145 16.9220042331921 38.2243916647897 7.17547714048654 0.436411059162857
"147" 146 26.1357406850041 34.2909101310898 10.0182441764716 -0.844208496349838
"148" 147 33.2514592377548 23.4506282428121 12.9670799310902 -0.58643349782774
"149" 148 41.8251707895575 16.3542477047058 11.1295618294311 0.298526089413655
"150" 149 60.9177897732579 6.26001427539936 21.5967971741664 0.205057168005266
"151" 150 76.6127268992345 2.85683307881055 16.0596604461357 0.272814155011404
"152" 151 93.3028513823426 7.8844055622601 17.4309133535218 0.506112763911082
"153" 152 105.580008068452 15.8339490794011 14.6261347739655 0.282035398571821
"154" 153 116.575228700485 27.7523373993184 16.2155128470059 0.251044845706503
"155" 154 124.117846094684 40.4105536374659 14.7350437897884 0.207755660366204
"156" 155 125.780471800646 46.7365952053055 6.54088114524021 0.280365259939637
"157" 156 124.186496450917 42.5666912155327 4.46417480610528 3.03348479970378
"158" 157 121.161902982951 36.6684269989887 6.62855085328816 -0.108712387097507
"159" 158 114.224456825695 26.0175157148307 12.711021609919 -0.103491821235507
"160" 159 103.43692557498 14.4220119112757 15.8375041892154 -0.171994261007873
"161" 160 85.918302815466 5.10605283753528 19.8416036865412 -0.33273702429912
"162" 161 68.2819058258547 2.55306710181671 17.8202198342769 -0.344984940840085
"163" 162 50.9635761184648 3.28025859024836 17.3335902603791 -0.185723123328425
"164" 163 38.0068007248608 7.64410410001128 13.6719119450565 -0.282902500085914
"165" 164 24.0538743536154 17.0050054155212 16.8021018851842 -0.266054317937942
"166" 165 17.531444170362 30.0139229932491 14.5524579380781 -0.515122287374604
"167" 166 25.2560915824407 40.1057750801519 12.7088809965653 -1.11805813100103
"168" 167 34.3406214008501 40.677823676045 9.10252281610059 -0.854603865984498
"169" 168 36.9382991309756 46.5451412791079 6.41664596536247 1.09111232567186
"170" 169 44.9761309148288 56.08720306984 12.4762848237634 -0.283243207090964
"171" 170 61.1476134094895 65.1070672430689 18.5168786726764 -0.361971424194114
"172" 171 78.6266800441307 61.9610989304451 17.7599236215211 -0.686862522289434
"173" 172 96.2310855236947 54.9926981395543 18.9334017511748 -0.198830467342738
"174" 173 104.664799742453 41.0876770313162 16.2627533813998 -0.648685556538008
"175" 174 109.09432095533 41.7787713773556 4.483109364097 1.18036666378758
"176" 175 120.724075837253 56.5093074159786 18.7680550563661 0.747718521585755
"177" 176 127.7421282772 68.205992002676 13.6405824791514 0.127883370448176
"178" 177 125.693259509748 82.6398310710216 14.5785312523979 0.681429065305633
"179" 178 117.22419543587 91.7191685205638 12.4160949903789 0.609628649346581
"180" 179 111.523040624167 107.499671544119 16.7787795105437 -0.403948750523838
"181" 180 94.9638082373131 119.635586282045 20.5301876213551 0.59165611871278
"182" 181 75.8091409858417 127.905675972639 20.8637403407217 0.224876594246815
"183" 182 56.3920419477137 127.401682409395 19.4236388086338 0.43352711593213
"184" 183 48.2530511289768 124.909117303612 8.51211209712657 0.271230391595447
"185" 184 39.8237388340622 122.139220153854 8.87274681175093 0.0203064762518861
"186" 185 31.4381673915033 117.752780504576 9.46354379791317 0.164464216761879
"187" 186 23.0530231241554 111.836649331796 10.2621270912892 0.132489076362754
"188" 187 13.0579448991623 102.424771396067 13.7289852138017 0.140915602970077
"189" 188 5.98257445742899 91.023059814976 13.4186397919517 0.260044877535963
"190" 189 2.84220494892379 81.7250034015084 9.81406000175127 0.229679801041314
"191" 190 2.45552588948071 78.2472004022329 3.49923340130115 0.214985463227109
"192" 191 2.27216992565222 78.1184685765865 0.224034132233768 -0.847941035646498
"193" 192 2.18056151848854 78.1943969541133 0.118984111447393 -1.30420365600294
"194" 193 2.0402085621753 77.9522066992905 0.27991975971159 1.73765374671454
"195" 194 1.69206890474607 76.4420007778953 1.5498139069231 0.298654420779863
"196" 195 1.19032309407983 70.4048056932417 6.05800902514069 0.143648065501548
"197" 196 1.11964171611571 66.5335147918144 3.87193609201712 0.0646627309670802
"198" 197 0.838209496833255 69.4668926783987 2.9468474544082 -3.02768826196099
"199" 198 3.59460925371324 76.8214860505897 7.85415707062208 -0.454231762998844
"200" 199 12.5227011990448 78.5205153600388 9.08831812706081 -1.02416022433175
"201" 200 21.0195591990305 80.7871017178395 8.793975755555 0.0726327004708217
"202" 201 29.8481655932767 75.7682332984828 10.1554581913048 -0.777604631058848
"203" 202 30.3833059621282 68.2669240060155 7.52037341597017 -0.982658384162428
"204" 203 31.00826034774 65.8738821089454 2.47330093301001 0.184230495796899
"205" 204 41.164765490552 66.3395287597045 10.1671738216345 1.36116194264666
"206" 205 53.0725415897883 71.8657029060797 13.1275943083875 0.388686843379018
"207" 206 67.7707285073406 77.3549676931861 15.6897650258464 -0.0770772738459449
"208" 207 83.7543058526931 75.9819375818203 16.0424423465252 -0.443116806466689
"209" 208 99.6121027162098 75.0104268715229 15.8875282666871 0.024504745598456
"210" 209 111.669394760903 84.2560864655652 15.1940946679929 0.715360821785629
"211" 210 119.896471890287 94.3241422503846 13.0019439077037 0.231513879952491
"212" 211 114.804630548418 104.404558595583 11.293433576345 1.15284597414908
"213" 212 102.226319512989 116.333817119581 17.3355449131655 0.344138821851744
"214" 213 91.6930888652479 121.962023025007 11.9425981089703 0.268188763673064
"215" 214 79.3833500072766 126.874091366093 13.2536065332777 0.111054005568906
"216" 215 81.1901669069831 125.875058695869 2.06461947710452 3.01618502485202
"217" 216 87.8356255053975 121.849645120906 7.76956076189252 -0.0395432299252773
"218" 217 95.7503027872891 119.624633505942 8.22148363516053 0.270577313394148
"219" 218 106.752708029541 112.520351273873 13.0967074926338 -0.299296930697426
"220" 219 116.6800574841 101.931946265215 14.5143579885684 -0.244260565940465
"221" 220 120.343187468731 95.9426704707563 7.02067986924315 -0.204271374757553
"222" 221 126.576861534663 81.7868314681835 15.4675941964816 -0.134107119569159
"223" 222 127.267134578152 65.6720630786032 16.1295454717231 -0.372000323162941
"224" 223 125.472201095813 60.3948313344059 5.57413321405108 -0.370661744330068
"225" 224 118.933829757058 68.7128135689248 10.5801289319753 -2.14756118512903
"226" 225 125.448950322022 79.7072507402768 12.7798452530074 -1.20112660865615
"227" 226 121.16862711822 94.9027950511864 15.7868848616127 0.809516707788206
"228" 227 108.855943300064 111.191424619255 20.4186590159995 0.372702211358978
"229" 228 91.6325621379026 122.458062810467 20.5811077152994 0.344240049908237
"230" 229 79.4599165104367 126.251331454345 12.7499877873078 0.277200484441132
"231" 230 63.4524494163739 128.090138863271 16.112734574076 0.187714566331756
"232" 231 49.4115875167419 125.838698517972 14.2202245591613 0.273366234341258
"233" 232 34.8890547286964 120.706114531489 15.4028366529728 0.180724515237205
"234" 233 27.6288180019845 115.258195895346 9.07694082794029 0.304022497110868
"235" 234 17.7286734437523 107.635569228619 12.4946908554872 0.0124052891671007
"236" 235 9.11056879995198 96.7619869196541 13.8746718837357 0.244452668813364
"237" 236 3.02179785025482 84.0871898221683 14.0614228704037 0.222363572512446
"238" 237 2.49670831088786 80.8793730766446 3.25050877513273 0.285580417512837
"239" 238 2.41129494670613 80.7781052504703 0.132478735648013 -0.538421780183662
"240" 239 2.36680033884044 80.8181530716545 0.0598631615496932 -1.60297116879164
"241" 240 2.26623750092602 80.6386473877487 0.205755133408385 1.79298815284956
"242" 241 1.47113637516497 77.5280575091133 3.21060044123461 0.260403845258531
"243" 242 1.83496444760424 76.6519921089499 0.948610273852401 0.643876853217074
"244" 243 1.71033151484981 75.9562901342446 0.706777620992435 -0.570890820402104
"245" 244 1.90375505837905 76.734409074906 0.801799072715453 3.07521903614054
"246" 245 2.15562788414283 76.1692165758225 0.618774984447911 -2.47872954812899
"247" 246 2.07549736532674 74.8332357487067 1.33838173570421 -0.479129912345422
"248" 247 1.55100594197495 73.9933767689372 0.990178953053006 -0.498332222369359
"249" 248 0.311955274660233 65.4691765539361 8.61378173983977 0.413893367636301
"250" 249 1.80137532625132 51.2457338201357 14.3012130706378 0.248681488666264
"251" 250 5.68137448951192 38.8598718862233 12.979367062875 0.199241792103065
"252" 251 11.8152494572298 28.9175636274593 11.6822050843102 0.249209856684873
"253" 252 17.7453919643344 22.432531868284 8.78761782692451 0.187946191396321
"254" 253 27.4806565281132 13.2915957277605 13.3541038505733 0.0761399119614109
"255" 254 39.7957968193485 6.42738813114253 14.0989370635617 0.245431718702812
"256" 255 54.9782557397326 1.13224115307043 16.0793544767363 0.172914919204286
"257" 256 60.2145626109683 0.861224465582129 5.24331571571339 0.283865249600178
"258" 257 56.658808407624 1.85226768920345 3.69128089227659 2.92148669535827
"259" 258 47.2842321284077 4.88351238858168 9.85246795693112 -0.0409194008626513
"260" 259 32.9575261391443 9.40979826490865 15.0247052662284 0.00672663660012462
"261" 260 18.2285622823852 22.237171392496 19.5316122644308 -0.410490204733983
"262" 261 6.58071018500841 38.4020388832655 19.9242415031665 -0.229900681197367
"263" 262 4.72330496997601 56.4806364797053 18.1737625489833 -0.52201430591337
"264" 263 13.8135258119437 60.5486880621909 9.95897377411486 -1.25238838874835
"265" 264 24.2450301998454 60.3356945850174 10.4336786425561 -0.441204724899516
"266" 265 32.2487437604057 57.7377849209164 8.41478255110172 -0.293443793720085
"267" 266 45.2193200930559 66.5178689940798 15.6628773452685 0.908928956509272
"268" 267 61.2590545740671 70.2053495038519 16.4581467587115 -0.369099524011941
"269" 268 79.0531085160251 65.966808537785 18.2918994423854 -0.459812363489867
"270" 269 97.3614169395948 68.2236751182913 18.4468860270442 0.35649350167647
"271" 270 114.969435791439 70.9543466451551 17.8184986706101 0.0312042052052747
"272" 271 122.285560568492 71.5552608418911 7.34076151535007 -0.0719039017526104
"273" 272 111.994400881532 87.0615399633843 18.6105523801997 2.07477462630812
"274" 273 113.761656489859 103.363393326914 16.3973661138364 -0.693916475961262
"275" 274 100.025923612622 117.650298616067 19.8188299456864 0.873718421352056
"276" 275 80.9026631897377 125.524966712934 20.6811384318485 0.414440223864253
"277" 276 63.9228796929809 126.143067033201 16.9910298570348 0.354238164606228
"278" 277 46.8183685202586 124.061875842539 17.230660440908 0.157465873683193
"279" 278 31.5641131227982 118.371358970066 16.2811022356241 0.235975395912629
"280" 279 30.5052115795229 111.730163979767 6.72508315023188 1.05562761105343
"281" 280 19.1714113144209 104.760960785861 13.3050675160698 -0.861376247052111
"282" 281 9.31910870407545 94.5790238768539 14.1682640413289 0.250543657904583
"283" 282 2.81071057816938 81.0048832482641 15.0537882265571 0.32185667456123
"284" 283 0.964727510493076 63.444356225669 17.657286393935 0.342352926146114
"285" 284 3.66706726702917 47.0074461117365 16.6575704787118 0.267685583852203
"286" 285 10.4958302463009 32.7948280911069 15.7680219059779 0.284954320270364
"287" 286 20.8775450698299 20.070010904361 16.4225751669215 0.236435877047274
"288" 287 33.5390621979957 9.57651543648264 16.4446788695073 0.194417471290269
"289" 288 48.7025731140471 4.55719959453227 15.972651465003 0.372378973827389
"290" 289 65.2990395854849 0.936812335482764 16.9867567017088 0.104883159571191
"291" 290 76.0499188638908 3.54548481896172 11.0628467125291 0.452824091668686
"292" 291 91.9090545096852 8.59394018849204 16.6432894900571 0.0701416412283645
"293" 292 104.713312701553 14.7910730033761 14.225100455509 0.142569473432006
"294" 293 114.289726597444 25.7669761373939 14.5663362831137 0.402629432760474
"295" 294 123.701028718913 39.4554014615086 16.6116102613633 0.115096497936279
"296" 295 127.835205959453 55.5091260139714 16.577499614313 0.350267648931167
"297" 296 127.998139347585 72.3792605519008 16.8709213327786 0.242387185865151
"298" 297 123.923098696703 88.6898813846119 16.8119691962247 0.254485585147127
"299" 298 116.087963122152 102.597535475924 15.9628378365251 0.268221251042399
"300" 299 102.149992746219 116.525570059384 19.7042423238867 0.272705679501611
"301" 300 89.6425087059369 123.176516333674 14.1658830773588 0.296312078919051
"302" 301 78.4660372160966 127.394724971234 11.9459951060261 0.127840097138164
"303" 302 61.7110331425845 128.557422044596 16.7952977344199 0.291606481092912
"304" 303 47.7875480610159 126.065953288094 14.1446404472256 0.246348988582833
"305" 304 35.6988061190297 120.933818377806 13.1330305138352 0.224413547117259
"306" 305 32.5952289502174 119.381619095495 3.47008845057025 0.0622738823126194
"307" 306 28.1659967399266 115.219982063081 6.07760814484054 0.290505974225752
"308" 307 19.4411261711592 109.17265880367 10.6157187719703 -0.14817043724473
"309" 308 17.616048591604 107.69432932127 2.34869457995891 0.0747253304523151
"310" 309 14.766265628384 105.132745013401 3.83183730131917 0.0513760860257679
"311" 310 8.23094667108049 95.4829566564464 11.654561733832 0.243312138095222
"312" 311 2.68235293896176 82.4650638530351 14.1510573967182 0.192383237204287
"313" 312 0 63.8110711371146 18.8458605941669 0.260094388554488
"314" 313 3.0069460101677 45.5954042868275 18.4621841370059 0.306415494234698
"315" 314 9.17372839627068 33.2646075901455 13.7868688313356 0.300138046313286
"316" 315 19.5992682570807 19.7776365583119 17.0467084506909 0.19432711059168
"317" 316 33.4490526476304 8.89102575623849 17.6163226134325 0.246555588113149
"318" 317 45.0421821738752 3.84746439889939 12.6427118680105 0.255826179935973
"319" 318 59.0225929960509 0.414779972641035 14.3956663314723 0.169577846827505
"320" 319 76.488467194412 1.17693402542842 17.4824952542009 0.284381290684147
"321" 320 88.1117159378177 4.9945182163971 12.2341268755158 0.273734466138893
"322" 321 93.4834862593648 7.55251321649595 5.94972728853897 0.127077041415043
"323" 322 103.085473521856 13.3881896794113 11.2362484472736 0.101683180503419
"324" 323 111.788484971896 22.0915254179987 12.3081461349022 0.239313017599433
"325" 324 120.034610390716 32.6893726041029 13.4280657357239 0.124139121905432
"326" 325 124.356732350422 39.8661400512466 8.37775203887996 0.119176958833828
"327" 326 124.308469034982 39.357806491545 0.510619580055553 -2.69418963114724
"328" 327 124.522958323813 39.3005905429457 0.221989458752794 1.40477251422362
"329" 328 124.520858377344 39.2214971237076 0.0791212913314251 -1.33665605326378
"330" 329 123.875119371498 38.9971766856131 0.683592365827411 -1.2099085130053
"331" 330 120.580708967292 34.9519150201819 5.21701848311394 0.553000054892118
"332" 331 118.013489496422 31.5564944076759 4.25670024167122 0.0360696140209823
"333" 332 116.208458173685 28.8560675516374 3.24814459051242 0.0581642728716484
"334" 333 108.737139290882 19.3932799413059 12.0567389955482 -0.0791162584430941
"335" 334 94.9568830540005 9.91662383324263 16.7243078465031 -0.300039672058222
"336" 335 82.2215902470264 16.1747318307461 14.1898413869846 -1.05916488443587
"337" 336 83.8398326577643 27.293547301609 11.2359586139773 -1.25857944139601
"338" 337 90.5650314562372 29.3095061585544 7.02085386487129 -1.1350317777772
"339" 338 92.5752158965057 42.0269566163884 12.8753402918664 1.12278987766448
"340" 339 92.1096780791287 53.8639183267453 11.8461127798052 0.196076948518166
"341" 340 86.00212083364 67.4875654263386 14.9300373677087 0.382135060383082
"342" 341 96.5079066106121 77.1457745781855 14.2706880987725 -1.24885156113197
"343" 342 106.093793627004 74.9639978737659 9.83104162736465 -0.967179367637676
"344" 343 101.418754310897 84.3575497282257 10.4926073523013 2.2563816645779
"345" 344 97.3643049260378 100.571552291022 16.7132414247136 -0.216760967600473
"346" 345 103.863369951132 110.85087975478 12.1615138575576 -0.808826789773821
"347" 346 92.4981834065205 120.061131917332 14.6286093013521 1.45354411540272
"348" 347 75.2661700029792 127.159835981477 18.6368958072461 0.290280985219243
"349" 348 63.4833170124567 126.926402354975 11.7851650753923 0.410572989647887
"350" 349 47.639345914055 125.050820847592 15.9545989030695 0.0980211803416759
"351" 350 35.18642408934 121.13232321756 13.0548797638671 0.187026072665027
"352" 351 33.4414162976292 118.02051708738 3.56768686756027 0.754865995400098
"353" 352 27.8991717144363 110.952076513125 8.98216717567122 -0.153885492182906
"354" 353 15.5066573097164 104.781822209821 13.8436429973701 -0.443868883397414
"355" 354 7.69124218394893 92.7258947849131 14.3675363115152 0.533675383175313
"356" 355 2.03986461038572 79.357530280861 14.5138291981191 0.175196280468831
"357" 356 0.60427650948234 63.4765872136584 15.9456974102479 0.309805206302873
"358" 357 3.4873402229538 44.5756959326679 19.119512221596 0.24152095538672
"359" 358 4.91309668574202 43.5026320724177 1.78444600348603 0.774246507059134
"360" 359 2.03752960894799 51.8434914412181 8.82263118481365 2.54797317226701
"361" 360 0.760869069227162 63.6897688107497 11.9148709455687 -0.224641514251446
"362" 361 3.19818597497828 83.396266357793 19.8566502530181 -0.230410546704984
"363" 362 12.3574177023784 101.657572189681 20.4295574235462 -0.341842863402933
"364" 363 24.9893493157492 113.755510886644 17.4907351760964 -0.342089022483189
"365" 364 37.4586865214692 121.906733161243 14.8972076215605 -0.184835676404653
"366" 365 50.3080144962962 123.614823462118 12.9623609686127 -0.446815357513067
"367" 366 60.8329753782497 119.158027804745 11.4296906825266 -0.532714580696522
"368" 367 65.9789006362794 109.715171731478 10.7539796160149 -0.671278076753586
"369" 368 62.8107820812934 99.0763270190783 11.1005401667215 -0.788387173934202
"370" 369 50.0080881284374 93.3359194808668 14.0307252540719 -0.859868543559202
"371" 370 38.8763607091414 104.191349520692 15.5484956406415 -1.19433424712967
"372" 371 39.6038217013735 119.788489150067 15.6140950462535 -0.84457070030686
"373" 372 52.7633389127376 126.316687257577 14.6898013521997 -1.06368122858695
"374" 373 69.2287426130716 127.089610493324 16.4835350984954 -0.413600383623688
"375" 374 88.6795040636898 122.747460991858 19.9295354512327 -0.266544557958401
"376" 375 105.570034949556 113.970202817527 19.0349755625074 -0.259611387071318
"377" 376 117.79452322651 99.7472729400758 18.75446208059 -0.381569541927734
"378" 377 126.967026853311 81.1576158989205 20.7294517942819 -0.251609111080903
"379" 378 127.975178702272 61.8318941488232 19.3519996721979 -0.406250472525764
"380" 379 123.246942799211 43.3096609245563 19.1162061709204 -0.302054876027358
"381" 380 115.908682634611 27.6238897476872 17.3174328252326 -0.187645488798484
"382" 381 99.4241696474074 18.1418343387969 19.0170592679982 -0.611223015365162
"383" 382 83.752094748387 19.0633084660966 15.6991415755062 -0.580721610889813
"384" 383 81.8672540951118 32.7095782148863 13.7758231095268 -1.37481384987966
"385" 384 94.695080720946 33.3665506234172 12.8446389084329 -1.65687929549949
"386" 385 98.2606732538899 40.4373640149488 7.91895524225567 1.05256936872084
"387" 386 106.331429091025 54.3086291030594 16.0483362043322 -0.0598970511557233
"388" 387 122.581447248327 61.216167636883 17.6572132203503 -0.641904835097898
"389" 388 127.018433713261 74.4095984542055 13.9195353953169 0.844438316945238
"390" 389 123.134580185413 89.0881956233863 15.1837259287982 0.583085967930678
"391" 390 117.595886757118 77.9185264231611 12.4675031556079 2.42258988542891
"392" 391 105.78493031775 77.5382501187335 11.8170767146683 -1.07827313140014
"393" 392 102.231976242086 86.0865102471572 9.25722603629063 -1.20907057560793
"394" 393 106.985970307706 98.8570810453067 13.6267361494418 -0.750279330446549
"395" 394 98.0990905727673 108.85399571767 13.3759087313643 1.08305110645414
"396" 395 87.3059260237062 121.709578889715 16.7856611331361 -0.0282755402228238
"397" 396 69.2234352918517 126.374909369832 18.6746293017107 0.619892279016957
"398" 397 51.5933754469368 126.290435828667 17.6302622191061 0.257287682007129
"399" 398 35.704919161768 120.691765352555 16.8460130068159 0.333996289765763
"400" 399 23.9534083772663 113.065854893742 14.0090155272985 0.236835106979348
"401" 400 14.7129934919867 103.380745421636 13.3860603890307 0.233268112343834
"402" 401 6.66191739229356 91.7375434136023 14.1557048345507 0.156918457448381
"403" 402 7.18754600246909 90.1906092350719 1.63379643424156 0.932534795094365
"404" 403 8.90199060946293 95.200468861428 5.29509336898248 2.48432296747492
"405" 404 12.7083487456378 101.078170078201 7.00255195300081 -0.24495942590728
"406" 405 15.7258500372026 103.241358034832 3.71277472792413 -0.374149488569212
"407" 406 16.6463351273338 104.66591724985 1.69607245076515 0.375163750859182
"408" 407 18.7811649885703 106.93512232702 3.11557221368411 -0.181228783111614
"409" 408 26.4367775607121 114.274287360146 10.6052697862057 -0.0516030961308818
"410" 409 37.7310079655118 122.076871474037 13.7273434899489 -0.159740949664922
"411" 410 53.4989283959155 127.133376816432 16.5588514389498 -0.294234041204443
"412" 411 70.7117410712264 127.935772457598 17.2315048373701 -0.263739993466109
"413" 412 88.8221925467903 121.974275250895 19.0664076740819 -0.36458532751948
"414" 413 103.792473343148 114.959865621055 16.5321277994388 -0.120174341524922
"415" 414 117.263966937329 101.49018813894 19.0502848044391 -0.347153545206181
"416" 415 125.844997775194 84.0359803363722 19.449510540258 -0.328535496322088
"417" 416 128.122156350479 66.7610955909433 17.4243247830397 -0.325866690396076
"418" 417 126.375612075161 48.8030402385157 18.042787172344 -0.228015339122042
"419" 418 119.019129548802 32.0107436336378 18.3330046753611 -0.315950862647226
"420" 419 106.491952983136 16.3545874894396 20.0510692462745 -0.261925815686339
"421" 420 87.5085962540054 8.53421344424375 20.5311003824001 -0.505194113857211
"422" 421 75.5043774416402 20.0659754210076 16.6458043838043 -1.15610063025853
"423" 422 82.5320066396975 28.528729685102 11.0002628095803 -1.49848496248491
"424" 423 95.5191876702609 25.4512288587924 13.3468304273547 -1.11045347328175
"425" 424 113.605839901667 25.6090629634717 18.0873408920275 0.241399160120028
"426" 425 123.214536868688 40.4763260659382 17.7020498689279 0.988300949688413
"427" 426 128.061560224515 56.7190220076532 16.9504810216978 0.283769318414352
"428" 427 128.032358376831 71.3820523750788 14.6630594455576 0.291991254754752
"429" 428 123.797635009681 90.3332916547041 19.4186084009616 0.217850580291771
"430" 429 114.119647253965 105.678090819729 18.1418386172611 0.34284665752585
"431" 430 101.45329772134 117.347510743842 17.2224206152308 0.263652115208769
"432" 431 89.9128840447002 123.114260241091 12.9010289353985 0.281047535724362
"433" 432 73.7719229606209 128.355964349298 16.970742077934 0.149406237237756
"434" 433 62.7934990187966 128.4548880821 10.9788696208368 0.30499117764579
"435" 434 54.3625473885257 127.055418297426 8.54631271778553 0.173502584990376
"436" 435 48.118685683004 125.48486408584 6.43835767329 0.0819314297934091
"437" 436 49.857787962062 125.531686922871 1.7397324837722 2.92208620033475
"438" 437 56.4422034459953 127.635281464 6.91228162465374 0.28231486619827
"439" 438 67.3462613725725 125.194058593111 11.1739898143636 -0.529482040315533
"440" 439 77.5296026174854 120.300889501424 11.2979441789285 -0.227682031906586
"441" 440 78.6642936711234 119.992129453341 1.17594921425134 0.182255323453717
"442" 441 79.4477894966758 120.042035535682 0.785083642494586 0.329287561607032
"443" 442 80.0882383397951 119.926140294379 0.650850541683342 -0.24263282153418
"444" 443 82.4194016187337 119.955899094859 2.33135321632686 0.191787028545589
"445" 444 85.258811627641 112.012468266824 8.43565898542925 -1.24026154286969
"446" 445 82.0425534166673 105.757440409188 7.03346929896351 -0.818232952473384
"447" 446 73.5525302183487 108.698198422123 8.98490687757149 -1.42930764485676
"448" 447 74.6131642264939 117.7925416053 9.15598287638372 -1.35345298665353
"449" 448 76.9524400939415 125.342993163748 7.90452593901024 -0.184339638862816
"450" 449 67.0971377539012 121.932289843672 10.4288005710716 2.20441373023695
"451" 450 52.7506868142584 126.029812078348 14.9201321383976 -0.611381896871548
"452" 451 48.5982832934706 122.490737489446 5.45596040539758 0.984030505437807
"453" 452 45.1310614286394 113.339826723331 9.78574449438354 0.502791256777021
"454" 453 33.8243813539309 110.163670207135 11.7443171162561 -0.934764332360396
"455" 454 20.7393842442567 104.703278653701 14.1786115426369 0.121479990448964
"456" 455 11.2367021281887 97.2279115621463 12.0905781727978 0.271220775003033
"457" 456 2.59038565933313 80.8456397220012 18.5239741719755 0.418615759335447
"458" 457 0.460619919803524 59.9484163628573 21.0054718163441 0.384062175412292
"459" 458 6.55789462417435 41.1647132471632 19.7485255540533 0.415439673222421
"460" 459 16.1526163446513 23.9228879374347 19.7316807420095 0.193930085255961
"461" 460 31.8636979907341 15.4047814001401 17.8716598409488 0.566178821225915
"462" 461 46.0295377249591 6.15155767148318 16.9201999027295 -0.0818130311229731
"463" 462 63.3360797322952 0.53942418991738 18.1937472354268 0.265047428173599
"464" 463 79.6174868123586 2.84747429571671 16.4441877816333 0.454400434606866
"465" 464 94.958592636832 9.0140516604903 16.5340921829241 0.241377059779795
"466" 465 109.063225716946 18.691636112298 17.105446943781 0.219156516884385
"467" 466 119.654741114734 31.8454245286948 16.8879349869936 0.291533630880004
"468" 467 116.834058115682 30.2180218248699 3.25648462940645 2.77200497413769
"469" 468 113.833724343712 28.594299136656 3.41152137783715 -0.0272541490944374
"470" 469 110.175888205046 27.4258009669893 3.8399418211543 -0.186842386089052
"471" 470 109.698938658379 27.4258009669893 0.476949546666688 -0.309204552585433
"472" 471 109.403259477454 27.486895728517 0.301925070040366 -0.203757725451289
"473" 472 108.194439713244 25.5675684309137 2.26827302097172 1.2125002619958
"474" 473 107.984270333117 23.2646434442936 2.31249533239361 0.471043966711318
"475" 474 102.381612028919 14.917266625439 10.053282042674 -0.50011633534368
"476" 475 84.9908513815568 14.5543090345874 17.3945478270234 -0.958802483505116
"477" 476 82.1144480452398 28.4508702210147 14.1911278255569 -1.38755958572493
"478" 477 92.1689071468984 31.4856467622188 10.5024766832385 -1.48176233674221
"479" 478 102.230431779152 22.4707429143857 13.5093585825206 -1.02372692077397
"480" 479 96.4960590838217 10.7069022412682 13.0870538163272 -1.29377120067962
"481" 480 75.7882125734466 4.05929025625841 21.7486931147713 -0.806605938328557
"482" 481 51.9827357386249 5.42702249878447 23.8447356626253 -0.368018434613932
"483" 482 32.6833396638563 16.9392608862493 22.4721677089819 -0.480456251444276
"484" 483 33.8367096794806 31.7852673990458 14.8907411424327 -1.11048182156191
"485" 484 47.0616472756572 30.890911786664 13.2551441479964 -1.5607867967849
"486" 485 58.3056267939825 25.122722392404 12.6372103051493 -0.406471762603202
"487" 486 80.821363560176 26.4730305100812 22.5561905945393 0.533895409661042
"488" 487 103.470624799787 38.8858960052399 25.827664712495 0.441442742347951
"489" 488 119.111436944884 57.6661395303783 24.4403877101345 0.375010478296626
"490" 489 127.570771311127 71.2944015908461 16.0402576260077 0.138927484385073
"491" 490 124.337974239559 87.8751742208383 16.8929866487083 0.748072539171245
"492" 491 115.480115142412 103.935557060471 18.3411440412121 0.311463828652643
"493" 492 99.0775123837482 118.524975174946 21.9521410841287 0.339815683786793
"494" 493 80.6397774979005 126.653873979546 20.1501628652532 0.311712800627426
"495" 494 67.7061807303888 128.20205033497 13.0259270446323 0.296112024431641
"496" 495 55.5069259555759 127.626866504717 12.2128069459637 0.166249270424237
"497" 496 48.5022848762495 125.899751256427 7.21442469855102 0.194631056637119
"498" 497 44.435731342817 123.594768229417 4.67437743395562 0.273915923119958
"499" 498 46.9780199651157 124.131504780496 2.59832976435488 2.83399934595241
"500" 499 55.4227509089545 127.474024107195 9.08217573950147 0.168822283167365
"501" 500 68.0944289728708 128.260509135774 12.6960617380239 -0.314903306173066
"502" 501 86.2071981338457 124.0759522118 18.5898607667927 -0.289031377471544
"503" 502 103.064580559469 116.073469751288 18.6604144588092 -0.216172712273297
"504" 503 117.285304202825 101.734685040868 20.1947945746539 -0.346314765359017
"505" 504 126.276649549037 83.266227210712 20.5408915521962 -0.328192971468976
"506" 505 128.461690088541 63.9308997497441 19.4583989624567 -0.340541082261651
"507" 506 125.206878985917 44.989487299964 19.2190244525171 -0.28270403594086
"508" 507 116.478893024069 28.5775961131241 18.5883810827861 -0.318595785515402
"509" 508 103.7267477255 14.6002877709011 18.9204217238779 -0.250824978160637
"510" 509 86.9894724107059 5.55387586888446 19.0256130851064 -0.335685448123301
"511" 510 70.1402509210706 1.45280423614294 17.3411376023508 -0.256760651103158
"512" 511 52.1595212299626 2.01298536479238 17.9894536637884 -0.26990015243084
"513" 512 39.2096782125795 7.0519930884151 13.8956839707009 -0.339945210367943
"514" 513 23.4494469742975 17.342601691546 18.822367388481 -0.207355046417183
"515" 514 10.7101349822221 31.3435533868719 18.9292556220863 -0.254099764187776
"516" 515 6.59913348373964 49.4072112429419 18.525551772125 -0.514479182338711
"517" 516 16.1154482369581 54.6774751610005 10.8782318530317 -1.28880264327893
"518" 517 25.1774636202564 47.471036035883 11.5781210768916 -1.17759554209288
"519" 518 35.2932039251834 33.6655458994432 17.1148987675669 -0.266608706345613
"520" 519 40.9966575456938 16.7477153356202 17.8533575046134 -0.307197676313549
"521" 520 54.4942324710699 2.79850500973406 19.4104352754375 0.443783945406669
"522" 521 61.8051800286316 4.64705494765945 7.54102718881337 1.04950786127017
"523" 522 75.2888261199793 5.29789910687206 13.4993448002597 -0.199424519182127
"524" 523 89.7749397861637 8.45633741208057 14.8264365805619 0.166440798919543
"525" 524 80.0704321368548 14.3577547758798 11.3580013918492 2.380558039248
"526" 525 67.1921512376291 23.0606184927702 15.543164278683 -0.0479221095132576
"527" 526 63.7685844740235 31.0229685165648 8.66716950833923 -0.570439895706852
"528" 527 72.4879338596144 35.696499714634 9.89287357481791 -1.48484096797615
"529" 528 85.6081633815454 36.7428860096321 13.1618899473635 -0.412442376175967
"530" 529 96.0863373083807 30.613024165794 12.1394948439198 -0.60891152520094
"531" 530 107.781252240714 37.7269040810922 13.6886201906476 1.07581787997766
"532" 531 123.697815375286 42.543041552321 16.6292562118268 -0.252663502667634
"533" 532 117.850164920446 45.1718767847938 6.4113797673734 2.42528154347351
"534" 533 105.369836779957 52.8697246657288 14.6634052147615 -0.130196815942212
"535" 534 94.5547391282213 54.7239568659638 10.9728990822372 0.382882241407452
"536" 535 88.3915562631513 59.5083330846119 7.80224831890512 -0.490313721239953
"537" 536 91.0098839951868 64.0518495587774 5.24396625307218 -1.43347903735877
"538" 537 100.322335549423 67.820994329615 10.0463031137591 -0.663414240204072
"539" 538 109.675235733396 68.9522980862822 9.42107159728758 -0.264215265872514
"540" 539 118.686689751942 80.707243385825 14.8116522550186 0.796376777373797
"541" 540 111.756191603132 95.9395052697297 16.7348022602749 1.08104108365027
"542" 541 109.661654236851 103.354357638299 7.7050063222837 -0.151688638726462
"543" 542 106.410959574264 98.771192898324 5.61893360195013 2.24936756904627
"544" 543 98.7087285258416 88.6291244695506 12.7352234035062 -0.0325921171454056
"545" 544 96.3525048261025 76.4499501947839 12.4050020611989 0.458409065142572
"546" 545 85.4875658035687 66.5031274865645 14.7304508400838 -0.638382360603221
"547" 546 70.1860752746901 69.9068073210352 15.6754792214127 -0.960188966342175
"548" 547 72.4160970520235 83.4983109562727 13.7732337595082 -1.51454454855683
"549" 548 85.3435467757223 90.0083258319153 14.4740889191634 -0.941662518382995
"550" 549 101.582075990046 95.8558979772052 17.2593143270186 -0.120859762640036
"551" 550 101.347744831112 106.211165353271 10.357918397142 1.2477732960272
"552" 551 90.1207064305131 120.237614277337 17.9662923461677 0.652371158844821
"553" 552 76.8193987919669 126.668054814769 14.7741446588525 0.445484359370494
"554" 553 64.205437578603 122.476139812728 13.2922597355224 0.771156871506265
"555" 554 47.1825250562815 122.657461312728 17.0238781782815 -0.331492588178856
"556" 555 45.8680100128909 117.123333019132 5.68810388172331 1.34824044304072
"557" 556 37.6699338158747 111.722246325581 9.81734133069333 -0.755036063251322
"558" 557 40.5375620781764 108.738303731185 4.1385027796778 1.75376648504904
"559" 558 52.1041282490732 106.553688117465 11.7710661524537 0.618598713792868
"560" 559 65.9959076541342 111.075984312258 14.6093359846473 0.501392327937324
"561" 560 81.1779920597218 115.449799985823 15.7995553875643 -0.0342228023239909
"562" 561 81.2545487464088 105.943297530581 9.50681070905534 -1.84323865343356
"563" 562 80.02959246895 102.427506897678 3.72307690708833 -0.343315536461103
"564" 563 79.5909284596042 101.819338269286 0.749863450005716 -0.289607388935277
"565" 564 79.3162800794835 101.419531800702 0.485053548615596 0.0229539833612464
"566" 565 79.19732081064 100.12265350876 1.30232277556495 0.510444604637321
"567" 566 80.907560505837 96.2554644003502 4.22848334692609 0.507856449103779
"568" 567 86.735186418829 92.1330001239812 7.13834262919016 0.538735946744284
"569" 568 96.3579401604146 85.4931210715237 11.691252430876 0.0116797778750577
"570" 569 95.2250028220887 71.6608465588776 13.8785937762358 -1.04852368262225
"571" 570 83.1280256191859 62.5842747386862 15.1235251662647 -0.84536921412373
"572" 571 68.6915900673314 65.1614289446583 14.6646648527748 -0.820360626149696
"573" 572 62.156098003584 77.482243421533 13.9468679598277 -0.906435368971522
"574" 573 71.5020048209193 88.0817341553205 14.1313544309794 -1.21033445028734
"575" 574 85.8919083987913 83.708946536591 15.039634189001 -1.14317796652259
"576" 575 101.214071731587 76.0412393365909 17.133663440777 -0.168981901644502
"577" 576 101.522334113637 79.9100562943099 3.881078503267 1.95527906756091
"578" 577 97.4137952505485 94.3840191370397 15.0457865185651 0.356092649184407
"579" 578 108.492214628316 105.736092119614 15.8619335804748 -1.04978060616345
"580" 579 103.326923592679 112.935431756752 8.86062766928473 1.39555176474857
"581" 580 91.8928837836369 120.714978466223 13.8296280991071 0.351003530036379
"582" 581 73.7363873783108 124.02619992219 18.4559624307993 0.417050991144749
"583" 582 56.2551317484563 126.718763610245 17.6874022290033 0.0275639609724633
"584" 583 54.3968215816521 120.570490674874 6.4229725800337 1.43010216388883
"585" 584 61.4283199418789 111.552524507627 11.4352823744537 0.95577179881468
"586" 585 63.4454203026466 112.131678048453 2.09859779120758 1.1881439545471
"587" 586 66.1943910316788 114.313977378749 3.50988182651275 0.391385642433682
"588" 587 68.5396542830344 117.976685794034 4.34921747600148 0.330278196612595
"589" 588 72.3891842100806 118.336024585361 3.86626499688999 -0.908187892446074
"590" 589 79.4400336409402 120.765687479875 7.45773018267844 0.238772036183274
"591" 590 87.779699012959 121.439530130869 8.3668442339719 -0.251223896920587
"592" 591 91.0907482724585 116.06286708327 6.31439250650863 -1.09945117886389
"593" 592 99.7990615814306 111.408639149932 9.87403455243528 0.527994064220412
"594" 593 100.878592933287 108.572520475218 3.03462634877856 -0.71626037709889
"595" 594 105.945470672649 106.197098059384 5.59605947781916 0.768704020355513
"596" 595 98.8295309188029 103.985524918014 7.45168801950253 -2.40187619797843
"597" 596 88.681665532109 104.331738856812 10.1537695462265 -0.335431251420243
"598" 597 82.1319913535352 112.29637014116 10.3118176545694 -0.848474456899404
"599" 598 77.2267948216887 106.493522920486 7.59828854956951 1.75161033986735
"600" 599 64.2956395505583 106.615913911688 12.9317344621984 -0.878496720305618
"601" NA NA NA NA NA
