"time" "x" "y" "speed" "angle"
"1" 0 21.5158720747306 12.9780046545724 NA NA
"2" 1 25.3997704252284 11.2717469549144 4.24216710357365 NA
"3" 2 35.5172352618947 10.1573801068619 10.1786496252311 0.304232751213024
"4" 3 47.1097509638315 6.82892561195581 12.0608884259955 -0.169898996590631
"5" 4 57.1795736661616 2.61677405494804 10.9152897348428 -0.116577650155103
"6" 5 65.4409311769193 2.43490317591472 8.26335917996992 0.374166263321339
"7" 6 74.5109047864606 2.29771328156517 9.07101109826724 0.00688652469911028
"8" 7 79.046613261984 2.42036790481736 4.5373665855361 0.0421599781281464
"9" 8 76.0439652305437 1.18070556483136 3.24848548063426 -2.777087981289
"10" 9 72.0091564906779 0.176681926981497 4.15785341644687 -0.147653054217971
"11" 10 64.5166412880545 1.50507491009595 7.60936344112505 -0.419359598130712
"12" 11 55.5892261855366 4.10699367655899 9.29885593392737 -0.108124287748009
"13" 12 51.1787983579415 12.274053501326 9.28185002053738 -0.792045774396663
"14" 13 50.9626205738774 23.3962515602729 11.1242987417978 -0.475719535465165
"15" 14 59.651581612933 30.6076091967156 11.2916660816244 -0.897495362405463
"16" 15 71.4716875337276 30.3026421425878 11.8240394486363 -0.718530104888796
"17" 16 80.2899336478342 23.1588866425682 11.3487755803442 -0.655080685563921
"18" 17 84.5280291933572 12.0125703886513 11.9248404553401 -0.526578038966347
"19" 18 81.9219337273559 4.6374841362914 7.82199659982412 -0.703011834658582
"20" 19 74.3817457642531 1.28961321301622 8.25001055986189 -0.813270935785172
"21" 20 65.5135988539818 1.47707813051743 8.8701281116705 -0.438992160182646
"22" 21 55.9194903093255 1.71639882186954 9.59709295359577 -0.00380339228052707
"23" 22 49.5620963355497 1.81488269046891 6.35815674627284 0.00944938159778202
"24" 23 39.8822605331439 3.76648452598886 9.87461244231594 -0.183458140269289
"25" 24 34.2791178250939 5.89694916546128 5.99450479913199 -0.164396984020607
"26" 25 35.7815082879773 6.36323627523635 1.57308638405692 -2.4773103014363
"27" 26 37.5432027496029 3.41841679238862 3.43154909081627 -1.33261277095446
"28" 27 44.2423565167459 2.14255286797129 6.81956669807224 0.843477851629793
"29" 28 52.5322864750521 0.764311330489032 8.40371872740064 0.0234496649896937
"30" 29 62.5100475736412 1.01218100885613 9.98083943954471 0.189585125780304
"31" 30 73.7647736421262 1.76348521039115 11.2797746821415 0.0418185544182616
"32" 31 84.5579283869792 5.01224264777194 11.2714956520099 0.225719830030135
"33" 32 94.0575815748683 9.3288358506429 10.4343848677937 0.134127155108477
"34" 33 100.6517293831 13.3181998030189 7.70699747381058 0.117574618217552
"35" 34 100.648130087888 13.7483574845545 0.43017273961755 1.03508625365808
"36" 35 98.0651640450127 11.9522044694219 3.14608951436812 2.17005032775746
"37" 36 94.3821475035698 8.67400919069893 4.93063638184601 0.119688546366942
"38" 37 86.274901129758 5.65859086093541 8.6498665578816 -0.371223514834718
"39" 38 76.8780900986517 1.8426043143145 10.1420811906784 0.0296623524942844
"40" 39 66.7576696099619 1.41103349751626 10.1296181684111 -0.343130830162703
"41" 40 55.3078510870163 2.60595201260301 11.5120013232316 -0.146602675081027
"42" 41 47.1554434385496 1.80693943140743 8.19146943909861 0.201682305189914
"43" 42 37.8256887828228 5.88252359069722 10.1810956274612 -0.509551387454927
"44" 43 34.1370374321182 16.6146856138443 11.3483677451048 -0.827890349516771
"45" 44 39.3542854079462 26.7213389990647 11.3738348453926 -0.807590539735928
"46" 45 49.3782218758118 33.0884118549214 11.8751386966045 -0.528366560088047
"47" 46 61.1357930888958 32.6067793062497 11.767431781943 -0.60683191149576
"48" 47 66.6243595738484 22.2596860413291 11.7126726707746 -1.04214948394735
"49" 48 61.9760754474633 11.2775903879628 11.9253079733519 -0.888102231772425
"50" 49 50.361025666995 8.64922288930812 11.9087235718502 -0.947858448615365
"51" 50 42.1782790012853 17.2394923788141 11.8638135899684 -1.03223148941372
"52" 51 40.343030617933 30.6380252134333 13.5236392568335 -0.624979886268527
"53" 52 43.9739803834965 43.3360719414775 13.2069749340127 -0.414640163469311
"54" 53 54.7798515913089 50.4783719417721 12.952964983124 -0.70823815417329
"55" 54 68.0452826089266 48.5553703099572 13.4040887552692 -0.72800527941505
"56" 55 80.0882793790594 43.3906237098898 13.1037543722529 -0.261174093229682
"57" 56 87.2526239789472 32.0835485942398 13.3857305074058 -0.600890515368573
"58" 57 83.1736610403411 20.7978691585706 12.0001874560028 -0.911590525499325
"59" 58 70.2027825260638 16.8273541804766 13.5649798607816 -0.926924185631895
"60" 59 56.7562561799545 19.7920309557981 13.7694727262427 -0.514059936890302
"61" 60 52.4707070383985 32.032283922293 12.9687980988401 -1.01700805360478
"62" 61 57.9083245345916 44.2816049993511 13.4019980183466 -0.754560531156354
"63" 62 68.825199412639 52.7867712238416 13.8389309417005 -0.491160176197779
"64" 63 77.8737649150628 63.2838181400347 13.8587348489108 0.197513955607363
"65" 64 81.8938264865988 75.8377164265524 13.1818533305136 0.401519358638702
"66" 65 80.6791213936614 90.6265462157618 14.8386318438397 0.391858967141729
"67" 66 85.1790632699112 102.202329714504 12.4196715133444 -0.452712531077194
"68" 67 96.9052944813674 104.498414687231 11.9489122779654 -1.00667533329354
"69" 68 107.046455030683 98.1392363129257 11.9700579314902 -0.753444854910422
"70" 69 113.608376442781 91.5572568950365 9.29415223008924 -0.226840496072107
"71" 70 105.958683665415 86.7735636152348 9.02227914572096 -1.79582145499049
"72" 71 92.5641873905337 85.3658468811193 13.4682662901103 -0.454134748744923
"73" 72 80.6566895983395 82.1617842995217 12.3310389139725 0.158141348591152
"74" 73 69.0593161561763 82.3414942133151 11.5987657278742 -0.278348107319756
"75" 74 61.7664155639978 92.0315277321753 12.1277841605147 -0.910126842364068
"76" 75 59.2441777331189 105.841015578035 14.0379356830146 -0.464520963814319
"77" 76 53.3743748511156 118.8578531543 14.2790982334472 0.242980708639785
"78" 77 53.488460203618 123.303458639426 4.44706910189617 -0.449291595889081
"79" 78 59.7712958346196 123.370223349394 6.28319035941778 -1.53451333259995
"80" 79 68.5448391668117 125.572466385737 9.04571373596215 0.23530246319549
"81" 80 72.9115816802626 120.447243788767 6.73322707527925 -1.11106491718355
"82" 81 82.95741710935 115.248659796293 11.3112371116123 0.387597600238681
"83" 82 91.2812132070283 117.161116474775 8.54067163768731 0.70337702747979
"84" 83 94.2420468961963 115.06235839878 3.62923154351768 -0.8424727055286
"85" 84 101.716507556014 108.068358453432 10.2363859535823 -0.135568502676613
"86" 85 107.366807810504 104.89007765993 6.48285136095511 0.239815210279003
"87" 86 110.764140042454 100.867074339259 5.26558847730925 -0.357129924970556
"88" 87 111.366638079607 98.610161971282 2.33594891243378 -0.440405486624836
"89" 88 110.569448165013 91.1848888917412 7.46794429985142 -0.367825239333777
"90" 89 112.768240069455 81.7546908457699 9.68314623587186 0.33602428646648
"91" 90 119.680749093732 76.9032137540295 8.44509390015186 0.729764096679396
"92" 91 121.914824523287 72.314821109052 5.10337536238804 -0.505725846931467
"93" 92 122.588681962588 67.1171364935236 5.24118395126534 -0.324183940472223
"94" 93 118.514789453199 59.7336996599384 8.43277769501831 -0.633120795231041
"95" 94 109.733707590765 54.0570466431103 10.4561842059253 -0.49271668880381
"96" 95 98.2008069107115 54.3549435543195 11.536747404086 -0.599709853827429
"97" 96 90.5081606168169 62.3665418933881 11.1068679180739 -0.7798808588324
"98" 97 89.1593100276211 75.0985473518269 12.8032558712888 -0.659543009845845
"99" 98 95.2651782986877 85.5556382655803 12.1091856754334 -0.634043227988642
"100" 99 106.110504357964 92.3140682606956 12.7787899791373 -0.485022283760425
"101" 100 114.699164404321 93.6298081576609 8.68885797261916 -0.40526565280779
"102" 101 114.045045013147 95.061366232778 1.57392207568963 1.84738368476322
"103" 102 111.388428929125 97.7438859022817 3.7753835295444 0.351946017838091
"104" 103 104.544461201394 100.565308957762 7.4027239794696 0.399228185368454
"105" 104 94.2641634032631 98.9984049347631 10.3990245232691 0.542275632177393
"106" 105 82.1882633378863 98.0068005271934 12.116544131479 -0.0693235372913122
"107" 106 71.0827723977675 101.853243219546 11.7527465048223 -0.415354461443992
"108" 107 66.361552735203 113.162020315241 12.2547278428496 -0.841886074532319
"109" 108 71.2897630377051 122.581599542266 10.6308856451322 -0.877511721228454
"110" 109 67.3058382902094 122.922665271559 3.9984974959862 1.96741949722077
"111" 110 55.5775249780209 118.383624042646 12.5760179876872 0.454665384180858
"112" 111 42.3587700703063 112.292567701962 14.5546023187039 0.062526583321241
"113" 112 28.9639795830499 111.728986558801 13.4066414848172 -0.389739868497819
"114" 113 23.8255412805547 111.270455054729 5.1588563973788 0.0469499911011047
"115" 114 20.8239924420385 103.215043867206 8.59644954792768 1.12512039609628
"116" 115 9.64722472636837 97.61400988458 12.5016686184116 -0.749567579670824
"117" 116 10.046726370916 95.5360156117013 2.11604861997851 1.29617968429017
"118" 117 16.3044632704862 91.381980631576 7.51101043271458 0.794828397482657
"119" 118 27.7319497121442 94.7756861473385 11.920766900749 0.874713403944844
"120" 119 37.7417790583211 102.844555632845 12.85703458476 0.389764645829361
"121" 120 45.4451817088286 111.1449150916 11.3242385854593 0.14423577236252
"122" 121 57.492836425778 114.549326873487 12.5194250570655 -0.547283491319084
"123" 122 70.5653134201154 113.515208020605 13.1133160020403 -0.354340593811661
"124" 123 83.3765509491201 110.58550238713 13.1419550342936 -0.145874530948338
"125" 124 95.916305745241 111.7364207379 12.5924605775432 0.316341852226601
"126" 125 103.433890475077 104.462505034294 10.4605893635796 -0.860451213281995
"127" 126 105.149541959273 91.8178988386401 12.7604673056429 -0.667011329241046
"128" 127 100.690141951858 82.1523860605049 10.64464117246 -0.567129725733694
"129" 128 91.3115391357563 75.2353461361239 11.6534815440566 -0.503050412963708
"130" 129 79.5509765671861 72.7468424534365 12.0209601325353 -0.4269535480977
"131" 130 68.8707087982405 78.0545505676218 11.9264363932303 -0.669737393126817
"132" 131 62.6277448735685 88.8022623178408 12.4293164104287 -0.583350083944902
"133" 132 64.1697496974968 101.730539586657 13.0199129035643 -0.644943396567797
"134" 133 65.4840595808826 114.358796456709 12.6964673057345 0.0150094376219732
"135" 134 74.3115660583309 116.198269510843 9.01712436014264 -1.26165296972542
"136" 135 85.916311330429 110.44027523344 12.9547138497494 -0.666023422863084
"137" 136 94.8886338537612 112.762747320886 9.26803366737821 0.713872761106743
"138" 137 94.6787273086853 102.440902883235 10.3239785621983 -1.84441882540858
"139" 138 96.3954120746772 87.5665627571454 14.9730758621059 0.135237466889158
"140" 139 98.2285524867774 74.406184397555 13.28743625904 0.0234977333886187
"141" 140 90.5975532225942 62.9980734244546 13.7250554004178 -0.727955913958906
"142" 141 83.1141757723867 51.242528158593 13.9353429294006 0.0226688914206026
"143" 142 72.7345245830493 45.6973773780633 11.768001359242 -0.513253769128548
"144" 143 63.375155982326 38.6155765228363 11.7366811304261 0.157088501366575
"145" 144 50.6081972106872 38.4362781879552 12.7682177366153 -0.633702881073655
"146" 145 39.0101589218318 41.4874669389789 11.9926746367993 -0.27129200751299
"147" 146 27.891146866281 45.2036408158024 11.723582105068 -0.0652975392975875
"148" 147 24.0220984539364 56.5700787352039 12.0068916290885 -0.920159640638173
"149" 148 26.2821424071123 70.4222496147134 14.0353281666449 -0.489819646684932
"150" 149 34.5356848359869 80.9443584069684 13.3729479196355 -0.503426621411135
"151" 150 47.6304509700923 83.5824990129941 13.3578698138616 -0.706836133207377
"152" 151 60.3076006117485 85.8374157692599 12.8761318964443 -0.0227725971909553
"153" 152 70.6758038407927 92.192939766837 12.1610987777643 0.373879108212624
"154" 153 78.3324234222952 102.163336742436 12.5711033432584 0.366004518376805
"155" 154 87.6136714619985 106.350486720388 10.1820327102381 -0.492112866502636
"156" 155 95.12021477068 97.3697737067804 11.7047596591255 -1.29837594124198
"157" 156 100.68351654179 85.342591560481 13.2515447015317 -0.262972455093915
"158" 157 104.416477985273 76.1254591688674 9.94437180836814 -0.0484387657134865
"159" 158 98.380330670418 68.1302040042834 10.0179428803243 -1.03148330406639
"160" 159 85.7022555019207 63.9580864156099 13.3469155669686 -0.606205562003314
"161" 160 73.6517907139165 63.9488685788364 12.0504683135322 -0.317153928621849
"162" 161 64.6106786041763 71.745306599312 11.9384318060626 -0.712374793289597
"163" 162 59.0046743861554 82.8030861724411 12.3976518897886 -0.38997541993728
"164" 163 48.5460876593821 90.2499123684467 12.8388962420822 0.482831117172655
"165" 164 36.8815616494339 95.0932193505613 12.6300748042028 0.225199078513275
"166" 165 31.0085489134431 105.707188952038 12.1304834733896 -0.671846094521422
"167" 166 35.9777350454757 115.852376153528 11.2967975182379 -0.960855352253125
"168" 167 48.9428607515365 119.62569496269 13.5030522256833 -0.832123302573095
"169" 168 61.6608790659721 124.051684425786 13.4661565627969 0.0516875018554851
"170" 169 61.4183039259358 124.29922069581 0.346578856165522 2.01117205772995
"171" 170 63.1730150474313 119.080927934656 5.50541464932567 2.69070021266631
"172" 171 71.1485382807874 113.785928524131 9.57319119224412 0.660323628924978
"173" 172 83.3664360477327 113.679359597468 12.2183625244816 0.577366942480308
"174" 173 94.5405109146191 111.313009053138 11.4218896873257 -0.199966119677393
"175" 174 101.85537001631 99.824786372119 13.6193400738162 -0.795120414422641
"176" 175 111.997162201592 97.1213113212502 10.4959385516548 0.743298604869627
"177" 176 115.46198997253 93.149208998224 5.27092291224782 -0.592992810521957
"178" 177 116.081026646194 88.8120120177452 4.38115099612133 -0.575523581442769
"179" 178 114.425977958299 79.0868611185379 9.86497573092077 -0.310337210145496
"180" 179 115.47446967962 68.6179550913692 10.5212797841028 0.268387421642731
"181" 180 113.068610065038 57.7183846250745 11.1619351742789 -0.317066348444833
"182" 181 104.465334048135 50.0050992593363 11.5547016126045 -0.622643127171151
"183" 182 92.7651156174179 47.5135222841029 11.9625694209062 -0.521089752282964
"184" 183 81.5809090030174 45.1568467198518 11.4298030301812 -0.00214066730167433
"185" 184 71.5279383138546 39.1482710633084 11.7117548257112 0.331043875537851
"186" 185 66.3455691813654 32.7223820749155 8.25524070615308 0.353394537986484
"187" 186 58.5420205293297 26.7673462141792 9.81620209996431 -0.240270418056081
"188" 187 47.7365038708362 27.0844711533178 10.8101692162522 -0.681184510576057
"189" 188 38.5344611783903 34.6974962478005 11.9430205895669 -0.661838333186634
"190" 189 33.1353946649693 44.4060751460559 11.1088443791419 -0.372093644453304
"191" 190 34.4410451276263 55.4322567842316 11.1032159597425 -0.625389149316205
"192" 191 40.5643981936669 65.8860944277542 12.1152042594633 -0.412012111633368
"193" 192 47.1583568684828 75.7117632512907 11.8331761938626 -0.061185293220123
"194" 193 42.7814297591769 87.651040833857 12.716282480102 0.942447349136823
"195" 194 34.937951904168 94.1277118902408 10.1718932768003 0.529171170620724
"196" 195 39.3504447276516 95.3040581297924 4.56660523721964 -2.19081763594036
"197" 196 49.5591113251112 88.0157450424151 12.5433799813975 -0.880551482957025
"198" 197 59.4821842030096 78.5142214528396 13.7384979478595 -0.143683254961605
"199" 198 60.0560055236271 66.9546214640323 11.5738335398964 -0.75749706058632
"200" 199 53.2164570437428 59.0153847444091 10.4790697630515 -0.760724646479911
"201" 200 41.8174914359741 55.3903257705006 11.9614994666809 -0.551768566965516
"202" 201 28.9369109522028 54.4273070507833 12.9165304417803 -0.233276318289731
"203" 202 17.8486843577285 57.2713070378997 11.4471439642002 -0.325702202060047
"204" 203 12.2023093186631 68.1432557197945 12.250747700591 -0.840710876581854
"205" 204 16.6793908864727 78.4967189861041 11.2800027026434 -0.887151209042185
"206" 205 29.9998153265154 78.9514536474793 13.3281840801792 -1.12852978905417
"207" 206 42.4501153704649 72.84189144289 13.8685515291294 -0.490317810982262
"208" 207 48.7101351347411 63.012737120281 11.6533309464201 -0.547504729762345
"209" 208 56.2492603493376 55.2253604653236 10.8388949698546 0.202103367220993
"210" 209 64.0049205015272 56.5882834463422 7.87450464781431 0.9755507659051
"211" 210 76.5768407183123 58.4889053849876 12.7147765096706 -0.0239127840362335
"212" 211 86.4214137039556 50.2754276698494 12.8209529071255 -0.845361215758326
"213" 212 92.0965594222192 40.1932988644053 11.5696413156628 -0.362791923104416
"214" 213 99.9347286766404 32.1038620802917 11.2639195995499 0.256936977760745
"215" 214 92.5488321625859 25.2641501697018 10.0664356321484 -1.59339765001642
"216" 215 80.523213536496 24.2306777439846 12.0699448463893 -0.661293954632902
"217" 216 68.8302934080032 27.9241239647872 12.2623784853213 -0.391680963957794
"218" 217 58.9259764472394 25.7142648684021 10.1478555214957 0.525477441048356
"219" 218 50.2677397150889 17.3126938943564 12.0644709018625 0.550829170768218
"220" 219 37.8127435763965 17.4386027122342 12.4556325349322 -0.780462999632499
"221" 220 29.9782895539853 28.0262501771328 13.1710648267423 -0.923641964258122
"222" 221 26.8838637175465 39.6163360587565 11.9960644379994 -0.376142272386943
"223" 222 28.0581440004923 51.5042866315155 11.9458069213961 -0.359362963630865
"224" 223 31.4019157753127 64.1832144470498 13.1124376160047 -0.159395974256978
"225" 224 33.9450371091103 78.3028122198064 14.346794324268 0.07965333703367
"226" 225 42.5306433768352 88.5658504800854 13.3806797030774 -0.51843490016875
"227" 226 55.1439011089857 93.710316127876 13.6220335273024 -0.486893818739212
"228" 227 58.2494551423598 106.235565901666 12.9045088147524 0.94048880506829
"229" 228 61.2789262274968 111.475282669212 6.05246452775939 -0.281174612772575
"230" 229 66.7804448856452 101.669146971105 11.2439763818521 -2.10610514613433
"231" 230 75.860973321699 94.2236206010941 11.7427364615112 0.372741346740729
"232" 231 84.8200795056348 85.0440118669107 12.826955996172 -0.110769757066762
"233" 232 92.5602468119514 80.5663659274266 8.94200777729199 0.273097333591605
"234" 233 98.0022552061841 90.2696088278427 11.1251237362725 1.58412219519046
"235" 234 103.385589693821 102.583177628122 13.4389086909981 0.0989829695605507
"236" 235 106.463726743272 103.682551105857 3.26856998376201 -0.8156133499292
"237" 236 105.293572308413 105.31160478221 2.00576102311784 1.85066585013199
"238" 237 102.623719226403 106.3486139773 2.86417589372907 0.577412673942508
"239" 238 95.5200242042197 102.799022884531 7.94116363602064 0.833872469703821
"240" 239 84.0974452568576 100.599984181216 11.6323291316657 -0.273203504228453
"241" 240 74.2767222113823 107.388458151907 11.9385920437327 -0.795012322290743
"242" 241 66.6183581816225 114.224424284489 10.2655234926489 -0.123897289240945
"243" 242 56.1577802470979 108.741786640082 11.8102923869027 1.2114795100634
"244" 243 50.0839737308308 99.2844185309895 11.2397925758407 0.517142794595172
"245" 244 51.6848999245959 88.2155766467632 11.1840165117852 0.714531198596306
"246" 245 54.0825762296762 75.7208433661906 12.7227045637551 0.0459527162997104
"247" 246 49.8786246453823 64.3973807222175 12.0786594940225 -0.545078203595289
"248" 247 42.0444583047569 54.8371997461078 12.3600656369033 -0.331005488882088
"249" 248 27.8799806943837 55.0802765138847 14.1665631784775 -0.901462203443205
"250" 249 20.7406958687114 65.9281619257201 12.9863776985881 -0.971569890665492
"251" 250 20.3612824389123 78.8541348208745 12.9315401185234 -0.552722739497353
"252" 251 21.8231345219677 90.072099188198 11.3128129154191 -0.158927640519936
"253" 252 35.1284786181783 94.3242584234623 13.9682869272008 -1.13188859594934
"254" 253 48.8430040061789 94.0590083611462 13.7170902240115 -0.328662860803087
"255" 254 60.5172806064448 93.8376608750549 11.676374816231 0.000380398603113728
"256" 255 72.3781191696699 91.0976007454639 12.1732255765127 -0.208076457295639
"257" 256 84.3018223550584 91.4010901151307 11.9275648583751 0.252481576017773
"258" 257 92.1180429958122 100.988782190278 12.3700098800603 0.861387518820819
"259" 258 103.642962825181 103.990794266331 11.9094858653989 -0.632016944337428
"260" 259 112.532049274102 96.5403282400222 11.598504296054 -0.952397032727982
"261" 260 113.042532407674 93.2714786619426 3.30846952438311 -0.718302250619065
"262" 261 109.077764029612 82.8852949079835 11.1172029424078 -0.519576823942648
"263" 262 110.807212268113 71.5294207470949 11.486812837667 0.51579624052059
"264" 263 118.360636368537 61.0055274062649 12.954016623813 0.471399204873146
"265" 264 121.146643465436 57.8221457918009 4.23033734438297 0.0963941661773791
"266" 265 118.052823233236 52.4630057865741 6.18806150783876 -1.24248701396734
"267" 266 106.749834091575 48.8723217365243 11.8596195336859 -0.739643785388368
"268" 267 95.2541846024748 50.0225980297319 11.5530555580314 -0.407322967879806
"269" 268 83.3176960363764 51.2729193244951 12.0017941420747 -0.00463731370720793
"270" 269 73.1789050609674 45.1732249999192 11.8322167532673 0.645976688550137
"271" 270 61.7956583469776 43.3421570152004 11.5295756954114 -0.382119290848742
"272" 271 54.6383935997554 52.6175064804764 11.7157392581444 -1.07307671774861
"273" 272 54.9376458451587 66.4287969121574 13.8145320331389 -0.678873602765518
"274" 273 62.1191661459809 76.6581841535807 12.4985838064204 -0.59043527413658
"275" 274 72.9651487273308 82.4879529806926 12.3134699712352 -0.465497762311739
"276" 275 85.2304724525076 83.046813705179 12.2780491688524 -0.447666668066169
"277" 276 90.5587340775493 91.9219539577346 10.3517383297408 0.984580824780254
"278" 277 84.0844850581557 105.058641517945 14.6454245558024 0.998583718778976
"279" 278 77.0700738913902 117.591662233964 14.3624013411617 0.0523394279026348
"280" 279 73.788073347726 124.022120479654 7.21957899175423 -0.0383204833214488
"281" 280 65.6237044726595 126.261663133479 8.46595951008836 0.831154651686381
"282" 281 59.4287547185083 123.38486011786 6.83032927808958 0.702468468771507
"283" 282 46.3369943677866 123.332480358376 13.0918651352636 -0.430745798572363
"284" 283 42.6894979630102 121.997540207018 3.88410803538754 0.346845533030802
"285" 284 43.8256258083025 113.277192542543 8.79404627405241 1.34950480219738
"286" 285 38.8132706700415 103.374308731839 11.0991356330274 -0.59811129849282
"287" 286 26.2092224348987 100.93407234624 12.8380989843283 -0.910998693445142
"288" 287 16.5698102423311 103.630312296381 10.0093944515619 -0.463981056033184
"289" 288 13.647971867539 94.0441440622531 10.0215647930558 1.5476839169319
"290" 289 4.43400851376421 85.3490159708855 12.6689531221011 -0.518508386118241
"291" 290 3.1908393595078 81.4051657062788 4.13514503442531 0.509002217898833
"292" 291 1.19510451693777 70.7098607884842 10.8799129061978 0.1208807843757
"293" 292 1.13167506690083 61.9596721083902 8.75041857469563 0.177228759614338
"294" 293 3.96001254542957 49.0911793158198 13.1756441832984 0.223596671115658
"295" 294 6.49538721102968 38.6481828959893 10.7463621249035 0.0218262058942509
"296" 295 14.4737978826183 30.1216209606353 11.6772126503693 0.514025005774268
"297" 296 21.9616471582281 21.5640544686835 11.3710083562728 -0.03337050309001
"298" 297 24.2516684236645 14.8877459742582 7.05813661732938 -0.388397043892324
"299" 298 35.0954909317868 11.5280198695226 11.3523674221064 0.939915518179665
"300" 299 46.0386226155598 4.15344507681414 13.1960783728215 -0.292544218885128
"301" 300 56.2910183458173 2.15524552364018 10.4453061067691 0.400505833024834
"302" 301 64.0362475763346 2.37217279409014 7.74826646895446 0.220488192057788
"303" 302 75.5309238318327 2.26848986366432 11.4951438602905 -0.0370203747379661
"304" 303 84.9582112129823 6.50661983161026 10.3361256277188 0.431507680733876
"305" 304 94.1097110585239 10.2826712453206 9.89992493415637 -0.0311534946898401
"306" 305 101.19400669995 15.5302666292324 8.816150069525 0.246211623085518
"307" 306 104.963013427587 20.6786326890395 6.38052386554162 0.30131818735821
"308" 307 111.165602244924 26.0432239734918 8.20066751467056 -0.225785788100435
"309" 308 114.619548519627 33.6933809574814 8.39372663053877 0.433628144738937
"310" 309 119.762251966353 42.2050734441427 9.94466227322256 -0.119406939026998
"311" 310 120.090314292848 50.7248819669358 8.52612233991065 0.505009931447358
"312" 311 121.825263999295 61.7877886848905 11.1981228576074 -0.11707199558314
"313" 312 119.280876690824 74.4096362248637 12.8757501567028 0.354478874358784
"314" 313 118.749682674541 85.5436553078006 11.1466832745055 -0.151247109125504
"315" 314 112.999627000441 95.3052381471522 11.3292382702797 0.484655814107716
"316" 315 108.454777924414 103.86037599363 9.6874164097605 -0.0440010036603352
"317" 316 102.362818239745 110.049245193133 8.68412774941719 0.289179444753895
"318" 317 93.7233051514372 116.25252787862 10.6358780774836 0.170575917974201
"319" 318 84.3666073080457 121.100637396769 10.5381193973355 0.144656595696488
"320" 319 76.4616550349632 122.902764841676 8.10776996265924 0.253912814903097
"321" 320 65.4926665774584 126.609454240991 11.5783528225678 -0.101733060586391
"322" 321 56.1614105375652 126.829950371414 9.33386082098799 0.302251405244546
"323" 322 47.5990180849244 125.221019464772 8.7122455874125 0.209366256257524
"324" 323 39.8115531177678 122.899406283848 8.12616135555588 0.103991990175237
"325" 324 32.0844549802638 117.737061317914 9.29289250846677 0.29924988715937
"326" 325 27.2145695572504 114.851406589701 5.66063487991778 -0.0540585089134298
"327" 326 21.1082633707247 111.044675369803 7.19570551260568 0.0225308187080177
"328" 327 15.1344317327194 106.677091722226 7.40016563043094 0.073852561940687
"329" 328 9.49479996605601 98.8893355438187 9.61533113095371 0.312727158121876
"330" 329 5.48776574862006 91.1293897423532 8.73344617326888 0.150100776910856
"331" 330 1.33713006706924 84.0452469491821 8.21053321502329 -0.0533303277756377
"332" 331 3.27972351320647 73.9589497235113 10.271663011487 0.720258698559729
"333" 332 1.87660687858884 61.046244823779 12.988713720685 -0.29850458423075
"334" 333 1.17621196253992 53.8838739805564 7.19653452255126 0.0107588329480252
"335" 334 3.30809119752187 44.1042655071161 10.009278244026 0.312112691135883
"336" 335 8.91418259273372 35.6739954030833 10.1241155049919 0.372210249635221
"337" 336 18.5766840169424 27.3815645480586 12.7329628625156 0.274711936368525
"338" 337 22.1504139543353 17.0534863810271 10.9288949253679 -0.528431170136237
"339" 338 31.8143418922944 17.5240403042177 9.67537721149395 1.28632419570774
"340" 339 45.5102379583824 20.8414278225003 14.0919348919707 0.188987415610542
"341" 340 58.5977531597549 15.522409413135 14.1271020023685 -0.623668730942596
"342" 341 67.7836988771932 5.88716521100773 13.3123825650539 -0.423237624858758
"343" 342 79.9789809579792 15.027219495671 15.2402590974213 1.45243035381003
"344" 343 93.8268946276317 26.749515353271 18.1432338125058 0.0592954005032773
"345" 344 105.583890482954 38.0317259966224 16.2946380304383 0.0623331980199529
"346" 345 116.977451217639 50.3471798297885 16.7774738662234 0.0594688646358811
"347" 346 118.185860525001 67.6125938135445 17.3076507095734 0.676657866775474
"348" 347 116.832223988265 86.221377030097 18.6579512453601 0.142490134857932
"349" 348 111.485871929013 96.6132478482829 11.6865075811096 0.402546093349475
"350" 349 103.70330215633 109.20932365874 14.8064012538312 0.0782860519955232
"351" 350 95.3702914299748 115.908555612052 10.6919959095502 0.340212134191902
"352" 351 87.2100293936011 120.469565528434 9.34840563730578 0.167465238709411
"353" 352 80.0136348497585 123.711663011675 7.89298996081233 0.0863891844333628
"354" 353 68.9812443631104 125.875236712547 11.2425393487854 0.229630306299323
"355" 354 58.5837223618729 127.524759856278 10.5275538644039 0.0363188240241467
"356" 355 50.7344283933677 121.673319430637 9.79034069166359 0.797932412048656
"357" 356 41.1189524192762 121.736867528821 9.61568596456406 -0.647206674014071
"358" 357 36.4281410111926 113.478650232133 9.4974662192359 1.06083430610289
"359" 358 26.4643896741911 103.237482467419 14.2883819199593 -0.255098019239787
"360" 359 13.9055842243375 99.7743004383462 13.0275563362344 -0.530057332105324
"361" 360 22.0272494600343 91.2712664631057 11.7585302221332 2.06418851321627
"362" 361 34.4172346794735 84.9315335348177 13.9177565483788 0.335384522409373
"363" 362 48.3044500822223 83.7069723004536 13.9411011709639 0.384997958984843
"364" 363 63.5641737428569 86.6583171525665 15.5425095346609 0.279000193960526
"365" 364 77.9758364193125 86.8340771058978 14.4127343922359 -0.178853576187112
"366" 365 92.5318990868624 89.2858336127855 14.7610999031477 0.154674059608919
"367" 366 105.11616292916 93.2963664582808 13.2078790938349 0.141648927818882
"368" 367 116.776433060592 85.3053756841211 14.1356935836441 -0.909322087525075
"369" 368 116.424015468901 87.7590363720859 2.47884023902255 2.31425405304439
"370" 369 111.997758387666 96.1086072982953 9.45024266360324 0.344796930264142
"371" 370 105.581235458239 104.264657444564 10.3775199586568 0.179139769837951
"372" 371 97.547515298127 113.835124740751 12.4953793011003 0.0317340866002299
"373" 372 86.5337536238633 119.147149786761 12.2278598416451 0.42307776886421
"374" 373 76.6485405388028 124.223846661966 11.1126184538014 -0.0250463432404443
"375" 374 69.568877007655 125.942838259759 7.2853666913579 0.236243045868235
"376" 375 58.9071531275031 126.351104957933 10.6695378434794 0.199923325017822
"377" 376 51.6634483616166 125.447530936662 7.29984278921426 0.162372257077202
"378" 377 43.1431956644328 124.315090024767 8.59518053578874 0.0080389895294642
"379" 378 36.299186521013 120.279969932904 7.94497673445132 0.40058846772683
"380" 379 30.9567102217813 114.019159140887 8.23041947784479 0.3316522051195
"381" 380 18.5766307815935 107.754877419313 13.8747105350924 -0.395944266710669
"382" 381 9.40882634004678 99.9617307279974 12.0325298100943 0.236092938102967
"383" 382 5.877925747361 89.9306650933797 10.6343564338157 0.527817399843967
"384" 383 2.14735807368613 76.1221860956343 14.3035389816312 0.0745867700054928
"385" 384 11.8630967617296 67.140113014586 13.231523536148 1.08848170433844
"386" 385 26.1305655982921 67.9895433822179 14.2927323822892 0.805646206008289
"387" 386 36.692610966461 77.3268289663237 14.0975779635514 0.664461946807129
"388" 387 45.9996417442763 87.6169316978724 13.8746904875398 0.111592300252011
"389" 388 53.8017511719312 100.591145419649 15.1394561731731 0.19386081688318
"390" 389 67.7665594060774 107.042179098565 15.3828379872826 -0.596634603330796
"391" 390 83.230971968493 109.111548798838 15.6022545440397 -0.299721717668228
"392" 391 97.5009390908955 112.206397225457 14.6017138876982 0.0805462121013242
"393" 392 95.1187866962638 112.985389529171 2.50628790056019 2.61197116521413
"394" 393 87.7588808249657 117.005022862759 8.38603998147288 -0.183834160026621
"395" 394 79.7074981873348 122.417573849529 9.70157052038122 -0.0919740815090434
"396" 395 77.9658540075738 122.469833446683 1.74242805142422 0.561861907201432
"397" 396 66.4774654254869 121.333157706121 11.5444837022799 0.128617191367547
"398" 397 61.641348498622 123.980714879477 5.51340057645881 -0.599507594955024
"399" 398 53.2955856437817 116.538835992797 11.1818298588938 1.22909526968908
"400" 399 54.8490362114978 103.899218260269 12.7347220264428 0.96487836685706
"401" 400 67.0604941984591 99.3567235158162 13.0289663700042 1.09238043359966
"402" 401 80.8950465221467 97.8270852079548 13.9188588379122 0.246006644889042
"403" 402 95.1439471211262 93.2822850149097 14.9561484705889 -0.198638167923618
"404" 403 107.214120119594 100.921916662157 14.2847137849721 0.873042256482806
"405" 404 108.812470348399 98.8296520822962 2.63292508933691 -1.48272233692192
"406" 405 116.35503737323 90.7936038873858 11.0212697959447 0.101373081548056
"407" 406 120.026584829308 82.0698275011174 9.46491073174199 -0.355367371417192
"408" 407 121.453945447914 75.7966376189378 6.43352699795592 -0.174640032410658
"409" 408 123.880627460061 68.7735462286828 7.43051803469654 0.108961723847975
"410" 409 122.108668098381 63.6690850389958 5.40327345379324 -0.666810330952367
"411" 410 122.136014481675 56.6946630402977 6.97447561043861 0.338045023640693
"412" 411 121.272258866762 49.9146505684591 6.83481110789325 -0.130635693833177
"413" 412 118.301607554545 45.5540613360627 5.27631572903554 -0.471316144046903
"414" 413 106.792096420131 44.4882040409841 11.5587585114788 -0.880422147323697
"415" 414 97.6954959444023 52.8369157245494 12.3470290754626 -0.834897199406778
"416" 415 97.7022247316166 66.316568271698 13.4796542265901 -0.828741583251202
"417" 416 106.787522207572 77.1986324169732 14.1761049053854 -0.695155507160697
"418" 417 112.95786222307 88.1834212134532 12.5991539719984 0.183860407484897
"419" 418 101.97015919488 99.2138483005528 15.5691984237954 1.29525204292609
"420" 419 94.6372964384402 115.159543284172 17.550956233647 -0.352430671032585
"421" 420 83.0747026328525 116.468147044419 11.636409210506 1.02707314408436
"422" 421 69.8530667162811 125.642334814711 16.0927740789134 -0.49390857904978
"423" 422 58.5718442849604 127.018261048325 11.36482083208 0.485238048601121
"424" 423 57.8038277971638 119.082998786071 7.97234197060573 1.5956782014963
"425" 424 66.1365368262582 108.041460334521 13.8329176655036 0.742967455047809
"426" 425 67.2600794767221 93.8291041587009 14.2566972386942 -0.567592843349047
"427" 426 60.0662009842469 81.7533064205905 14.0562007233907 -0.616161512895283
"428" 427 68.9804836314982 73.1315330593807 12.4015890516963 1.33934871396037
"429" 428 84.0217549859382 77.9101822432946 15.7821206427026 1.07633670892694
"430" 429 97.0989275051047 85.4869706230855 15.1135754620862 0.217510083710143
"431" 430 104.58582515521 94.0204209898822 11.3522425795847 0.325504407136668
"432" 431 106.872432047359 104.33601494143 10.5659855031339 0.502026434929123
"433" 432 101.289481670182 103.505587106701 5.64437288834785 1.9365951957328
"434" 433 87.099235657224 104.606593001998 14.2328948527607 -0.225094701667641
"435" 434 79.0972685138881 118.754451273204 16.2540263265803 -0.978624596920005
"436" 435 74.8034125590714 124.793040514694 7.4095721191006 0.103378570961587
"437" 436 63.6380726835683 126.091793857051 11.240621636715 0.836880121253729
"438" 437 54.6833431425934 125.927843904725 8.95623027500278 0.13410640080535
"439" 438 43.1733797637405 124.483159453781 11.6002745719804 0.106556304162178
"440" 439 36.5755491844688 119.613993877976 8.20000864373769 0.510910478689647
"441" 440 28.9389605138751 116.41841654815 8.27823658726554 -0.239458593878748
"442" 441 21.6725088906005 112.414136333011 8.29672099294276 0.10734486906965
"443" 442 15.7198128395715 107.404404112456 7.78023182158521 0.195931820789067
"444" 443 8.96203323148643 98.6148238215257 11.0871234737493 0.215754753109869
"445" 444 4.87131133534106 89.322739515278 10.1526763164211 0.240744336297195
"446" 445 0.679024750870081 80.9287913197936 9.38262399943697 -0.0484951089514137
"447" 446 0.865522746226909 69.9528772526771 10.9774983994988 0.480190691034613
"448" 447 0.660954646699458 60.2343282307222 9.72070178533866 -0.0380360685323012
"449" 448 5.54561224119065 49.9984751390859 11.3416298797387 0.466296576683553
"450" 449 13.4729521541372 41.085364366179 11.9283805164617 0.281678546000032
"451" 450 25.9345932220563 43.5366732791353 12.7004493421448 1.03809586136191
"452" 451 38.1110803494915 44.2792540467502 12.1991091871918 -0.133319146680995
"453" 452 49.7943068502387 40.5049804329625 12.2777409477271 -0.373377121833441
"454" 453 62.5767070169213 45.3943458732882 13.6856000391016 0.677804137351178
"455" 454 74.1558899276457 52.7760868727308 13.7319910086944 0.202201964065483
"456" 455 88.5199015053342 55.1739932005334 14.5627876232844 -0.402125217733039
"457" 456 100.691480839854 62.9818607104619 14.4606410144612 0.404951782657977
"458" 457 110.362587748894 75.7725876535929 16.0353673041755 0.353035811579094
"459" 458 117.628978974197 89.1614660834665 15.2335979679487 0.150160016207859
"460" 459 113.290288354858 90.4895864330139 4.53741555879807 1.77097828253909
"461" 460 109.174273788044 99.507161068645 9.91252885107534 -0.845543184364262
"462" 461 106.575926009386 106.021992119603 7.01387445007324 -0.0486971755220145
"463" 462 100.659974040664 110.162808235421 7.22113881608983 0.580607755648609
"464" 463 92.2624008369125 116.479395821144 10.5080214331945 -0.0342163013324118
"465" 464 82.2456851056664 122.069546412629 11.4710233927087 0.135875370009215
"466" 465 69.8811878839401 125.678641485355 12.8804642303784 0.225025599905371
"467" 466 61.3240677117255 125.617445834574 8.55733898764075 0.291152867512426
"468" 467 55.3049243634399 124.839901759924 6.06915656703913 0.121315790404152
"469" 468 55.5127764420225 113.286828506778 11.554942841881 1.46031835085591
"470" 469 64.4285739309478 103.695523768091 13.0952117758318 0.730925343299168
"471" 470 78.9593023867878 103.600211388952 14.5310410469097 0.815322587552325
"472" 471 91.3408913881953 97.6584772567193 13.7334609875994 -0.440866923687007
"473" 472 101.749092261245 87.5810193086113 14.4874360778446 -0.321828273649542
"474" 473 114.640197232949 92.4911249477742 13.7945541710936 1.13317980837584
"475" 474 114.848767209328 89.7214195396368 2.77754738625864 -1.85955949576308
"476" 475 118.808394636289 82.7066977667684 8.05512078811367 0.438725495029713
"477" 476 120.408259058245 76.2371218339826 6.66445638583677 -0.271460775797698
"478" 477 121.801899534556 71.9343282615789 4.52286041172308 0.0708025490652781
"479" 478 122.828085061587 66.4664068181465 5.56338221295599 -0.127713607556976
"480" 479 123.610106414004 60.6017511059181 5.91656522136024 -0.0529530297603508
"481" 480 122.009650977271 55.4375062863637 5.40655917948399 -0.433087122935693
"482" 481 121.579253177923 52.0414968005757 3.42317435916505 0.174460071929734
"483" 482 116.373671612227 46.4528434372509 7.6374816433507 -0.623860245128933
"484" 483 104.806485631099 46.9974049977578 11.5799973581684 -0.867915233008568
"485" 484 99.0675369295976 56.8837445477074 11.4313272149544 -0.997800475189305
"486" 485 104.286831952643 69.3489619450132 13.5137961098901 -0.922482267815639
"487" 486 117.459232468419 76.5609049851326 15.0174650910847 -0.673341569452888
"488" 487 116.072941348588 87.3693777263455 10.8970127129624 1.1974346029674
"489" 488 113.679632333296 91.1167182368059 4.44640179741078 0.440804938058794
"490" 489 106.30738491534 104.17211063603 14.993108506553 -0.0543167525137185
"491" 490 99.2398317202237 110.427188502078 9.43802454309809 0.332255928094657
"492" 491 91.1086140983438 117.481887774502 10.7650119293344 0.00986170099900228
"493" 492 81.8370659525404 121.41721252419 10.0721589495727 0.313221121706358
"494" 493 71.9025361353045 126.510378942061 11.1640148176932 -0.0723284539320492
"495" 494 64.8405621060437 126.944492774971 7.07530437577623 0.41233986105119
"496" 495 57.6612417351735 127.352266925334 7.19089151255225 0.00465729515538329
"497" 496 49.1351442844147 125.016794926589 8.84017913827298 0.324099708821871
"498" 497 38.0227744817228 121.205572493291 11.7477733663809 0.0630371453073524
"499" 498 28.9345042112447 114.563496335032 11.2567238662662 0.300726475937878
"500" 499 20.651587924487 110.304849174499 9.31358029177563 -0.156223794589559
"501" 500 13.7391200386121 104.498162190565 9.02772540580651 0.223775909667916
"502" 501 6.58997900966127 95.542202056656 11.4594694193055 0.198442269764847
"503" 502 4.01158232836852 83.3268597360056 12.484499087139 0.465651125112016
"504" 503 2.37345512777568 70.0415901255116 13.3858824643292 0.0853401965311441
"505" 504 13.6419655683949 63.1140942824729 13.2276047040144 1.14227500695163
"506" 505 26.8796132297534 62.5754794244121 13.2486007401384 0.510540404616645
"507" 506 38.938188947199 70.168901078507 14.2502386208177 0.60264573914309
"508" 507 46.4937366886706 81.8396622482943 13.9029841385176 0.434277206928437
"509" 508 56.8275958765188 92.857335866058 15.1055545301005 -0.178843567683292
"510" 509 64.8737043002967 106.693111775707 16.0052665016617 0.226644483089349
"511" 510 65.6032073600402 119.662432323523 12.9898210220991 0.470548988664053
"512" 511 59.8928326562712 125.542591781211 8.19662457998936 0.826939795887615
"513" 512 51.0733799206666 123.811625558295 8.98771331432197 0.993849116882426
"514" 513 45.4952476152597 121.16776092228 6.17297175031554 0.248803782551275
"515" 514 54.9485159171527 112.594183005493 12.7620734946477 1.96234750315117
"516" 515 67.6517283249371 108.823800787896 13.2509391193252 0.448114526158239
"517" 516 79.0866785619107 119.077997083719 15.3592522147186 1.01953540727452
"518" 517 91.4493405660349 117.082557392103 12.52266710374 -0.891040374264172
"519" 518 96.3156775234622 108.144927061172 10.1765648091873 -0.912174689439348
"520" 519 108.770138069834 99.9217322795781 14.9242929453012 0.488648265034458
"521" 520 113.97981677672 94.3406905919104 7.63470880574129 -0.236244815156437
"522" 521 117.631721123444 86.2694943812525 8.85892846954759 -0.32609780764203
"523" 522 120.446667320182 78.4592740266578 8.30201566355151 -0.0789730790131911
"524" 523 122.360747937671 72.3489685369008 6.40308814466912 -0.0423537393728884
"525" 524 122.896889450483 66.071910032161 6.2999135862079 -0.218366025671062
"526" 525 123.189207648803 60.1664911820034 5.91264929831516 -0.035746433344565
"527" 526 121.005203866826 55.5471471815172 5.10961950780274 -0.491107525025429
"528" 527 121.734027550942 50.0796405134932 5.51586920869365 0.57416758841421
"529" 528 120.651395729593 45.734922347846 4.47757385193162 -0.376729676907811
"530" 529 118.075009805905 38.7687397682439 7.42734570086324 -0.110030825406325
"531" 530 112.134595283864 34.1013619367641 7.55466349452153 -0.550595717473162
"532" 531 103.113162263297 27.9645191719122 10.9108703990607 -0.0686112230972773
"533" 532 90.284239893032 26.9822220151014 12.8664741435471 -0.520928730508227
"534" 533 77.789196723773 33.7838183989082 14.2263072218288 -0.574909932076774
"535" 534 74.2024142048171 46.2272747119353 12.9500816156695 -0.791667057890261
"536" 535 78.7149429266326 59.0613932116267 13.6043196496308 -0.618742326882997
"537" 536 85.330380654161 70.8614825823939 13.5279756610108 -0.172861651920659
"538" 537 85.8628010452795 85.3915737325216 14.5398425130363 0.47433858238668
"539" 538 85.9286197614555 100.201434321433 14.8100068455891 0.0321819981775822
"540" 539 84.477294996708 114.601748440729 14.4732646734305 0.104889291050561
"541" 540 86.3118873905247 117.621683068368 3.53351587044138 -0.646356706899935
"542" 541 78.7529781360893 116.687578678891 7.61640729788199 2.23966122224603
"543" 542 64.8434213260766 119.706238380344 14.2333438461997 -0.33665989430816
"544" 543 53.1284605523507 124.93978619631 12.830835073055 -0.206433411753961
"545" 544 41.7716843394403 120.706209218624 12.1202120433644 0.776962837359904
"546" 545 33.4649531253803 116.743827618047 9.20338260702202 0.0882630454796738
"547" 546 42.256048053887 108.626983357634 11.9652208834524 1.9509652915884
"548" 547 56.6246240601088 108.681299233401 14.368678667885 0.749321692920396
"549" 548 70.4903614137953 111.427120559803 14.1349993674546 0.191719707917923
"550" 549 86.0081125516798 108.142759692572 15.8615140098137 -0.404073630725784
"551" 550 92.8569369011188 115.76969368129 10.2506837351335 1.04767283829749
"552" 551 86.8593119998485 119.629413491313 7.13224659334095 1.73067208806384
"553" 552 86.8800327585569 118.953417497219 0.676313487868764 2.17326040696575
"554" 553 88.3426603528663 119.616425860146 1.60588280050149 1.96574813533433
"555" 554 90.3771140687337 119.11638953234 2.09500316255901 -0.666601221711125
"556" 555 91.9239613450615 117.584993314605 2.17667426868971 -0.539371949505158
"557" 556 94.2987427412932 116.45439961299 2.63017657164281 0.336046946077196
"558" 557 98.1042914398998 113.657339680908 4.72289584483132 -0.189496836824631
"559" 558 101.972012038302 110.916624587984 4.74033562608027 0.0173458593853352
"560" 559 105.874054533385 106.979264110702 5.54335125727145 -0.173420523771716
"561" 560 110.035423389947 102.934421337999 5.80325286509671 0.018703944507165
"562" 561 113.960768771814 97.7881497785883 6.47243751071812 -0.147982368999044
"563" 562 117.413084869004 90.6298263281785 7.94733169407212 -0.202243214916171
"564" 563 119.581159930452 82.7631928211209 8.15993089470948 -0.180443779428558
"565" 564 121.849494842083 75.9009894532817 7.22739083853272 0.0503202914879895
"566" 565 122.66337005443 68.8684517245869 7.07947595283637 -0.204030493248356
"567" 566 123.256267223035 61.6919724578758 7.20092922601475 -0.032787868230699
"568" 567 122.915253707487 53.3775066367248 8.32145612912035 -0.123421025284165
"569" 568 121.175240491564 46.4546752067064 7.13815389299217 -0.20525184153852
"570" 569 115.447047501037 39.9270786968153 8.68456741194755 -0.474020477611458
"571" 570 115.70989529574 34.9726229878377 4.96142321671923 0.773266946320574
"572" 571 112.948114036358 30.4647540282603 5.28661690321859 -0.602677904268372
"573" 572 110.358655655061 25.1265457781776 5.93310728284238 0.0980342117135515
"574" 573 104.823039370254 18.5475937742214 8.59800308926306 -0.247847170785055
"575" 574 98.746283878365 12.8158052750108 8.35346375510728 -0.115115451583171
"576" 575 92.3125425989815 9.04476435754254 7.45746447871274 -0.226030871975039
"577" 576 83.4357343130821 4.84363045772765 9.8207561515795 -0.0881257637310079
"578" 577 73.357176269385 1.99615436240895 10.4730822757001 -0.166685005885205
"579" 578 62.7327097820446 2.12872892873078 10.6252936032966 -0.287829074696565
"580" 579 52.3513376316325 2.97341069072394 10.4156792867482 -0.068708707652749
"581" 580 45.6266650569646 2.52751023200752 6.73943977312461 0.147397497276189
"582" 581 36.443733163954 7.43087750705035 10.4100551768774 -0.556660441844146
"583" 582 26.7881064043072 11.0784677304611 10.3216298402689 0.129253729201991
"584" 583 30.2333589578571 10.8259219900115 3.45449627424336 -2.85356880920166
"585" 584 38.032304944881 6.12795883948039 9.10463707526359 -0.468999204176907
"586" 585 50.3775342960535 2.42395501327319 12.8889228439621 0.250681745452846
"587" 586 61.3984735848633 2.07859841056981 11.0263490780341 0.260162969979129
"588" 587 74.1828079175747 2.18713831960129 12.7847950801878 0.0398160198411963
"589" 588 83.3995080201498 5.38925678772578 9.757106305904 0.325889749221764
"590" 589 89.494248114189 8.5716909399575 6.87559044353143 0.146839025265394
"591" 590 86.4372663417233 6.37216381975805 3.76603997717503 -2.99911142093341
"592" 591 78.9940288600248 2.592460052584 8.34793056850332 -0.153828787375265
"593" 592 67.2162438232458 1.45690350891803 11.8324008145615 -0.37375306717372
"594" 593 56.2244652457136 1.91138517936505 11.001170387112 -0.137441899975729
"595" 594 45.5448959595732 2.63169075537075 10.7038329704969 -0.0260211858893918
"596" 595 35.0136837766102 6.92336971384019 11.3721123070939 -0.31962716127859
"597" 596 26.718700944572 14.4847950646157 11.2241656045855 -0.352196372703139
"598" 597 24.0113001240422 27.4695524001943 13.2640092832774 -0.626066784747424
"599" 598 26.8070284541144 39.8961267699849 12.7371836550905 -0.426856166356406
"600" 599 27.2700658522423 53.2266675628303 13.3385801891273 0.186574104012763
"601" 600 29.7039925141658 67.5319730873487 14.5108843681369 -0.133806594601315
