"time" "x" "y" "speed" "angle"
"1" 0 2.04292067864337 68.8486631476532 NA NA
"2" 1 2.73324226791723 71.5567163472873 2.79465490332279 NA
"3" 2 4.2384617746513 77.0785668177825 5.72333105647062 -0.0165288104653974
"4" 3 4.60189649768213 80.5554879105495 3.49586399667276 0.161977828091819
"5" 4 7.52576905896104 92.6044371827476 12.3986373976579 -0.133914898349398
"6" 5 16.0511692472738 105.334264234706 15.3209316016895 -0.352047981328731
"7" 6 28.7023956223766 113.643763545058 15.1360928770552 -0.399533624620094
"8" 7 44.2614819231358 104.218710824982 18.1911183078636 -1.12579341430916
"9" 8 55.5116511701726 91.4142853495158 17.0446361018277 -0.305279041129255
"10" 9 65.4366440358152 77.6468080430415 16.972003852443 -0.096257751498502
"11" 10 78.1289767179584 63.6106228797916 18.9237893364738 0.110546199506123
"12" 11 90.3631373651885 49.0906384529527 18.9869595906737 -0.0349955812194534
"13" 12 105.618682460652 36.6748233872316 19.6693700942839 0.187496565324175
"14" 13 110.228113098469 34.1040520970369 5.27785144081748 0.174381844537112
"15" 14 108.152588453661 21.9126008498206 12.3668624179481 -1.23067299106461
"16" 15 94.7283967207828 12.5687455198788 16.3559333609538 -0.794101416801231
"17" 16 80.3035959760979 4.96676528477037 16.3053666017923 -0.123047808317276
"18" 17 66.6363403441045 2.44087595230713 13.8987047392951 -0.302268403251952
"19" 18 54.1442390240394 3.29023896824468 12.5209429726205 -0.250638668798891
"20" 19 42.5962397946482 5.56900132231911 11.7706857943098 -0.126939056691234
"21" 20 30.1636684464831 11.9192170027078 13.960446608711 -0.277401853453291
"22" 21 16.7414217082672 22.833550099419 17.2996929003815 -0.210481015858495
"23" 22 7.54239742634681 36.6814726976456 16.6248912184663 -0.301732078519005
"24" 23 3.08873044571005 51.4755106568086 15.4498773040943 -0.293939826022264
"25" 24 1.44410913233015 67.4415671861177 16.0505370739274 -0.189769634927606
"26" 25 5.32428636310063 82.9220826529541 15.9593901657034 -0.348234825389252
"27" 26 12.4397580721144 99.0878107516407 17.6624093091073 -0.169049607323801
"28" 27 22.9413504434872 112.426129573423 16.97628320116 -0.252325288414416
"29" 28 38.9695945529629 121.094944448247 18.2223203946947 -0.408043760069525
"30" 29 55.5478407347186 127.797811963088 17.8820211213502 -0.11156576687545
"31" 30 73.1579154924253 126.809142204384 17.6378060104934 -0.440305824970546
"32" 31 90.3569073389007 122.547960474925 17.7190008258537 -0.186783695209913
"33" 32 98.6815758521612 108.817142431564 16.0572559920913 -0.782907630359101
"34" 33 99.744275632519 90.2079765249195 18.6394846110134 -0.487977295624203
"35" 34 105.566096762835 73.7045304483741 17.5002095323122 0.28209072714881
"36" 35 117.726435633519 60.6133075139251 17.8676791825158 0.409415406969915
"37" 36 120.678846373486 55.4540602056772 5.94428817985292 -0.228780713222824
"38" 37 104.1671683192 51.4900781262945 16.9808323145261 -1.85495353277158
"39" 38 83.8586705581698 53.8303883758346 20.4428993387406 -0.350344408359217
"40" 39 63.7476301584709 62.3179617388985 21.828716122386 -0.284625134063281
"41" 40 43.0393211071522 63.7680603824745 20.7590185182495 0.329446181666654
"42" 41 23.1128253187951 61.1615761699605 20.0962432895678 0.199977337430287
"43" 42 8.84244260819879 60.810070562005 14.2747111669312 -0.105439643369126
"44" 43 4.92142520205255 71.258015235881 11.1594769325303 -1.23639758999236
"45" 44 5.40903144680807 83.932949650722 12.6843100825565 -0.397476743335324
"46" 45 11.0881414511162 98.7621079878971 15.8794278054987 -0.327287784381655
"47" 46 21.642600659923 111.983960645641 16.9178602929993 -0.307939342281478
"48" 47 37.7381250706782 122.799849316108 19.3919920015753 -0.305445213534054
"49" 48 49.9019343967205 125.881592516354 12.5481233048043 -0.343540464480659
"50" 49 58.4277755993354 127.990515077014 8.78279696788375 -0.00564320821090871
"51" 50 69.8703203680119 126.388390737996 11.5541608600901 -0.381599502660924
"52" 51 71.8020732064656 126.50817059559 1.93546279818532 0.2010368536
"53" 52 79.5298520225502 124.697316679136 7.9371126574506 -0.292103866403735
"54" 53 74.1658427646367 111.580177070688 14.1715188609584 -1.72880097000779
"55" 54 56.7199973193921 104.912481679219 18.6766079664585 -0.81755165279695
"56" 55 38.4310952516039 99.2225460633316 19.1535716292834 -0.063440883799559
"57" 56 21.9588634912936 89.3797620360475 19.1889243203764 0.236985435264305
"58" 57 7.38684405634816 76.6221308527376 19.3675218812781 0.180499217906223
"59" 58 2.57731097731253 63.5582026704128 13.9211288332261 0.498934948311319
"60" 59 4.77307658232683 64.944377206895 2.59670299375104 2.48666409362195
"61" 60 2.67609013047819 68.2506504836635 3.91520052614295 1.57290311636581
"62" 61 1.61462517859435 68.8636309668296 1.22574586143309 0.481876611738088
"63" 62 1.55694872230104 69.8424049802748 0.98047189812155 -0.988237049376843
"64" 63 2.78459015326296 78.299771827638 8.54600242650869 -0.203008836536407
"65" 64 7.97016927729289 88.2851670285476 11.2515931391925 -0.33483135817298
"66" 65 21.7019476361908 92.3130849879868 14.3103410157085 -0.806490610026132
"67" 66 33.8673705488973 78.9504212331547 18.0709240845539 -1.11758749100672
"68" 67 39.5817542948691 60.0766546684595 19.7198693184015 -0.444538689549833
"69" 68 36.1252366330375 39.2265564805429 21.1346660440215 -0.458280157198785
"70" 69 36.8672010397216 18.4605322737716 20.779275072461 0.199999844431007
"71" 70 45.0600047922229 6.24603175387935 14.7076869791769 0.555105573575387
"72" 71 57.3929886660843 3.01273715355119 12.7497719668014 0.723579960496701
"73" 72 68.270672433129 2.59700741414799 10.8856251704738 0.218196258480733
"74" 73 81.1914318783128 4.57849555223917 13.0718139476395 0.190371389755485
"75" 74 91.9788976023543 8.63723909741648 11.5257457855398 0.207691435389699
"76" 75 100.436259447077 18.0765724449332 12.6739095553865 0.48034924675178
"77" 76 102.003470637426 29.4056540109759 11.4369681316861 0.593121444033652
"78" 77 92.2248564030432 39.1261539120192 13.7880170681306 0.925841321524292
"79" 78 79.4720720011307 35.6418511477885 13.2202070995309 1.04912747390323
"80" 79 76.350372314644 22.1808148605797 13.8182671438268 1.07620847181805
"81" 80 77.7579390619599 15.371837181966 6.95294334623901 0.431728960908591
"82" 81 64.383653989155 15.4197520403723 13.3743709026745 -1.77822968751718
"83" 82 52.0202251475175 27.306969584215 17.1511024035447 -0.762181035565876
"84" 83 37.7389669103423 36.6494092674597 17.065623811392 0.186459152560435
"85" 84 21.7011929234944 38.2998131171803 16.1224696408581 0.476758157888774
"86" 85 12.4033833282274 46.5709638804929 12.4443239358064 -0.624482275000238
"87" 86 18.5512640443191 63.2887611743496 17.8123884882902 -1.19616243472537
"88" 87 27.024297980899 81.7065575004776 20.2733205371288 -0.0787820211217476
"89" 88 26.5690120634454 98.4095494671779 16.7091958485824 0.458427723270927
"90" 89 26.7519559378828 102.05052770204 3.64557141857572 -0.0774545811599386
"91" 90 37.8135432659545 94.3084686664773 13.5017847830092 -2.13125487195801
"92" 91 46.8713498853468 78.525446288153 18.1974629041796 -0.439130324071622
"93" 92 47.500583477769 57.918774522304 20.6162764867779 -0.490477929797611
"94" 93 46.9649254244579 36.6250953392477 21.300415552308 -0.0556763713800285
"95" 94 50.547285934925 17.452706735214 19.5041993327343 0.209870362650084
"96" 95 52.3819619526016 9.94971016709177 7.72405292518712 0.0550999116182808
"97" 96 61.013188098427 5.11870259598501 9.89124354833463 0.820706835448078
"98" 97 78.0267943004336 6.00479893565793 17.0366652464659 0.562304259124386
"99" 98 90.1393912702266 8.78031765853626 12.4265244350014 0.173219827693042
"100" 99 97.7074144021061 16.2246704252322 10.6157129878156 0.551906011911643
"101" 100 95.5689244079446 30.8341320498663 14.765145052345 0.938980728883458
"102" 101 85.2304301903395 41.957539962776 15.1860023141193 0.603497178626136
"103" 102 71.6234278268149 42.5406368074465 13.6194902713438 0.779127788644053
"104" 103 64.3731596129308 30.7045948601029 13.8801397021981 1.06402026878703
"105" 104 60.1495551971295 14.7294379764637 16.5240573624659 0.29113082741075
"106" 105 60.8686197251016 11.2701402481493 3.53324136856071 0.463417564405863
"107" 106 61.9077645324229 7.13466646625753 4.26403158188316 0.0412332970760692
"108" 107 53.413158585563 12.4768904318612 10.0348237199813 -2.37837150694072
"109" 108 44.6938799486184 26.7644501219724 16.7379861944969 -0.461463018017262
"110" 109 29.2265717876103 31.9546387071469 16.314891335748 0.699107095421941
"111" 110 21.9390836170427 45.7427818237541 15.5955241797191 -0.76083178400698
"112" 111 25.0850940018304 66.3734043198039 20.8691151205726 -0.637539045436378
"113" 112 18.1721996893248 82.8269645130144 17.8467854474546 0.549078404248258
"114" 113 14.4026043328135 92.7107585765967 10.5782434384511 -0.0333895313540851
"115" 114 16.3102577096435 99.3202765148363 6.87930728940368 -0.64534840222285
"116" 115 32.6830771863062 107.893182237625 18.4814482697436 -0.807456781941586
"117" 116 48.0474982979134 115.808649759117 17.2835199591574 -0.00663452099510292
"118" 117 67.4543137431059 120.632737186493 19.9974074627371 -0.232080122827941
"119" 118 87.0353397082559 119.824202753055 19.5977117485163 -0.28490718146385
"120" 119 98.8210781310818 109.01951312382 15.9889007800838 -0.700729515353964
"121" 120 108.727333546896 91.9019794292061 19.777357157861 -0.304173222034938
"122" 121 117.665472637525 73.9885014065558 20.0195660610162 -0.0618086950511783
"123" 122 121.481153930042 65.8514470690831 8.98727305788867 -0.0243352647006578
"124" 123 116.590349760676 57.9071873315328 9.32905291016993 -0.990321550441527
"125" 124 104.697671890723 45.5448120277441 17.1541280766526 -0.214195445353086
"126" 125 94.7969453034499 32.8293792605095 16.1154155209848 0.104456357619804
"127" 126 85.1092190576325 19.2645553305927 16.6690278079899 0.0413997980247365
"128" 127 76.4319037208837 6.83658681590542 15.157513082806 0.0106567809160887
"129" 128 62.0469801288599 1.90772041880077 15.2059117026527 -0.631169565061936
"130" 129 47.6656521066381 3.24292940840588 14.4431775841974 -0.422681884859387
"131" 130 32.4691780420742 9.11032370950593 16.2898477549529 -0.275890692581052
"132" 131 20.4472033726887 18.2628748098653 15.1095025264248 -0.282237117618939
"133" 132 10.902007929316 29.719503078811 14.9119109219774 -0.225455167175664
"134" 133 12.5962339318555 29.8462103350774 1.69895746752868 -2.1907831111279
"135" 134 14.7429544947508 24.8432415566578 5.44408906732787 -1.24011580426578
"136" 135 26.6429119891856 13.4283605509321 16.489648169207 0.400871397020003
"137" 136 42.3170054414008 4.61349796777173 17.9827419463433 0.252294188194714
"138" 137 57.9673532313255 0.996678693007288 16.0628380933106 0.285187172932746
"139" 138 66.3156312940994 0.89960015403884 8.34884248600491 0.215486273692891
"140" 139 77.3544257994426 2.33856521941411 11.1321877719775 0.141252402571273
"141" 140 90.1920375332894 7.67526734922565 13.9026855194001 0.26434991441631
"142" 141 91.5213043532903 8.13585187190371 1.4068007610482 -0.0604252068111048
"143" 142 93.6862466000737 8.88345579262404 2.29039004411562 -0.00104707555523532
"144" 143 97.5801379445298 11.3289197619723 4.59811742214252 0.228270177397724
"145" 144 101.185207938935 16.9632312645091 6.68894578929914 0.440822958974301
"146" 145 106.769584895424 23.1635027402648 8.3443772904412 -0.163982022874941
"147" 146 109.094622505318 34.4617146226446 11.5349638762577 0.530228425101418
"148" 147 99.4716126863771 48.438074093004 16.9688226468467 0.805934772092666
"149" 148 84.79427993157 48.2033835770325 14.6792089852832 0.983804989608129
"150" 149 75.8005141468448 33.79796999619 16.9824545759915 0.996688624772194
"151" 150 74.171179192466 17.6098290556233 16.2699305316653 0.457806979142781
"152" 151 71.5176030170049 11.7358493177831 6.44554919921735 -0.32399701045156
"153" 152 56.5367844010908 8.80245561186647 15.2653111673766 -0.95312376681617
"154" 153 52.2229970227434 9.44021642914914 4.36067659952561 -0.340142653450105
"155" 154 39.8951166184727 20.125879816685 16.3144119505953 -0.567381004543938
"156" 155 36.7157472029133 36.1722647367751 16.3583268974639 -0.66103334565691
"157" 156 50.9806224872708 49.2024832390685 19.3202810822146 -1.02620378777361
"158" 157 68.2173835513403 51.7473533944876 17.4236131754515 -0.59361226683771
"159" 158 87.0386490154108 52.3006598108001 18.8293967417797 -0.11719358247591
"160" 159 103.61352294144 60.1338640350243 18.3326357647277 0.412094852455832
"161" 160 119.36324346242 55.7071743944989 16.3599901486069 -0.715480003919552
"162" 161 122.957139043361 49.8986695212397 6.83043295182542 -0.742722888876859
"163" 162 121.489008230172 40.963361462863 9.05511668520779 -0.716929361371133
"164" 163 113.273522344383 27.6979698212786 15.6033593736799 -0.391650803015771
"165" 164 109.694811676645 22.3478619147481 6.43667807606573 -0.0350477939411666
"166" 165 99.1132071105548 13.7366332751714 13.6427128488496 -0.298151627766357
"167" 166 84.3361896378245 6.32895112954195 16.52979129209 -0.218409419142992
"168" 167 70.2719848465201 2.65751986617682 14.5355173259628 -0.209335718222921
"169" 168 56.4243621785366 3.72953742317227 13.8890559505446 -0.332610542837253
"170" 169 44.0380989694498 9.21435774849554 13.5463194368749 -0.339601468294539
"171" 170 35.2485908530541 21.7944129406031 15.3464406806484 -0.544090156716127
"172" 171 33.0138459353766 38.5355653797758 16.889649784371 -0.477139913939386
"173" 172 39.2143781383806 55.7517640509489 18.2987457571767 -0.478398053947312
"174" 173 49.4528189306576 69.9267250472463 17.4858568306936 -0.27983551864732
"175" 174 66.5184085746026 67.1470132251533 17.2904929863034 -1.10673238439107
"176" 175 84.8079011583052 64.9529356434783 18.4206274432692 0.042072751371316
"177" 176 101.746850810378 62.4632230451727 17.1209428518878 -0.0265433220862025
"178" 177 118.032493237146 60.0869930855912 16.4580867075542 0.00104951262566866
"179" 178 119.670096833843 60.0730117487341 1.63766327970492 0.136349605509938
"180" 179 123.754725482248 54.4323145589656 6.96431303015818 -0.935517597127556
"181" 180 113.878823966643 51.7165338330684 10.2425043664658 -1.92918005078141
"182" 181 108.010266862634 41.6876802372005 11.6197188834485 0.77299709581482
"183" 182 98.0655265911163 28.3505411767915 16.6366203714767 -0.111264895422825
"184" 183 80.2219327927541 17.0530000321782 21.1193815145042 -0.36565640982624
"185" 184 67.8522023891471 6.34779648728511 16.3588389928965 0.14895385724626
"186" 185 58.3931974774638 2.71793653346854 10.131567361646 -0.34697048835397
"187" 186 43.3750871755827 4.81604461322946 15.1639603848673 -0.505223486981151
"188" 187 28.2837566495392 12.4030332601267 16.8911412809923 -0.327028989612071
"189" 188 17.1813171048603 21.6823694929226 14.4696318116436 -0.230352076744824
"190" 189 8.11654934894809 37.7004453561004 18.4051288728752 -0.359633413113605
"191" 190 3.19408306465109 48.5907776798104 11.9511510927142 -0.0904564191539286
"192" 191 1.14102913935503 65.0216091431659 16.5586005748483 -0.300211579008898
"193" 192 4.77500343763128 82.8705733372755 18.2151390882183 -0.325157719086246
"194" 193 15.0053983175323 98.1804094232362 18.4133663510421 -0.388229090338043
"195" 194 23.1395701929125 113.950946092486 17.7447056592769 0.112885760012558
"196" 195 39.8146310826753 123.933081958417 19.4345232028783 -0.555193257873017
"197" 196 56.1010610359573 128.48367724571 16.9102252525474 -0.266947339144193
"198" 197 68.6157285019653 128.277509056339 12.5163655710062 -0.288934368633409
"199" 198 79.0888926237553 126.780190754459 10.5796563658321 -0.125532213973779
"200" 199 90.2772796093559 122.111777667749 12.1232868516639 -0.253287672049828
"201" 200 99.2752491890595 115.331161902101 11.2667744593839 -0.250490597970223
"202" 201 105.617283833998 107.420904468159 10.1387166894447 -0.249207200378431
"203" 202 109.189090788555 90.3295991585878 17.4605418617411 -0.469787233519898
"204" 203 107.380769202737 71.856055246275 18.561838584523 -0.303595009240633
"205" 204 95.3977148256793 59.6773607875966 17.0854965078968 -0.679725006266968
"206" 205 86.7980856097215 45.5014930427601 16.5803754170722 0.232014676540757
"207" 206 82.956036709148 25.7207861578419 20.15037728236 0.353443131504348
"208" 207 84.2644765117296 11.5324709945192 14.2485192876577 0.283802866892779
"209" 208 86.2533886595634 10.6074753760166 2.1934877310005 1.04351660418622
"210" 209 91.6680752231485 9.56529813860664 5.51406963830211 0.245173257512874
"211" 210 102.955479390017 14.7937105476244 12.4395252781212 0.623930027961839
"212" 211 112.347881029417 21.7698219422713 11.6997153275762 0.205055428796311
"213" 212 115.47422659519 27.4153912942448 6.45340916915811 0.426225051225112
"214" 213 121.456139966922 38.2863214570867 12.408078424651 0.00268472510664942
"215" 214 124.521041267636 45.5357312175759 7.87067734433276 0.103059825609171
"216" 215 126.029919144371 59.2504932254987 13.7975146088295 0.290410469680149
"217" 216 125.109376210398 74.9885417258459 15.764947506813 0.168002816440114
"218" 217 123.29203972025 87.4917998479367 12.6346418859441 0.0859132645415513
"219" 218 116.428469261637 100.186208081084 14.431098358411 0.351318769724281
"220" 219 101.946981114398 109.113653764913 17.0121364148171 0.522695315363322
"221" 220 83.7327071988596 107.697462011268 18.269246655332 0.630039632135359
"222" 221 70.2980161494602 117.094762042346 16.39512645474 -0.687972644455695
"223" 222 58.0325668782053 125.793338311362 15.0368372649842 -0.00649244985231041
"224" 223 41.3204332936642 123.344214682052 16.8906369181032 0.762381304566683
"225" 224 26.1769900249729 114.406772664228 17.5841332983475 0.387659915557543
"226" 225 13.8614615849392 103.441667741611 16.4895653890957 0.194285018311921
"227" 226 5.49514687477552 88.693461526359 16.9559667491154 0.327328847266139
"228" 227 1.53955884484674 71.7090691841771 17.4389294366278 0.287194055876934
"229" 228 1.76621896741232 57.3130278198241 14.3978255919193 0.244559951417902
"230" 229 3.59677272152964 47.1123779347113 10.3635990430624 0.161821310535052
"231" 230 8.29687668841417 32.4294338702777 15.4168681546808 0.132234809302144
"232" 231 17.9740167680163 20.9609198772505 15.0057939919387 0.391084586676899
"233" 232 29.3104551497342 11.8043919011179 14.5724685540984 0.19048921764929
"234" 233 43.2813210937087 4.43204896951579 15.7967254684523 0.193866478794596
"235" 234 60.0300404723793 1.63364998559318 16.9808903682544 0.320004464419679
"236" 235 76.5870564238102 3.30505657582888 16.6411651396716 0.266159858378412
"237" 236 90.6844317155538 9.64909732210717 15.4590699301963 0.322259301090804
"238" 237 91.2317801533414 22.5072424162659 12.8697896476511 1.10538677013853
"239" 238 80.8728695738009 29.8821909576376 12.7160093733371 0.994642701594339
"240" 239 69.7111396595289 27.9621192127137 11.3256739395415 0.789051623856731
"241" 240 62.4764750363849 25.3443375283553 7.6937086737368 0.176826919537592
"242" 241 63.1002898628992 38.1692108496241 12.8400358505874 -1.96658140854385
"243" 242 71.6219001171195 50.3077439385654 14.831110102624 -0.563484147253
"244" 243 81.0462150830252 58.6912169594024 12.6134980266259 -0.231693581077603
"245" 244 97.7849022970198 62.9646224489851 17.2755794150687 -0.477054202081029
"246" 245 113.644926763653 54.7305845953941 17.870079895081 -0.728826873771199
"247" 246 121.802704990227 53.1858152236543 8.3027500266981 0.291719533015114
"248" 247 123.824296879814 46.6134114887727 6.87628712477349 -1.08524712135213
"249" 248 117.582402959594 30.8911465935267 16.915994004124 -0.67632955550302
"250" 249 108.131535273325 18.6721651515579 15.44740779233 -0.280419909701884
"251" 250 95.8028755533508 9.6815437389565 15.258673725971 -0.282364945423357
"252" 251 82.7981442113025 4.17709513213069 14.1216851595 -0.229685236457446
"253" 252 69.4708539948524 1.09386750064882 13.6792893507308 -0.17305296931223
"254" 253 54.5586973214257 1.41040707893183 14.9155158796954 -0.248571026035415
"255" 254 39.4944662108548 6.1668048558198 15.7972902348687 -0.284611175521491
"256" 255 29.3513318014855 12.0958594046547 11.7489090340164 -0.223138377198207
"257" 256 18.3016171508997 20.0396205579688 13.6088035888638 -0.0943321512917271
"258" 257 12.3946755372987 33.5087944085943 14.7075016044488 -0.534197243043996
"259" 258 4.07939471604586 46.8143824785039 15.6902061497743 0.145267230567819
"260" 259 1.09023749764315 63.6545889704427 17.1034387059289 -0.382889320423159
"261" 260 2.76086363700822 80.9334224751405 17.3594089467526 -0.272058205806325
"262" 261 9.24321870227893 96.3743384467994 16.7464268796682 -0.301085527373047
"263" 262 22.8598451949292 106.988267599143 17.2646462196972 -0.511219333786751
"264" 263 39.3463939177873 109.582436903256 16.6893979271147 -0.506033799856288
"265" 264 48.3278006350721 97.366875861623 15.1619787027671 -1.09287772438757
"266" 265 44.4759189018933 82.5460105932069 15.3132308867508 -0.888260114650663
"267" 266 43.5502545490868 68.495702229209 14.080767721168 0.188483457511459
"268" 267 51.216411997453 53.6826713806826 16.6792042059127 0.543358504023765
"269" 268 59.1543502068905 39.5728062544894 16.1894767332429 0.0348793453363919
"270" 269 67.6443594338262 25.4320572206175 16.4936666606429 0.0282577667801796
"271" 270 79.1679880440477 15.8073348198444 15.0143031019844 0.334239272399052
"272" 271 93.1120960917909 14.3452870314824 14.0205468146785 0.591379641347972
"273" 272 94.6723654660968 12.5089398789272 2.40969113894178 -0.762031246543608
"274" 273 86.5098330541876 5.73334392986307 10.6082814744162 -1.58227436556944
"275" 274 78.1876552140273 3.18983013150781 8.70218975003865 -0.396203559901914
"276" 275 66.2121040392664 1.49171822514803 12.0953466252868 -0.155755456698168
"277" 276 54.8294596372798 1.41069416501353 11.3829327714961 -0.133741071745035
"278" 277 43.0129949212137 4.58623366567879 12.2357218629029 -0.269653806023791
"279" 278 33.1356542324544 9.60622692553603 11.0798100800886 -0.207676802763799
"280" 279 21.4919332127741 17.2017471356115 13.9020921607436 -0.10779721368584
"281" 280 16.7571990517342 25.7669712613647 9.78676513972322 -0.487807099865538
"282" 281 28.2414798835882 27.8434195065668 11.67049028704 -1.8969004866213
"283" 282 38.8371697563362 15.6414102353138 16.1603735765977 -1.03461695936715
"284" 283 43.708268354365 6.82928948677668 10.0688168936831 -0.210085334422352
"285" 284 58.9510207414423 2.56073294166022 15.8291527035595 0.792782613965978
"286" 285 75.1343050303543 2.85315927335633 16.1859260944568 0.291112031548138
"287" 286 89.5199766506277 6.99463340610974 14.9699484287223 0.26224124066327
"288" 287 102.280785565954 16.0224621798921 15.6313766681697 0.33540971509446
"289" 288 113.344304075127 23.3952940088916 13.2951153053111 -0.0278942242870301
"290" 289 120.813088913187 37.3222397074938 15.803245345468 0.49072090779967
"291" 290 122.208978347404 48.7841779840337 11.5466244577266 0.371063020921121
"292" 291 113.588421333618 58.8543267799279 13.2560137296017 0.829184263387069
"293" 292 99.9769066959804 61.1031219205476 13.7960287878466 0.699066364785126
"294" 293 89.0148526226071 54.650984564412 12.7199334105962 0.69572000375967
"295" 294 84.2687997983947 39.5207241977319 15.8571686052002 0.734850912891388
"296" 295 86.3986661581799 24.3428073868545 15.3266268118089 0.443375395492602
"297" 296 96.5767466910774 18.3542139668416 11.809173319262 0.899547402361747
"298" 297 108.818743472525 20.3564929092425 12.4046606628373 0.693955323602646
"299" 298 116.545195286267 29.6083752967795 12.0538535474307 0.712880583994773
"300" 299 121.80107859402 39.9470895551184 11.5979878367023 0.225472551203173
"301" 300 126.584377445562 52.7117743502314 13.6314755555572 0.111787337366327
"302" 301 125.70037492937 67.2486349570335 14.5637143871413 0.419269456670464
"303" 302 124.403538476929 70.5594318618025 3.55572227951048 0.312593776239035
"304" 303 112.969979390173 76.6383319328983 12.9491041954537 0.708803448742875
"305" 304 98.6399725261935 77.1114349165738 14.3378144483339 0.45565993370703
"306" 305 87.6122658977507 67.6784500760382 14.5117716521718 0.740617516812503
"307" 306 86.930938990038 53.9161469352718 13.77915796025 0.813715305421532
"308" 307 84.1306315958811 36.7931281790585 17.3504896999307 -0.112639123831725
"309" 308 88.9508953584513 21.9652907499909 15.5916549975814 0.476411595155482
"310" 309 102.823119746598 19.9620356107425 14.0161207410618 1.11307401205308
"311" 310 110.608507850817 22.6977635977173 8.25205886745987 0.481331136542916
"312" 311 118.564564602384 32.9034685818683 12.9404502726018 0.570722791620767
"313" 312 124.662950119668 45.3712336330219 13.8793181132282 0.207242964304341
"314" 313 125.210150426119 50.251558391862 4.91090601896717 0.343258243987599
"315" 314 126.524232505526 62.5939003399564 12.4120995997902 0.00558755952813164
"316" 315 126.151531544604 76.1911634100399 13.6023699774461 0.133472975605644
"317" 316 123.462637824357 88.5968030390171 12.6937009592488 0.186042893011918
"318" 317 114.944691216487 100.347378858579 14.5131473673284 0.413794056792763
"319" 318 104.766326345223 113.038967048783 16.2688512883456 0.0487053272331702
"320" 319 91.4098686738112 122.573584703907 16.4104812652652 0.274884526779275
"321" 320 76.9517630747245 126.50125379334 14.9821027225963 0.354709270488878
"322" 321 62.0580431258289 128.370468027609 15.010558143178 0.140406380970988
"323" 322 45.7515847371494 125.899888943475 16.4925542652645 0.275216381481266
"324" 323 30.0365134059583 117.075660943364 18.0230537574064 0.361274267926384
"325" 324 26.9830092230875 100.771547949621 16.5875853670008 0.874016856427246
"326" 325 18.9338207851437 86.5529750287585 16.3388264699588 -0.329983308540178
"327" 326 12.3221058604629 71.5451738198165 16.3996607090625 0.10015372365814
"328" 327 14.8319080651764 55.8077289864799 15.9363194304425 0.573117000340888
"329" 328 19.6784486154212 39.1349254112084 17.3629298899913 0.124741673889333
"330" 329 25.7870738112751 24.0567459064388 16.2685831885101 0.102031551807125
"331" 330 36.8481810834641 13.0092941884546 15.6331149662524 0.401094736628077
"332" 331 45.1161633830947 4.90966256857962 11.5742629866737 0.00966757516144402
"333" 332 58.6280270899265 1.70678950128983 13.8862830418066 0.54236714795452
"334" 333 74.561857121758 2.78550579588902 15.9703026999344 0.300342385310113
"335" 334 90.3700992024197 7.02547636563993 16.3669749224821 0.194448580841623
"336" 335 103.494939553665 16.0651177422492 15.9366417561349 0.341085696535053
"337" 336 107.719172255424 19.5549360107808 5.47932235463376 0.0873486032952968
"338" 337 114.006714976716 29.1151354207301 11.4424912597767 0.298562281846254
"339" 338 109.84621815756 41.0562249186587 12.6451315603969 0.917019801178301
"340" 339 98.9658576583719 48.9360278721027 13.4340440366036 0.608732644403579
"341" 340 92.7876020409985 62.0723153943595 14.5166419099255 -0.504375123820801
"342" 341 98.696153381747 79.5878538483759 18.4852661944692 -0.764967774373189
"343" 342 109.593257635094 91.4524086408531 16.1094550352271 -0.417575201828432
"344" 343 112.175133157565 97.2815670965523 6.37535642259996 0.325966058116308
"345" 344 111.084793016536 102.978052195379 5.79989518045776 0.606072546501501
"346" 345 105.755910735784 112.477761691575 10.8922663791437 0.322094462947754
"347" 346 96.0319099271716 120.06854407864 12.3359705322962 0.396769718871347
"348" 347 83.1894448346339 126.194414402761 14.228675162537 0.217733945148015
"349" 348 67.3189890926512 128.463095557895 16.0317896581103 0.303091786838975
"350" 349 49.3515262056243 127.468368841843 17.9949771835453 0.197294233961348
"351" 350 34.0113359036207 118.681485191368 17.6785396113104 0.464874250161936
"352" 351 30.956373910142 101.51763177975 17.4336071057337 0.874472349950237
"353" 352 39.9630820394204 85.2088713448556 18.6305249053481 0.680721703218187
"354" 353 48.1561591287665 70.0786209477236 17.206132315889 -0.00828192574030069
"355" 354 53.9649797850783 52.9748322909449 18.0632772174084 -0.168896743357697
"356" 355 56.871126356899 36.3988846700502 16.8287767656343 -0.15384036720051
"357" 356 58.9477903508931 19.8448600417561 16.6837724971937 -0.0487633878053278
"358" 357 63.3421625728688 7.19208426923908 13.3941495427991 0.209476145749385
"359" 358 63.9635994625188 5.57916243340756 1.72849664631435 0.0334863602124835
"360" 359 56.508339372977 2.24912473773629 8.16517324110793 -1.5184737211126
"361" 360 44.8749190494912 3.94400807419146 11.756236555424 -0.564753891408666
"362" 361 33.6278879157734 8.92419982751272 12.3003259803416 -0.272177752968927
"363" 362 22.5507490906114 16.1022363756197 13.1995156440633 -0.158120407157668
"364" 363 21.4829911723208 16.8960279997537 1.33049318473175 -0.0643048310966398
"365" 364 21.2832513544955 17.0660106807252 0.262278681282191 -0.0658102151193654
"366" 365 19.9343217485509 18.3121936470902 1.83645938355633 -0.0407402457908233
"367" 366 16.5313995061 22.5522532106351 5.43672556697276 -0.14866701403915
"368" 367 9.41411470345186 32.0811427764505 11.8935057623693 -0.0347781008393345
"369" 368 3.47544226898568 44.931705342498 14.1564398260223 -0.208626728771797
"370" 369 0.386063052052616 58.0564417509445 13.4834331584066 -0.201720286048216
"371" 370 1.39825127174585 71.0064049704841 12.9894600495753 -0.309180615559975
"372" 371 4.34822734804214 86.951819648498 16.2159985232036 -0.10493338843337
"373" 372 12.8457449580916 103.123168310254 18.2680136597605 -0.300877116390369
"374" 373 25.2563556095265 115.899720486117 17.8118932807283 -0.287056903552588
"375" 374 42.1066479266344 124.907571813518 19.106902854951 -0.308997601236956
"376" 375 59.6274093881443 128.796429572547 17.9471528901131 -0.272512125110171
"377" 376 72.5848192148028 128.068276857304 12.9778532813675 -0.274553116292576
"378" 377 88.3140409709476 123.050797133802 16.5101035681105 -0.252650563545757
"379" 378 96.6583418542429 117.601231592979 9.96619896523669 -0.269755842037557
"380" 379 98.5668106931117 112.478424830204 5.46675428729572 -0.635637739130688
"381" 380 91.2360602233579 97.5027556879263 16.6736489320356 -0.811836392864803
"382" 381 87.3945120159879 87.2622909049045 10.9373036714658 0.0963327325974042
"383" 382 88.5806582647416 85.2778797596308 2.31188894995385 0.897638550314774
"384" 383 95.5034968809133 72.0942105378894 14.8907631991732 -0.0552192861987493
"385" 384 98.4198070955462 54.4083605323443 17.9246800720853 -0.320106465934626
"386" 385 92.9578550377648 38.8284546883572 16.5095846825111 -0.500613004343819
"387" 386 77.0132962665234 30.9650574314144 17.7781318149593 -0.775438167022507
"388" 387 59.0809148369539 34.8497677338064 18.3483317462128 -0.671504269717636
"389" 388 41.7721114609596 37.0503855385973 17.4481343710895 0.0868744255395211
"390" 389 30.9902119814539 25.0009228978001 16.1690725249822 0.967319914949727
"391" 390 30.5565054598793 22.5894982957538 2.45011631524103 0.551984207029625
"392" 391 24.6176746872721 20.5616783433599 6.27548920045226 -1.0638053284072
"393" 392 14.4641103416914 28.5130191455112 12.8964603466147 -0.993394555674889
"394" 393 13.3695961892271 45.2183811086307 16.7411791564627 -0.841015161762697
"395" 394 20.5701398603649 59.894060453169 16.3469689356672 -0.521560587262505
"396" 395 32.3076556829771 71.7988920272252 16.7180827995532 -0.322185965558749
"397" 396 50.4165573213979 77.1544381113503 18.8842313163441 -0.504930036244065
"398" 397 68.6560911995295 79.5294905853403 18.3935170738419 -0.158058990101568
"399" 398 86.2141124292654 86.4727919236371 18.8810365970264 0.247090954813272
"400" 399 102.586493742545 85.9613180376956 16.3803685979109 -0.407806810971688
"401" 400 120.072473958386 83.3980004573442 17.672863410509 -0.114326114802625
"402" 401 126.612117785221 71.3488122607882 13.7094813022918 -0.927983771240153
"403" 402 125.799110564199 59.6911837335135 11.6859438481178 -0.566884179159414
"404" 403 125.01260057139 47.222599985068 12.4933653857072 0.00663175230053277
"405" 404 119.174279768522 33.0494771554833 15.3285159275026 -0.327751669767985
"406" 405 111.594805771125 21.08093080942 14.1666696056298 -0.173785752367083
"407" 406 101.786940713899 14.4830664345137 11.8205766056659 -0.414087158747388
"408" 407 91.6478555858234 7.14410568825108 12.5164448654379 0.0343641356696594
"409" 408 77.5348721878019 2.74124090080303 14.7838262547075 -0.32413564918463
"410" 409 62.9989800570958 0.403524594535928 14.7226722290524 -0.142946038791717
"411" 410 48.4059381866705 2.82422737106641 14.7924532436066 -0.323842096112053
"412" 411 35.4821035684337 7.50640010692876 13.7458445636487 -0.18319736525962
"413" 412 22.2475977913096 16.0417139104222 15.7481340129183 -0.225220818337607
"414" 413 13.2791839453494 25.7124428524607 13.1892170041589 -0.250257970278329
"415" 414 6.8890806342113 36.8519977341819 12.8422390294643 -0.226924184544494
"416" 415 1.81734818862949 51.8503087975483 15.832618379569 -0.194729737325294
"417" 416 0.220668842536693 68.9368732357914 17.1610043189924 -0.232906577273117
"418" 417 1.0399620836512 73.1424253536336 4.28461317166703 -0.285578337472712
"419" 418 3.87378367108987 77.8995005523115 5.53717520359526 -0.344854247011969
"420" 419 9.92975907804225 79.869991812995 6.368490711153 -0.718964385481118
"421" 420 17.0172993605011 74.7391682460695 8.74977586743775 -0.941176234668997
"422" 421 29.4270167282182 79.6046644431856 13.329446289729 1.00025378980998
"423" 422 31.7344926485762 95.2142788232379 15.7792428911202 1.05038234343806
"424" 423 30.3211562094757 112.322657622887 17.166657946216 0.229184786097019
"425" 424 45.5330081244045 115.384563017862 15.5169489052938 -1.45458988216298
"426" 425 61.3806129393742 106.020433194764 18.4074307200999 -0.732321229352173
"427" 426 69.4038859827887 89.6292371081609 18.2494991569264 -0.581903477744631
"428" 427 71.3322045955297 71.5368048890012 18.1949035797702 -0.3490210224834
"429" 428 76.3673669454288 55.3869332206132 16.9165958394484 0.196045615555718
"430" 429 88.156342919424 41.0903297919279 18.530321748759 0.387335585749791
"431" 430 94.5308455554526 25.5506130095768 16.796341313882 -0.300287316446916
"432" 431 94.926847213752 16.5500244466807 9.00929585438898 -0.345305590578622
"433" 432 90.8820023358985 8.53955568749828 8.97376062906383 -0.511564603145313
"434" 433 77.1389744480868 2.90890328826903 14.8517696577249 -0.714351956366333
"435" 434 63.2387957652845 0.593728905732545 14.0916641968004 -0.22380658244008
"436" 435 47.8452703015485 2.7822759870768 15.5483235279546 -0.306268881390631
"437" 436 33.493592888847 8.54860233645641 15.4667761387367 -0.240819734530773
"438" 437 21.2107802774795 17.3476411460608 15.1092875285003 -0.239581798691154
"439" 438 12.6225173393974 29.0463530298242 14.5126882428081 -0.315907589861059
"440" 439 23.2018429409058 37.7365776745689 13.6909508274209 -1.51638189762447
"441" 440 35.9743838976913 42.6302171549798 13.6779205238589 -0.321789120920338
"442" 441 50.1059669813053 36.793765956582 15.2894016573692 -0.75755505470053
"443" 442 58.6138451681983 22.6606869767561 16.4962999697813 -0.637250470359488
"444" 443 60.3838147482867 9.04166167173507 13.7335589915085 -0.41263793481754
"445" 444 68.561632496773 4.8377012529586 9.1951066513715 0.966718547792666
"446" 445 81.8670976193079 5.6032238989989 13.3274688913009 0.532310240326369
"447" 446 94.3320534319563 8.82169795101214 12.8737600814509 0.195211891184048
"448" 447 106.237796876992 18.5953490433117 15.4036029114305 0.434683931039398
"449" 448 115.366048377935 26.8339856483879 12.2963453340808 0.0468512081303107
"450" 449 122.09494503673 40.7039302128953 15.4160115615955 0.384887254858783
"451" 450 125.692276656367 52.812871824283 12.6319935770106 0.16291465045153
"452" 451 125.940272954109 66.7247221198392 13.9140605435531 0.270951922197699
"453" 452 124.301849338961 81.7289360136933 15.093404735685 0.126590990513825
"454" 453 115.571704230609 96.195230343438 16.8964228536012 0.43420908764637
"455" 454 103.717518086925 107.424333715961 16.3283340142193 0.269495293279854
"456" 455 94.5969806559284 117.017989985554 13.2371614649561 -0.0523487328127131
"457" 456 83.7828398596653 126.266998554319 14.2298910981948 0.103128524565935
"458" 457 67.7379187454033 128.810631425509 16.2452935260119 0.550321994584083
"459" 458 51.5136998270553 124.910788423701 16.6863433666346 0.393119946291927
"460" 459 44.9977001348003 113.277779808288 13.3336094676471 0.824312474612719
"461" 460 45.1126392375167 97.5502701890367 15.7279296101233 0.517895476161959
"462" 461 46.720789149861 79.7571255735591 17.86566935348 0.0828273883663433
"463" 462 47.7353369781023 62.9668933751425 16.820856237794 -0.0297839108619228
"464" 463 58.5870303346083 53.0663577962708 14.6894470097462 0.770848610086796
"465" 464 73.318079865248 46.8540384504096 15.9873929059469 0.340510424271415
"466" 465 89.8550170186166 47.1766587603787 16.5400838655331 0.418592386705395
"467" 466 105.502369312445 50.7319637836579 16.0461779753231 0.203914616315456
"468" 467 118.774830128394 53.9087412560684 13.6473488714876 0.0115100724428547
"469" 468 119.404683200807 55.4917029281135 1.7036673818539 0.957174340639804
"470" 469 123.245465791595 52.6385494879211 4.78456847197129 -1.83101972311506
"471" 470 122.500226283039 42.4463545830587 10.2194040385835 -1.00487098978708
"472" 471 117.90187807619 30.8225739780709 12.5002832681633 -0.303717326489615
"473" 472 110.319826397673 21.7478821776616 11.82529234007 -0.319319036737466
"474" 473 98.943352912084 13.0351350185461 14.3295537972044 -0.22119887722517
"475" 474 88.9659048710457 6.89489415711049 11.7154610343794 -0.101897511449221
"476" 475 74.5620592028973 2.26733264094766 15.1289489264029 -0.240817872483612
"477" 476 61.8586239052728 1.15493293705615 12.7520469518485 -0.223512897843854
"478" 477 50.969538230201 10.3431248206441 14.2476333799227 -0.78822666210512
"479" 478 48.269996802725 26.5487753574482 16.4289571561824 -0.704849109045567
"480" 479 54.0114789028304 39.5557309650577 14.217788537046 -0.580757427379798
"481" 480 69.7526114131706 46.9761409374906 17.4024635286809 -0.714594452321881
"482" 481 85.2134010169194 55.4084929144186 17.610808471907 0.0587974944568761
"483" 482 101.860543454604 60.9435414914499 17.5432070640081 -0.178313007031512
"484" 483 114.565900615302 67.9607421784929 14.5143792861817 0.183615719975983
"485" 484 121.849722581015 76.8357158791261 11.4812551846534 0.378942181061531
"486" 485 121.027796597799 77.2960009596815 0.942032206066808 1.74754684636371
"487" 486 120.367427722638 77.8880432628291 0.886905372628669 -0.220401800951464
"488" 487 120.398642208863 74.1990426132941 3.68913270788952 2.3101537977066
"489" 488 112.534212458099 64.0522807714091 12.8376801323537 -0.667813809948306
"490" 489 105.383779137365 48.1683925454792 17.4191446933568 0.236358091817083
"491" 490 91.8293197746206 32.728499397493 20.5454050589791 -0.297467550204765
"492" 491 73.4607532429312 22.9364068319933 20.8156026393764 -0.36056677613331
"493" 492 58.3826984941033 12.8084532582902 18.1637875620626 0.101712652236689
"494" 493 52.0273654479103 3.79350502260964 11.0299387949359 0.365257524057921
"495" 494 38.3727846716538 6.32818186300885 13.88784226799 -1.14027698041333
"496" 495 25.2061151900259 14.2737011641568 15.3783114223684 -0.359418338197202
"497" 496 12.3330154328381 27.3274491575475 18.3334948668676 -0.249408103483618
"498" 497 4.41227038620713 42.436579325255 17.0594260313311 -0.295583027411441
"499" 498 1.66675947083306 57.40201999852 15.2151978209767 -0.301408473232376
"500" 499 1.61821396247623 71.940297717445 14.5383587690968 -0.178100023856678
"501" 500 4.84933571795142 87.3834937483572 15.777593335103 -0.209590134224816
"502" 501 11.7625936415148 100.684172896903 14.9900367221121 -0.273085098710846
"503" 502 22.6702008327722 113.291659451317 16.6710711071155 -0.233898733596018
"504" 503 37.9585031889394 119.367667328826 16.4514455492864 -0.479273850700773
"505" 504 54.6680384542928 119.181937147654 16.7105674495 -0.389402411923421
"506" 505 70.0149005991709 118.874850995413 15.3499341887446 -0.00889226949774751
"507" 506 70.9192925474375 122.71634759425 3.94652010193341 1.35958680250097
"508" 507 71.7964509776279 119.1001572777 3.72105352248037 -2.67240795308587
"509" 508 69.612082754846 106.058817140428 13.2230108942219 -0.403923326178256
"510" 509 65.6727347511434 100.100935023153 7.14246610195807 -0.418252823827651
"511" 510 67.0466322291267 102.401462102328 2.67955576953095 -3.09575005533207
"512" 511 68.1079784548961 92.7237950103218 9.73569186830895 -2.49399414452024
"513" 512 69.5446548603638 80.9919687642919 11.8194664076288 0.0126199390835515
"514" 513 77.7682629953729 66.0203573374791 17.081477672428 0.380437292530096
"515" 514 95.4255074496775 55.9559836405487 20.324121128121 0.550448393906664
"516" 515 113.963736173518 49.7995625508093 19.5337514280185 0.197423513730987
"517" 516 120.594955691227 48.6044970539568 6.7380452531738 0.142329943171317
"518" 517 123.545995984655 46.5354138570035 3.60412875593379 -0.433184422717138
"519" 518 118.806846087857 31.4197327207716 15.8411918098532 -1.26312652325959
"520" 519 109.750239944547 19.3497157748266 15.0899775980762 -0.339899360470633
"521" 520 99.7537575477563 12.6071094918684 12.0578770849735 -0.33367356158931
"522" 521 85.6615413332384 4.7246225850557 16.1469550588584 -0.0834109685656212
"523" 522 72.9319579936186 0.812515745602066 13.3171645602068 -0.21183120392746
"524" 523 57.61919001728 0.474420730369804 15.3164999701794 -0.27608676794209
"525" 524 43.5974268028302 4.30531776989667 14.5356670218313 -0.288777740447503
"526" 525 29.5057355407282 11.7773590967557 15.9501462130192 -0.220847376914371
"527" 526 18.6484187524626 24.12974383329 16.4457513212416 -0.362175520894292
"528" 527 14.9854226786679 36.9092418710305 13.2941005838397 -0.441924713625882
"529" 528 29.336927823502 44.8490512839578 16.4014107148077 -1.34461659439536
"530" 529 46.5572897112622 43.1852263764165 17.3005542358729 -0.601647047062986
"531" 530 63.1361506091596 46.2848407371194 16.8661269370566 0.281148656265238
"532" 531 79.6735022299888 56.3356689081324 19.3520837522519 0.361281693161105
"533" 532 96.4967474513114 56.1189114644549 16.8246415583257 -0.558993399407943
"534" 533 111.892755039611 53.7644332207591 15.5749997579139 -0.138868438908548
"535" 534 120.21945492613 60.0889377894162 10.4562559761666 0.80133420004391
"536" 535 120.698496136284 61.7290967186608 1.70868422893364 0.637048477896866
"537" 536 124.555621211991 54.0755065628134 8.57058085098881 -2.39061401964736
"538" 537 125.10572667399 48.7406847088711 5.36310919454578 -0.364060023256341
"539" 538 121.974705168891 38.6998959346052 10.5176392253594 -0.405027407541162
"540" 539 116.006196088925 25.8773269286179 14.1435984300651 -0.13336869539839
"541" 540 103.029355814539 15.3089870287151 16.7358355556814 -0.451693041892297
"542" 541 89.1412160437691 6.7880951197475 16.2937419034656 -0.133146030196751
"543" 542 74.3093653572053 3.62634046063515 15.1651075602168 -0.340284464988213
"544" 543 61.8500562732689 5.88231673302617 12.6619039559874 -0.389156290382304
"545" 544 55.3898791500507 20.7041972059057 16.1685506219846 -0.980641441565036
"546" 545 58.8550481897265 35.2247700728993 14.9283097790473 -0.645285436393363
"547" 546 69.9496315891991 42.648468858201 13.3491978958566 -0.746834189680883
"548" 547 84.8611117749251 50.6216726155314 16.9092938789652 -0.098682239501118
"549" 548 87.1660786188732 64.7847549487437 14.3494171773299 0.918443431781287
"550" 549 74.3105268337438 75.7407554950124 16.8908010369545 1.02633425316625
"551" 550 63.6480914824221 87.2781186518826 15.7098146467303 -0.11899690562449
"552" 551 64.760286062407 103.214892972172 15.975536063606 -0.815681998004186
"553" 552 63.5593409823947 119.238851017034 16.0688985468423 0.144481956765201
"554" 553 61.7892442338578 122.470750616834 3.68489043559922 0.426265182710758
"555" 554 56.678571884296 115.509517694486 8.63584018285245 2.00723301865356
"556" 555 57.5746720120231 101.66353360833 13.8749511982201 0.697916465949745
"557" 556 66.4137759621717 86.3082593555838 17.7176241640514 0.457685822064215
"558" 557 71.3865160165473 68.5919495560718 18.4009721634667 -0.248669064691919
"559" 558 66.372368677954 49.1557543975628 20.0725522984191 -0.526120684431058
"560" 559 60.0159949751034 30.4328000557657 19.7725189577684 -0.0748120058134297
"561" 560 57.8437271459835 13.0179617426262 17.5497960385362 0.203191285973911
"562" 561 53.457501558809 3.82574338531738 10.1850799324321 -0.321119490351562
"563" 562 37.8221166316267 6.47487978495636 15.8582213846651 -1.29341936706066
"564" 563 23.5720213750057 14.8330129887248 16.5203996766032 -0.36261932930286
"565" 564 11.9207577831309 27.4169231627871 17.1495404765322 -0.293404859617482
"566" 565 4.74062911016367 44.0983581124204 18.161071547109 -0.340476165181728
"567" 566 0.676618736896972 59.3599486636489 15.7934266854082 -0.146207011251774
"568" 567 1.45805145258896 76.411204925272 17.0691527964541 -0.306047197062649
"569" 568 6.79705527389435 92.6841001711946 17.1263563401175 -0.271229387405902
"570" 569 16.7695454335379 107.768349650969 18.0827305004597 -0.267126560153019
"571" 570 31.4043593603395 119.809456693421 18.9516763765079 -0.298171400994931
"572" 571 48.3431290170675 127.122363342283 18.4499463722435 -0.280918789804043
"573" 572 64.2809986466408 128.193839500085 15.9738457951119 -0.340426469210993
"574" 573 80.4718053028252 125.798321098689 16.36706230786 -0.214017118007356
"575" 574 95.8175668719447 120.757602615868 16.1524376166361 -0.170483034660613
"576" 575 109.261242205112 109.581796253872 17.4823068930973 -0.376167708794743
"577" 576 117.072567622672 98.8548666025578 13.2696580409316 -0.247854776332944
"578" 577 123.884323258357 84.8200080032804 15.6005535396026 -0.177545558506236
"579" 578 127.239137989947 73.0535349994624 12.2353859290531 -0.174108605202917
"580" 579 126.380251609335 58.3196841098193 14.7588633658909 -0.335974346588464
"581" 580 124.278031958892 43.8200126448901 14.6512729839285 -0.0857531898071255
"582" 581 117.612738407145 29.9454186279225 15.3925468089799 -0.303860722869755
"583" 582 106.170692585392 17.3837081317021 16.9916739369008 -0.290945129822526
"584" 583 93.4949989919419 8.10843227955834 15.7068122229937 -0.200299709898618
"585" 584 79.4098152365749 6.12394261986559 14.2242961383642 -0.491739377979075
"586" 585 65.6469122374194 1.67094585364506 14.4653613561547 0.17294980657854
"587" 586 49.1045583218604 3.43385452137867 16.6360247667037 -0.419089175767257
"588" 587 36.6242259033607 7.9338591539358 13.2668285196309 -0.239889362537959
"589" 588 24.3741965914997 15.4653953502416 14.3800992909548 -0.205185714101424
"590" 589 15.9278665553146 27.8595802350723 14.9985435972806 -0.421367822735084
"591" 590 8.84663266910898 36.46664349811 11.1456453992168 0.0902592794690929
"592" 591 7.13408319677469 49.9147602765357 13.5567204950669 -0.561780844060159
"593" 592 7.16105355055093 64.3815155190056 14.4667803828465 -0.128527473760587
"594" 593 4.93479613221591 74.4844511581817 10.345314428379 0.218755550846139
"595" 594 8.78260015967967 90.2926530100828 16.2697523528852 -0.45565380869485
"596" 595 21.372974004895 105.373408635748 19.6455263050728 -0.456878147140885
"597" 596 32.6738024079225 118.941612923949 17.6579979103247 0.00116382877840945
"598" 597 49.509147214433 127.254969161594 18.7760679240382 -0.417641128193274
"599" 598 67.256233791151 128.613132705979 17.7989800318676 -0.382298386875934
"600" 599 80.1299886913797 126.509824775365 13.0444420916398 -0.23832861922826
"601" 600 96.6098676476584 119.288584747462 17.9925739668951 -0.251036784696236
