"time" "x" "y" "speed" "angle"
"1" 0 64.0119940936546 17.3102377268934 NA NA
"2" 1 72.0577502155253 18.6514547085479 8.15677966874789 NA
"3" 2 86.0674110551715 23.8638105691271 14.9478844810639 0.191005890587284
"4" 3 94.6160213274928 24.4050879452117 8.56572932013946 -0.292952548525578
"5" 4 103.885449581281 36.9472047096502 15.5957363752065 0.871097835979839
"6" 5 111.290708169427 50.6203974259614 15.5497284161074 0.140102171319905
"7" 6 114.439695874441 59.0671577148366 9.01464824294582 0.139518948984305
"8" 7 109.116792206524 72.6584567153126 14.596462310377 0.730123434286484
"9" 8 105.903750896673 79.9030670960769 7.92515072587832 0.044162684633395
"10" 9 100.058930414024 90.1093842424567 11.7614130174432 0.102637238401959
"11" 10 90.1838939344632 95.3729987739587 11.1902628838152 0.561002034613411
"12" 11 81.2226099132926 103.444573770397 12.0604699009293 -0.243495600845673
"13" 12 80.4349381378269 108.108923402602 4.73038944668506 -0.670293266208271
"14" 13 71.867571627031 116.37793789884 11.9069882703103 0.635824653947635
"15" 14 68.0654228730835 118.714568187653 4.46275433490853 0.216626177375849
"16" 15 67.0222086948528 118.752552291731 1.04390546211051 0.514658596496429
"17" 16 76.1358860673471 109.447317699975 13.0248418822463 2.38218940643353
"18" 17 79.9083261870773 92.2556621200598 17.6006910669832 -0.558987785209754
"19" 18 76.6185243078136 77.4279449523525 15.1882847224539 -0.434342472658781
"20" 19 64.3488404453091 66.4565825152454 16.4595241672464 -0.622871707377426
"21" 20 48.8945835432634 69.3742383800506 15.7272620675011 -0.916189635846131
"22" 21 43.4238497322128 79.7359373121919 11.7172408523385 -0.898422032622631
"23" 22 40.831963657244 83.2732769915305 4.38527598135397 0.146573549163443
"24" 23 40.1617622015327 84.1184401814877 1.07864304053573 0.0380975629391588
"25" 24 44.6218771682646 94.3776508549016 11.1867792128904 -1.08054225498698
"26" 25 58.0029097961084 105.48450573652 17.3900620915723 -0.467908426007165
"27" 26 72.8374510431094 109.73517629788 15.4315201529269 -0.413732575068725
"28" 27 83.1972633836556 109.291327310814 10.3693159685031 -0.321878869485115
"29" 28 85.0264013811075 109.030015846916 1.84770925604833 -0.0990831308717093
"30" 29 92.3415725535872 94.415078987623 16.3434423755771 -0.964826881600252
"31" 30 93.8931622426662 77.6746245912874 16.8122052080936 -0.371648161109284
"32" 31 86.148100336135 63.8721257153223 15.8270325442585 -0.603772755474951
"33" 32 82.4628620802803 48.9910583458659 15.3305951305458 0.268589758659085
"34" 33 91.2675044364692 37.6889389303251 14.326884877863 0.904582299106942
"35" 34 98.1093061968572 35.4271297429452 7.20597197667085 0.589699409191402
"36" 35 97.0041309910137 34.2191143785656 1.6372884157009 -1.99248898322841
"37" 36 84.4386623943481 38.4480294443507 13.2580060223027 -1.15447027862531
"38" 37 76.3705630635699 51.490557079798 15.3362887926874 -0.692169732423139
"39" 38 85.8317010674791 64.4731913653957 16.0643059396474 -1.18374736712632
"40" 39 101.480962968055 68.960180338818 16.279817814719 -0.661801178090454
"41" 40 110.98936486938 62.9533547825686 11.2468511139932 -0.84266160828598
"42" 41 109.381731521388 63.6794274512718 1.76399163881684 -3.00237969830923
"43" 42 109.67805963876 68.8238197619182 5.15291981297817 -1.20411740189298
"44" 43 96.7047544419544 73.5162772360424 13.7958618750672 1.28127429969254
"45" 44 83.9908536338609 64.5794358658186 15.5406051180314 0.959742890104675
"46" 45 82.4449584090326 50.810760412284 13.8551873242808 0.846306042028175
"47" 46 94.2155986221832 40.1418739855113 15.8862553364477 0.946265566132422
"48" 47 94.1412910762847 29.4725237830978 10.6696089597097 -0.841422032035386
"49" 48 76.1768859113828 25.4851456062998 18.401604214132 -1.34541287280296
"50" 49 60.5252216356536 20.0057449321106 16.5830765043294 0.11833085973103
"51" 50 52.2766735199585 24.6235868750958 9.45320105717265 -0.84711402778512
"52" 51 54.2507055563162 39.3425246091904 14.8507215481512 -1.19375172527592
"53" 52 65.7759682107435 51.1291137086552 16.4850041508384 -0.640869027546525
"54" 53 79.6892340889593 56.6328249061059 14.9622793832648 -0.419923607399025
"55" 54 93.3932355838611 67.9974025371125 17.8031817859462 0.315662589761033
"56" 55 105.112530758411 68.2459169876857 11.7219298249211 -0.671144299163493
"57" 56 106.587944514827 60.6614845206148 7.72660737970935 -1.39986648207545
"58" 57 92.2863934624168 52.5642336632574 16.434714294799 -1.24774808973809
"59" 58 79.1787215331473 58.2635841806222 14.2931333067716 -0.925331097375693
"60" 59 78.9879940796174 74.782112964494 16.5196298428606 -1.14909995285177
"61" 60 91.7565081094825 86.0317209361701 17.0173038418917 -0.860099821452913
"62" 61 97.9480985694642 94.4015550020457 10.4110477241452 0.211644850451135
"63" 62 97.4670745395699 94.6549482729166 0.543683977194789 1.72286508729201
"64" 63 96.5836398947499 82.1874794912836 12.4987293191212 1.98489583349597
"65" 64 99.6184030252252 68.2897829819011 14.2251803336546 0.285730688933405
"66" 65 98.202049896145 54.1332124460647 14.227246589638 -0.314707080919126
"67" 66 100.013756073312 44.6872375638115 9.6181453902788 0.289212743159472
"68" 67 98.4608510965015 39.7389056517113 5.1862802256831 -0.493585965623381
"69" 68 82.4116318561819 37.0125223396299 16.2791462978941 -1.09843575939209
"70" 69 65.7368904653972 36.3365150268512 16.688438702781 -0.127751400793898
"71" 70 52.6287021894449 42.2836286279745 14.3941918863992 -0.466440675609204
"72" 71 51.7952552270531 56.5828068971054 14.323446966827 -1.08665377758356
"73" 72 61.3387186517562 70.8186803585629 17.1387802176606 -0.648790351481625
"74" 73 71.1023403027104 82.150527884126 14.9579101510068 -0.120625320127184
"75" 74 76.8459272925689 92.1135112391797 11.4999925583954 0.188239843102141
"76" 75 73.8100299351026 99.8928162247988 8.35070409153323 0.895031027767257
"77" 76 80.1596937554983 106.906180647256 9.46073523328019 -1.10784769335913
"78" 77 93.2083049179057 99.1519056523537 15.1787691847617 -1.37121295225747
"79" 78 92.5633469401017 88.0272578966791 11.1433279804988 -1.09251845167525
"80" 79 76.6105134239799 79.3818674508552 18.1448525249957 -1.01625577803894
"81" 80 62.0113287907248 78.907307854994 14.6068955896143 -0.464135331273539
"82" 81 59.3798218814076 92.4493217038519 13.7953241243707 -1.41136105787485
"83" 82 69.4891436988502 105.084656684098 16.1817822773525 -0.866721520548709
"84" 83 73.0739830926487 110.741472323277 6.69706179268178 0.109946203332944
"85" 84 87.9336738466141 105.453708901077 15.7724713127858 -1.34782416238029
"86" 85 96.6110906761815 97.1548184375506 12.0070456715906 -0.421231096826359
"87" 86 98.624044653069 79.0255888325703 18.2406400595802 -0.697111128003716
"88" 87 106.608389476359 70.0300526382381 12.0278607275249 0.615335416950332
"89" 88 109.844552805197 59.4319546351542 11.0811747740882 -0.429555351714733
"90" 89 96.4878320946085 50.5605249115142 16.0344707889645 -1.2808695109433
"91" 90 76.3843730180931 51.0122746156467 20.1085341245033 -0.60875501606889
"92" 91 58.7494907592894 55.7729236484649 18.2661668528332 -0.241203719519841
"93" 92 51.2092109840686 66.1469386930178 12.8248199688422 -0.678610009730538
"94" 93 58.0271173855686 79.6296284607518 15.1084999610342 -1.09669522282662
"95" 94 66.7583165769266 92.6796459275672 15.7014902223757 -0.121475202072601
"96" 95 77.9484026980512 100.175861031553 13.4689000398475 -0.390904767278688
"97" 96 82.4940441844861 105.927243328432 7.33084271063372 0.311727115773995
"98" 97 86.571254741719 106.387911600604 4.10315259099602 -0.789454388547978
"99" 98 92.9409052772742 93.2542127547282 14.5967973651499 -1.2317414856805
"100" 99 90.2003740960272 76.8907239503138 16.5913916537337 -0.617502222409595
"101" 100 99.0929926755326 62.7158338831335 16.7333850017626 0.726225867264218
"102" 101 106.36908829915 49.8991848593266 14.7379801778765 -0.0439516984360241
"103" 102 106.400088399932 46.3078965684472 3.59142208525482 -0.507703972074103
"104" 103 106.062548998641 47.4761449853151 1.21603339219708 -2.8689563862008
"105" 104 99.0026170800162 57.9059518631383 12.5945825736425 0.313785430785177
"106" 105 86.8472532917012 72.2464657482313 18.7990214456717 0.108059545693327
"107" 106 70.5759333341222 79.6902124473288 17.8931612098655 0.438629296256638
"108" 107 63.7196307337535 92.8153809492329 14.8080698793326 -0.660352833432204
"109" 108 75.6644230162256 104.852388006049 16.9578183018111 -1.26294250425738
"110" 109 85.2963372225234 108.237032678972 10.2092894385177 -0.451322774366693
"111" 110 95.1894728700109 102.5280602232 11.4221932850197 -0.861304617492774
"112" 111 93.0800368196162 102.324901797923 2.11919649784196 -2.52219537548308
"113" 112 85.0218496249693 103.6041481115 8.15909627316472 -0.253450556415993
"114" 113 69.6781332889699 97.220994226912 16.6184922455063 0.551669592971053
"115" 114 56.2964830047479 109.238836886087 17.9860253116105 -1.125987655977
"116" 115 50.326575060068 115.825426996547 8.88948649535918 -0.102715934730021
"117" 116 38.0358813650973 112.797473905532 12.6581851552654 1.07602254746594
"118" 117 34.5535300683918 97.4767216857955 15.7115314063341 1.1057460262081
"119" 118 45.2329688500113 88.6423777330722 13.8598717802646 1.103170380067
"120" 119 58.1264657186283 83.2726070048967 13.9669860447487 0.296500427676476
"121" 120 57.0849088121295 70.3286976403275 12.9857472032863 -1.25646567837076
"122" 121 44.0618138186354 63.901473445991 14.5227481577639 -1.03204809682374
"123" 122 33.1833670075546 56.6006714458073 13.1012333338278 0.132628790944202
"124" 123 33.0456882002337 42.0227141269914 14.5786074452673 0.970269221490721
"125" 124 41.8201121249525 29.5925908408752 15.2150741082233 0.62411875787034
"126" 125 57.1706530901337 19.4322790503379 18.4084503314276 0.371435833076892
"127" 126 75.4109377633821 18.5162276878773 18.2632728463386 0.53450659743406
"128" 127 92.1364541910543 22.0753154865064 17.1000001675639 0.259845745722305
"129" 128 99.7365481963341 28.7236576604766 10.0976176671173 0.509033737169293
"130" 129 99.2574517107495 45.1033793467945 16.3867268227592 0.881337045358139
"131" 130 89.6706140756205 57.0664229320924 15.3304229447873 0.646335402170267
"132" 131 92.0926484328065 67.854209804211 11.0563373693843 -0.896430466065
"133" 132 105.962571265901 72.5903088958915 14.6562407868534 -1.02089079758885
"134" 133 108.302337054551 76.3696372038748 4.444977660828 0.687402598241311
"135" 134 101.97464385715 89.2995647657756 14.3952328205012 1.00946062780426
"136" 135 92.736393881439 101.665286751979 15.4355545042545 0.186514739602835
"137" 136 87.2258161250009 111.654535447086 11.4083985161125 -0.137523342263089
"138" 137 75.0189393691041 104.452012956749 14.1733612935485 1.59974891427436
"139" 138 70.6394856078769 90.7073784267446 14.4254841724682 0.72927418312185
"140" 139 69.590197449394 75.3151954783989 15.4279065836838 0.240394872746061
"141" 140 73.2224882677398 63.1411791425666 12.7043382485729 0.358020290571604
"142" 141 58.3798238523227 56.8328058458235 16.1276241461583 -1.45886732990764
"143" 142 44.6387506570957 65.4677407434678 16.2289615577566 -0.962927241350625
"144" 143 29.061438889959 70.327274880331 16.317711663034 0.258647906571991
"145" 144 20.919514899908 81.62709065344 13.9275540841158 -0.644025425213598
"146" 145 30.1457716693866 94.5685750269471 15.8935783184932 -1.24372124326786
"147" 146 45.6403884125942 104.035627727121 18.1578697772277 -0.402989977698146
"148" 147 56.9784101390095 114.959949217271 15.744571657839 0.218356273589517
"149" 148 64.6495993407017 120.587311140756 9.5139027736279 -0.133913973263541
"150" 149 71.281621814889 107.880060015377 14.3338045633941 -1.72267928826254
"151" 150 71.7277990873528 92.1142483762534 15.7721238518717 -0.452727654187579
"152" 151 81.8758201217279 77.2905786046182 17.9645071296881 0.572010601631026
"153" 152 90.2987731213613 63.4472053610616 16.2044783931619 -0.0536962762118972
"154" 153 80.9526308819752 52.3282149705208 14.5252305339288 -1.24559322850884
"155" 154 63.6413396959978 55.3543358290675 17.5737932722628 -1.04486778613617
"156" 155 51.9274722896101 65.841432487624 15.7224007689773 -0.557139148223554
"157" 156 55.07599226322 78.676854855047 13.2159466317916 -1.08114916328818
"158" 157 65.3530401829146 89.5410889753274 14.9549087915629 -0.517081318358037
"159" 158 79.2719487788091 98.4663057508678 16.5346760171239 -0.242980376156532
"160" 159 87.6742355530942 104.445275749837 10.3124441955289 0.0482761243935354
"161" 160 97.5110931704827 96.4864390415737 12.6533335344316 -1.29871618219772
"162" 161 103.188289267335 79.3565579212699 18.0461459242094 -0.570513166863652
"163" 162 105.3572197368 60.3756736177891 19.1044033752299 -0.206252434239432
"164" 163 94.3100984323448 47.6422798682847 16.8575859925216 -0.828382524895782
"165" 164 79.40942152425 38.295845200057 17.5893721697757 -0.295974569625451
"166" 165 70.6803296314811 24.5056504408797 16.3207388548571 0.446255186214388
"167" 166 67.147278595994 16.0505044893182 9.16362060986617 0.168520345233416
"168" 167 61.9623707867035 18.5263906236113 5.7457185051851 -1.62049115663442
"169" 168 64.4689955453151 31.6318764083002 13.3430478277329 -1.31427852316181
"170" 169 77.9479780814431 39.9366435347517 15.8319969439687 -0.829620061167554
"171" 170 93.3725426489997 45.2807679822605 16.3241189106543 -0.218668198422557
"172" 171 103.021142569571 43.537512450159 9.80481617764711 -0.512271333692574
"173" 172 96.8341162741787 34.2168331762132 11.1872407906345 -1.97806251441009
"174" 173 84.8508161382631 27.0426630697376 13.9666817413473 -0.445335152329369
"175" 174 68.2132662816458 25.5461028622529 16.704722616256 -0.449739510243621
"176" 175 52.491365652113 30.7017076741238 16.5456465688437 -0.40658454097214
"177" 176 51.6793166138324 39.6834951563293 9.01842170316264 -1.16375562572609
"178" 177 62.8223223703998 49.5837293231186 14.9057443238557 -0.934553128409651
"179" 178 75.0665329958523 57.0409746327746 14.3363594210256 -0.179366764794171
"180" 179 83.8397577173989 68.5556291810724 14.4760747919245 0.372669190441554
"181" 180 84.7463112146083 85.4511320078062 16.9198065890681 0.59748012274167
"182" 181 86.8834710078695 96.5222281368427 11.2754876382487 -0.13708888910069
"183" 182 97.5767969571903 97.8643872210098 10.7772264922673 -1.25524156867692
"184" 183 106.012614805769 88.5006035936089 12.6033117312545 -0.9623458595417
"185" 184 108.169797432698 73.0728373212045 15.5778499492665 -0.59438724641518
"186" 185 103.230889877078 56.4198736701162 17.3699167012231 -0.427238662972242
"187" 186 89.9130808635629 46.9019095341336 16.3693517957892 -0.661971520426381
"188" 187 73.0086497657425 49.3532858431558 17.0812480969451 -0.764520107724233
"189" 188 57.0497086672534 52.7416568987827 16.3146823259191 -0.0652013182487395
"190" 189 41.519357261453 50.2360010921001 15.7311832297894 0.369172130527931
"191" 190 29.9990236536501 41.7100138104902 14.3321507653683 0.477162229081894
"192" 191 22.8558655132076 42.0645311827541 7.1519501387109 -0.686712725292282
"193" 192 25.7439132960738 56.3268129425824 14.551752505896 -1.72100059251646
"194" 193 38.6886855365544 67.8146802278584 17.3071725917907 -0.645163176340632
"195" 194 54.0062220122614 76.0906784852149 17.4103150701067 -0.230477099423014
"196" 195 71.5921224381284 76.8766641632919 17.6034561173268 -0.450697775779155
"197" 196 89.1072524071985 69.328416625937 19.0723836664063 -0.451568820027846
"198" 197 104.445890891672 56.4660300642062 20.0178624888067 -0.290911170267814
"199" 198 111.055196520467 47.311546865124 11.2910355387405 -0.247658318825418
"200" 199 99.137007495071 40.2947456280508 13.8303553550034 -1.66401435873608
"201" 200 84.2151165495952 45.3902806005425 15.7679201559545 -0.861169351299648
"202" 201 86.3696937757396 59.6431326340657 14.4147838732645 -1.39176351232883
"203" 202 87.9799839712567 71.4425057544445 11.9087463885876 0.014397583790733
"204" 203 85.5633886891692 86.8107536473787 15.5570876469886 0.291603451963872
"205" 204 91.8141886716421 99.6918434015448 14.3176455353443 -0.607762759186292
"206" 205 95.0731458613143 104.693608002353 5.96979489480311 -0.125678228367963
"207" 206 94.2724131868686 107.723233522039 3.13365658703352 0.835864511447495
"208" 207 83.8661805009246 110.466294096984 10.761694106033 1.05466882795309
"209" 208 71.6540359636846 106.587351330716 12.8133786013848 0.565286692942868
"210" 209 63.1994390714405 95.3150692225349 14.0905838252632 0.619721781085644
"211" 210 51.259483034964 95.0268805264799 11.9434334626826 -0.90314153162476
"212" 211 44.0779728171719 107.514154060856 14.4050716530871 -1.07301394112684
"213" 212 53.4157208546279 114.427474951536 11.6184140117541 -1.45540583361425
"214" 213 70.3903706577997 114.363328769195 16.9747710050248 -0.641083610958697
"215" 214 82.8090717305366 112.626668469531 12.5395424689431 -0.135162393371688
"216" 215 84.0960277603098 102.566801540098 10.1418528120098 -1.30461641042162
"217" 216 72.5044575846756 89.47020597532 17.4895773111876 -0.851750703514213
"218" 217 63.0813736142132 75.2842922357739 17.0304039922789 0.138180002872361
"219" 218 69.2110666129118 60.7446421876771 15.7789277132325 0.985306345746217
"220" 219 64.7022722853442 46.1028277778253 15.3203118604305 -0.697699057836059
"221" 220 49.5217264739544 39.3960809521432 16.5960665254 -0.856058608122393
"222" 221 38.9866571901779 46.7097374078105 12.8248686373582 -1.02284917607849
"223" 222 44.3426394455635 61.7714838454734 15.9857046035656 -1.30561649076634
"224" 223 57.0282320907681 68.3122210687905 14.2725437180818 -0.753087469717186
"225" 224 72.4876777321626 76.658327635279 17.5684932295975 0.0189809674021356
"226" 225 84.1767456364888 86.2524225832945 15.1222011077583 0.192247500386961
"227" 226 94.0873219505109 86.2641872831732 9.91058329687099 -0.686093807008751
"228" 227 102.539208586157 73.0564108600575 15.6805531071077 -1.00272878394759
"229" 228 99.8177479720708 59.4309829326839 13.8945541158424 -0.766394362293175
"230" 229 95.3717542912212 44.122929880082 15.9406194381344 -0.085518852488617
"231" 230 82.3416187517099 34.334200755225 16.2973510135193 -0.643844969832085
"232" 231 65.487249834653 34.3987819780278 16.854492645185 -0.648124471080836
"233" 232 50.0088989859918 38.1035911905318 15.9155570526232 -0.231102618885556
"234" 233 39.3178870816073 35.8477127807927 10.9264231539519 0.442890791224765
"235" 234 32.3844406862104 28.718304405111 9.94490536431008 0.591375513105096
"236" 235 29.1267372495429 34.9835277157656 7.06156178289516 -1.8906357407721
"237" 236 34.9476175274276 49.561970989473 15.6975684580183 -0.859378070912176
"238" 237 46.9916887054553 60.4121841436675 16.2106994307109 -0.457612026467963
"239" 238 64.322864021311 62.4850933795856 17.4547011011155 -0.614258487419074
"240" 239 79.0006575846578 56.1939800403534 15.9692119697652 -0.523968381665313
"241" 240 92.9275090353484 54.5692584875195 14.0213020598603 0.288791952710767
"242" 241 103.381760489956 66.6733734178244 15.9937791569785 0.974541832721242
"243" 242 108.139551071284 76.4258667273558 10.8511610884839 0.258507119763144
"244" 243 106.447434791586 76.1435669988648 1.71550302848014 2.18998969237101
"245" 244 106.551828617374 72.4655756397977 3.6794725856072 1.43386221377214
"246" 245 102.650268391233 70.0447781838935 4.59156101132478 -1.0438376046252
"247" 246 86.8780180789751 70.4392084876485 15.7771814712593 -0.580337137180609
"248" 247 69.4182862216372 66.7488547419114 17.8454741404877 0.233300601839231
"249" 248 53.756275009124 63.8410504694975 15.92965539199 -0.0247283903858373
"250" 249 47.0269552639128 77.7126385933068 15.4176749644652 -1.30269677831256
"251" 250 56.6413975067876 90.4607539259599 15.9672146655639 -1.09784348329766
"252" 251 69.3825231613309 102.060391954926 17.2304348566102 -0.186085583387418
"253" 252 80.2074050729916 112.221598185665 14.8468239184351 0.0152477791075238
"254" 253 84.8179845997621 111.132518843395 4.7374610696484 -0.985745419883737
"255" 254 90.002915697022 95.5434960540938 16.4286682968731 -1.017743365805
"256" 255 85.2235408691194 80.7739287130341 15.5236124400117 -0.634053309559168
"257" 256 73.5972325385935 71.8056524787806 14.6833587441815 -0.600791593649679
"258" 257 64.0611979339705 80.7339789672416 13.0633445129921 -1.40954065906816
"259" 258 66.186032468767 96.5214473659667 15.9298173323177 -0.95208477056228
"260" 259 79.4511601562248 107.948976362212 17.5086273455285 -0.725894077268424
"261" 260 81.7965985233541 110.069437113855 3.16187206149481 0.0239476777774264
"262" 261 70.4092613189155 118.672976122036 14.2720822612844 1.75949420907467
"263" 262 58.7626965730793 117.456605430696 11.7099115298838 0.751097536542679
"264" 263 52.7789365704276 102.183264145186 16.4036684248677 1.0933348357246
"265" 264 58.2912744883839 88.8440747736322 14.4332893829474 0.765269557543369
"266" 265 65.8655392793021 76.8620645850583 14.175262088654 0.171843564087688
"267" 266 68.390161494102 68.862573015541 8.38841955902538 -0.258010057068272
"268" 267 56.7985045161401 57.8517097387904 15.9876709246228 -1.11679308123912
"269" 268 43.2987540611806 52.7308418652194 14.4383707572825 -0.397145937908033
"270" 269 35.2281662090538 62.3470290009221 12.5541006570663 -1.23512592669904
"271" 270 41.4425305364426 74.0195933426912 13.2237317844193 -1.18745543807468
"272" 271 57.8553855951628 74.9015876798477 16.4365362892957 -1.02788681486617
"273" 272 74.4308773748924 78.2714619070201 16.9145789201755 0.146884678284597
"274" 273 86.123901194546 84.1640135179176 13.0938523946957 0.266221477221627
"275" 274 98.8158472058927 82.5869569326074 12.7895504623192 -0.590415387705804
"276" 275 109.802001099761 73.0195023224815 14.5681764506262 -0.592860278657641
"277" 276 112.566958326417 68.4395776898968 5.3498315959843 -0.311168472319113
"278" 277 108.219468800764 51.5812302420262 17.4098978701424 -0.795529273624
"279" 278 107.185402523375 38.4649945859241 13.1569347057906 0.173708635682174
"280" 279 92.333049324076 32.8316346518656 15.8848084566156 -1.12959332214516
"281" 280 81.8070829524821 41.5662620709978 13.6780731174747 -1.05518665236911
"282" 281 88.7469058025808 53.5050925140844 13.8093017035447 -1.40467904540732
"283" 282 104.681805066085 54.2790158066961 15.9536820765889 -0.995724363543314
"284" 283 110.971810497035 60.7392471682048 9.01658236615198 0.750218491174684
"285" 284 110.236546357243 63.766979526059 3.11573050600685 1.01027971963487
"286" 285 102.275220907693 74.5152135534026 13.3756210181133 0.399297441375737
"287" 286 93.3852309212721 87.2298335368252 15.5142993164859 -0.0273439796198725
"288" 287 84.4318558225987 97.9198840596973 13.9441782059433 0.0870323976944325
"289" 288 87.8493634117312 105.57681766058 8.38498600416881 -1.11701392958345
"290" 289 84.4412864229903 113.918578848414 9.01110251168216 0.807656952495692
"291" 290 67.8333377803834 119.159504770549 17.4152594765846 0.877259021875762
"292" 291 49.2550641571151 120.479119334307 18.6250807627218 0.234765960029206
"293" 292 34.8341442202023 108.492749408606 18.7519597861823 0.764376581259043
"294" 293 32.5393316451786 91.3405504650522 17.305030868327 0.744329305607009
"295" 294 36.6265778256978 76.3367150467926 15.5505838668003 0.398961239155161
"296" 295 45.997563827891 64.4177717249915 15.1616815875287 0.400325793499632
"297" 296 50.9767361115283 61.2441032225445 5.90460230613089 0.337052094676797
"298" 297 64.1511030753224 55.5074129823261 14.3691878618426 0.156775647763858
"299" 298 77.1269961355451 47.3009308975825 15.3531804170196 -0.15324911700436
"300" 299 82.7478516964474 32.8257922220517 15.5281569064836 -0.636475107296012
"301" 300 69.6595501615012 27.9761288860903 13.9578963866997 -1.5863358321936
"302" 301 63.7466980551072 41.3450693541107 14.618152731093 -1.50922826037315
"303" 302 71.9624837560663 54.5375182330694 15.5415521138663 -0.973407756390821
"304" 303 85.6551224980682 65.8113405496961 17.7366125668303 -0.324989389932855
"305" 304 98.0907168379159 72.3148940930518 14.0335389434221 -0.206955668295591
"306" 305 108.208007811028 76.2766140488305 10.8653026484595 -0.108635299320547
"307" 306 108.92778992516 77.1123038275515 1.10293413134397 0.486550787684805
"308" 307 107.672519276868 81.2563908550698 4.33003021838265 1.00514066391297
"309" 308 96.1694866261139 90.6614892098773 14.8585206271664 0.591282911292285
"310" 309 87.6981824726442 98.2793494278016 11.3927515710835 -0.0470108905514819
"311" 310 76.4006628690577 108.029582961153 14.9231700100315 0.0203861520686958
"312" 311 62.3530361776222 101.763163329513 15.3819319547882 1.13160953675969
"313" 312 52.7327411841924 89.1059809615077 15.8982496287342 0.501291493640034
"314" 313 48.8501413018225 73.0370347852571 16.5313524268833 0.412834907097412
"315" 314 43.7617717415986 57.7436063208161 16.1177063808219 -0.0841174953318871
"316" 315 29.0119620580278 56.0286561177575 14.8491730375981 -1.13385181500273
"317" 316 20.8952892616657 53.9396372696152 8.38119186220535 0.136156982012328
"318" 317 26.0638985170212 48.9279133538525 7.19943735595867 2.11969732889393
"319" 318 43.4504774935518 49.9450461962113 17.4163052260271 0.828423186949037
"320" 319 59.7489966339154 51.3723781736739 16.3608985921522 0.0289170498301367
"321" 320 72.9271838502319 53.6026608322153 13.3655818820311 0.0803003901404526
"322" 321 80.0456206866425 55.4116626481575 7.34470084918707 0.0812091931935326
"323" 322 96.8269662875833 53.4828460849035 16.8918291938114 -0.363297034795076
"324" 323 109.08048045484 50.5092346060027 12.6091623304091 -0.123636007657874
"325" 324 113.881227782418 57.4616560541891 8.44886613081626 1.20453690302174
"326" 325 110.911221497422 67.2988551399326 10.275768739392 0.897544923387163
"327" 326 103.489507944615 83.7687160932308 18.0648319084598 0.13015914658446
"328" 327 99.5812880985383 95.1257752369048 12.0107025089365 -0.0919434754282427
"329" 328 95.6928470682071 98.6132291989653 5.22324695796159 0.508280036049377
"330" 329 82.570706753718 96.2120416836399 13.3400250343429 0.912072252709383
"331" 330 74.3372550526399 83.8715396702753 14.8350165775385 0.801446786097358
"332" 331 64.1742003032062 71.0486356262061 16.3619849029203 -0.0818298940904817
"333" 332 49.8924177732843 60.8902053724137 17.5260667992892 -0.282341758981495
"334" 333 33.7034301642956 53.5616542603952 17.7705087492018 -0.193173747586483
"335" 334 22.5869748428701 46.0881634530578 13.3950977510657 0.166799602484118
"336" 335 18.8178734789493 43.0078555638867 4.86769162782523 0.0932865021009274
"337" 336 19.3113603372596 31.605612725447 11.4129168500465 0.928876493635956
"338" 337 32.6930163662386 24.5592306934451 15.1234988616665 1.04286633817518
"339" 338 49.6085234820659 28.481447955636 17.3642785406545 0.71252192837539
"340" 339 67.1340612592463 33.0848336516411 18.1200340575166 0.0290200864627372
"341" 340 86.054644784563 37.0706330194284 19.3358495427209 -0.0492411503208096
"342" 341 99.4362883190602 31.195395988464 14.6146089189675 -0.621336029925192
"343" 342 101.772119286825 30.2776891556009 2.50963984289673 0.0393568609235425
"344" 343 113.390939322413 33.2607041168809 11.9956390942121 0.625667471270281
"345" 344 121.406648813322 38.1630104074234 9.39596751851228 0.297584060871695
"346" 345 124.396309181579 49.6489379387987 11.8686393648782 0.767261552516296
"347" 346 125.365717208626 61.9196812352102 12.3089761137688 0.175800891976647
"348" 347 125.472786420184 69.6800240960158 7.7610814409668 0.0650417361068782
"349" 348 123.563881637179 81.4477622550191 11.921559413493 0.174610412238812
"350" 349 120.340394041375 91.6905298380938 10.7380240287115 0.144081437073575
"351" 350 115.513418820044 99.9035940693837 9.52649536055302 0.226444774429818
"352" 351 114.501292972266 99.9526070569903 1.0133118990199 0.99106781356119
"353" 352 115.049045184749 98.0057834825655 2.02241304293086 1.89345080657373
"354" 353 113.42141589778 96.096879095509 2.50860380584981 -0.980297606724456
"355" 354 121.03858087114 90.4417000164439 9.48695170471902 1.63819152677076
"356" 355 123.620146679738 75.4315632689611 15.2305182840984 -0.761838579678086
"357" 356 125.372961857338 61.2503343215528 14.2891432740258 -0.0473444792180569
"358" 357 118.769865584729 43.6320711444743 18.8149960872211 -0.48156128853736
"359" 358 109.165648684015 28.1028935723548 18.2591439652131 -0.195300578009193
"360" 359 93.4045084285769 16.3488816234287 19.6613920933157 -0.376130488975522
"361" 360 79.1873982822919 19.7726539180909 14.6235576258753 -0.87710202605472
"362" 361 65.4386227221024 22.8914584256447 14.0980768532734 0.0132533764849449
"363" 362 50.5525286764837 20.065692711401 15.151922247913 0.410661196428702
"364" 363 42.8014322893486 32.2133388369053 14.4098855510077 -1.19044459632153
"365" 364 53.1950889310102 43.8712855269375 15.6184448461551 -1.29607321776834
"366" 365 69.6915378690675 47.7342982734561 16.9427180536564 -0.612641203749923
"367" 366 78.2339593205246 53.1361794830026 10.1070908206251 0.33384652022485
"368" 367 88.7885801850865 60.8307814071853 13.0616584079619 0.0660685840214258
"369" 368 104.233486949263 67.1066419101167 16.6712797950956 -0.243983971312778
"370" 369 112.358237568451 74.0868596342099 10.7114430446946 0.323812084297981
"371" 370 111.119672031655 73.9471589028915 1.24641922452653 2.54413958513643
"372" 371 106.474338336829 69.9153686219789 6.15097211874272 0.602489835955789
"373" 372 94.1033541540519 77.1205700639227 14.3162906323357 -1.24220582635933
"374" 373 98.5022963517263 92.2596269891589 15.7652065335035 -1.32618029339213
"375" 374 95.0616795187846 97.72588549859 6.45893383485615 0.844559544939028
"376" 375 79.8724935253407 91.4539120727944 16.4331683432416 1.4006166102465
"377" 376 76.1753981791546 76.9367782861259 14.9805102509502 0.92982859824422
"378" 377 88.6026665184948 67.6861797743335 15.4922745652259 1.18027252343983
"379" 378 101.832799604316 59.3397712555672 15.6428564089384 0.0770893180316699
"380" 379 98.4878145910436 40.8292814265183 18.8102939490678 -1.18676982971758
"381" 380 88.1658826399479 24.0969076839932 19.6599748286359 -0.373963532774841
"382" 381 86.664234967194 13.467506982792 10.7349478340504 0.412397434430432
"383" 382 93.3988730433157 10.8161229947086 7.23776119173693 1.33608256904037
"384" 383 103.260710151217 14.3900768881904 10.4894698424428 0.722738803085065
"385" 384 112.202098673346 23.3732487141911 12.6746126078518 0.440048461732143
"386" 385 119.449793025557 35.2042154522305 13.8744674629214 0.233431661848452
"387" 386 124.00281470667 43.8262722113263 9.75037789963829 0.0637873421462765
"388" 387 124.989390676252 54.1027490424075 10.3237255002012 0.390138094174853
"389" 388 126.243273979188 63.2805150317945 9.26302390655073 -0.0400711929331975
"390" 389 126.292118655856 73.1515294902614 9.87113530662519 0.130832944907389
"391" 390 122.996725731565 85.7840486760333 13.0552730919104 0.260127170366606
"392" 391 116.718798412377 98.5249588093154 14.2036320161212 0.202642027028587
"393" 392 111.141258125059 105.628203893816 9.03133691028819 0.207836524362586
"394" 393 101.943038784541 115.379018323966 13.4046865344737 0.0905867796807822
"395" 394 91.2846511131641 121.584681793259 12.3333485658793 0.287299106597118
"396" 395 76.6635480383091 126.087875871262 15.298869632417 0.22847958449814
"397" 396 63.7747781090309 124.274460322533 13.015716124833 0.438553190825145
"398" 397 47.6423858896847 121.496766979816 16.3697788325008 0.03072944193413
"399" 398 37.3668667334896 109.598641670628 15.7210584822548 0.687935959199375
"400" 399 31.5888212265259 101.637811158718 9.83669824280046 0.0845126063863446
"401" 400 38.6822607918042 87.4583325527425 15.8547941772689 1.09169487021579
"402" 401 54.471326744995 85.6904690662688 15.8877293840566 0.995436807978181
"403" 402 68.2655631669497 92.6268334443734 15.4400164912677 0.577424272891245
"404" 403 86.4366534898969 91.2121817080751 18.2260737148656 -0.543616174583737
"405" 404 99.0415477320853 94.6164887741767 13.0565181215002 0.341479779648436
"406" 405 105.682955808468 93.5945195189054 6.71957754592933 -0.416465543342963
"407" 406 109.336860421148 77.5339527221367 16.4709691503577 -1.1944153569623
"408" 407 112.649827455228 63.0148197560321 14.8923125355441 0.000638431718617898
"409" 408 111.473573972889 51.84002896614 11.2365262182123 -0.329211944985472
"410" 409 98.5210644562521 38.7144450170536 18.4404028367895 -0.673888112834898
"411" 410 84.825372810203 27.6774201799374 17.5894254288984 -0.113721420575894
"412" 411 69.619140941044 33.9502114395138 16.4492369988655 -1.06956139763361
"413" 412 66.8683593385482 47.7963479070816 14.1167380971364 -0.983434069374282
"414" 413 80.2181152622261 52.6614893986813 14.208644726189 -1.41743288561719
"415" 414 94.3112742458414 59.3573524026138 15.6029391944239 0.0940639645854062
"416" 415 99.266061882454 74.2937599706092 15.7367783094634 0.806951811828528
"417" 416 94.1132947139109 89.2429956976088 15.8123577721545 0.652234250893348
"418" 417 79.8382699961477 92.4383099343451 14.6282727539598 1.01865532815689
"419" 418 69.3291113040578 80.7722751846443 15.7015535281307 1.05773031685424
"420" 419 61.9997550140788 66.9271182046314 15.6654982501884 0.2464007664101
"421" 420 54.0390858655144 55.6462616521183 13.8068815396991 -0.127652723247941
"422" 421 36.0899724930053 57.9285659267639 18.0936337881932 -1.08274422253279
"423" 422 23.0396698821704 52.3926071123393 14.1759387071675 0.527669612524293
"424" 423 17.0825018401488 44.0019320369233 10.290348842585 0.552213001922202
"425" 424 11.5587004364517 46.0249461714548 5.88259875701204 -1.30447216114658
"426" 425 11.9913450069737 58.5988931354374 12.5813879829473 -1.25412578768643
"427" 426 24.0358903582381 69.1500944618703 16.0124614644215 -0.816997352106647
"428" 427 30.365002784102 85.5121826534668 17.5435342530747 0.482302619324433
"429" 428 41.2123861798514 99.7309739837135 17.8840642312501 -0.282611047351915
"430" 429 56.6655255274011 104.239476146187 16.0973944302741 -0.63522228433882
"431" 430 73.8309936554467 101.400542173307 17.3986448368062 -0.447776512723082
"432" 431 88.1903896357783 108.76115137412 16.1360100621888 0.63757847442733
"433" 432 91.1939382579239 105.754309508117 4.2499885097185 -1.25962186534712
"434" 433 92.7484797639762 94.3448658678756 11.5148601152551 -0.649433674018765
"435" 434 88.6269678912503 86.095366084753 9.22177351645327 -0.598750115283854
"436" 435 80.1639547869738 70.6687386460372 17.5955512825287 -0.0384324391128677
"437" 436 86.8808394748047 54.744645645964 17.2827450882259 0.900928541315259
"438" 437 98.8097330573403 43.8425642698364 16.1602561995523 0.431179848376591
"439" 438 91.1149733884646 31.1443271504945 14.8477120224224 -1.37514056035106
"440" 439 73.1708553667503 30.9550566902766 17.9451161847541 -1.01545078550607
"441" 440 62.7056409880715 42.3291127137233 15.4560623192393 -0.837536564423814
"442" 441 65.3975200404088 56.0200759238559 13.9530887782461 -0.937947918697079
"443" 442 77.0706274316358 67.7092984276643 16.5196658232138 -0.590567597266607
"444" 443 90.2897025036354 79.0281412394208 17.4028775883879 -0.0779761877147574
"445" 444 101.856116688364 87.1782728332069 14.1494375184574 -0.0942800220525327
"446" 445 109.099621106322 75.0985212548958 14.0850542933523 -1.64447318560974
"447" 446 113.963660402651 58.3444449845438 17.4458576730696 -0.257602539900501
"448" 447 115.400160202417 49.525761609926 8.93491511635611 -0.121077795206511
"449" 448 118.269530188883 47.118164268926 3.74563867392716 0.711208473473045
"450" 449 119.048760996719 47.1307823678381 0.779332963694929 0.71430490666043
"451" 450 120.482297287321 46.995573483398 1.43989851687649 -0.110231826885918
"452" 451 119.629721924675 48.5168783689742 1.74391894991385 2.1756473875794
"453" 452 119.81335350342 49.2548127462242 0.760439150649077 -0.754702527632697
"454" 453 121.652614964849 54.467702458822 5.52784785239303 -0.0953016470075147
"455" 454 125.502705318876 61.6032644739381 8.1079862484921 -0.155602078550856
"456" 455 125.460069772905 73.6176807316073 12.0144919077889 0.498344099903611
"457" 456 122.95672645626 85.6483714862352 12.2883785665351 0.201603673229878
"458" 457 121.621411262912 88.1566862597695 2.84160336231454 0.284043379672689
"459" 458 120.269655972786 86.2158736105027 2.36516301846998 2.04403099873228
"460" 459 123.932205862816 78.9605580311092 8.12735355780408 1.0758534632388
"461" 460 126.958701573067 63.3995649986902 15.8525764605997 -0.275393268671776
"462" 461 124.223163125962 45.8369511674675 17.7743797410836 -0.346611866618628
"463" 462 115.956098812798 27.6733866146463 19.9564383000201 -0.272607072377446
"464" 463 101.686281580255 13.5259675669289 20.0942068657085 -0.362580655563217
"465" 464 83.0998003019623 3.25489828906896 21.2356339773251 -0.276246420986682
"466" 465 65.3254569866664 4.37670647254988 17.8097089782661 -0.567874888904661
"467" 466 46.0702079516354 4.13345296407365 19.2567854968176 0.0756627301626807
"468" 467 27.2546148443687 11.4190922874884 20.1768948138487 -0.382067027058776
"469" 468 17.0587804165546 23.3446072763645 15.6898995353478 -0.493995355068981
"470" 469 19.4970220663272 30.8937944778483 7.93317400198262 -1.01977078835897
"471" 470 34.4401432504514 26.83856141244 15.4835973190407 -1.52338759073782
"472" 471 44.6210261284471 15.6171916299137 15.1515516027786 -0.56898000399802
"473" 472 64.234754685438 15.9139358772439 19.6159732120444 0.849103943703424
"474" 473 84.0032673734646 20.221452459845 20.2323699305358 0.199416066773506
"475" 474 98.2544611456329 21.4977179235055 14.3082276144049 -0.125227609312183
"476" 475 101.908321260561 13.4265910383941 8.85967171711418 -1.23500979754709
"477" 476 85.5685421983286 5.02173507275887 18.3747104359674 -1.5208142371545
"478" 477 72.7381772665532 3.57393320815934 12.9117928469159 -0.362718829709624
"479" 478 58.3580828557383 3.25577550494912 14.3836135789329 -0.0902452480322159
"480" 479 44.090460467666 3.88765859792933 14.281607922493 -0.0663802423080022
"481" 480 30.1009658685344 9.64028646771738 15.1260929042299 -0.345874155311385
"482" 481 29.4842565721931 20.3750474662915 10.7524613020787 -1.12327652157711
"483" 482 43.7142545143746 20.6037260734729 14.2318352765857 -1.61211419886183
"484" 483 59.0534777325503 12.9789453212187 17.129770881625 -0.47737556895714
"485" 484 74.5801362269587 13.8360784918477 15.550299073464 0.516454767061754
"486" 485 90.8738837635485 16.0852819150486 16.4482559812603 0.0820259845026707
"487" 486 96.8992746130219 12.6713657445834 6.92532732135323 -0.652663691329912
"488" 487 95.3367685592422 11.2751019722089 2.09546598401015 -1.89683204764599
"489" 488 83.0496231767995 14.240319399967 12.639875634007 -0.966070029866482
"490" 489 67.7111496977481 12.3653113340498 15.4526510319369 0.358437800771005
"491" 490 59.5557166802049 22.6786832396823 13.1482594957478 -1.02335179149423
"492" 491 72.2787235650184 32.2909098313026 15.9458397157272 -1.59286795521715
"493" 492 88.446553929409 23.6303048687826 18.3413417450452 -1.13878553140621
"494" 493 95.0230771760001 20.2353177894809 7.40112121786815 0.0152281986715663
"495" 494 106.980345463572 30.0864107950792 15.4925884959848 1.16566601006068
"496" 495 114.950829391944 32.6371743630987 8.36869218171952 -0.37939355016244
"497" 496 119.159073373861 35.2721536318177 4.96512166597319 0.249696988709394
"498" 497 123.314611878446 42.6756313251363 8.48999306351624 0.49989866374091
"499" 498 122.351878732401 40.8962189110869 2.02315685248708 -3.12605672928184
"500" 499 115.833317309167 32.9471214292627 10.280067791801 -0.190902275209658
"501" 500 112.676832016566 32.4420130763493 3.19664415451446 -0.725278895827384
"502" 501 112.771386443715 32.6262969018434 0.207125730010299 -2.20353914360525
"503" 502 112.416917343767 31.7911507419688 0.907258205347838 -3.06892282575553
"504" 503 108.277800893879 19.6566643846052 12.8210001225639 0.0726685076163689
"505" 504 95.5429197452953 8.05337635205438 17.2282759159146 -0.503131912149343
"506" 505 77.6276901599716 3.44865199674563 18.4975386871668 -0.487354344429119
"507" 506 61.156337882919 0.437395751765623 16.7443456130031 -0.0707617407163129
"508" 507 43.6741512111687 3.33422631965614 17.7205665305878 -0.345030735751583
"509" 508 27.9081234771763 9.6796935303978 16.9950753052647 -0.218430312142482
"510" 509 18.9729698310135 22.5157567541403 15.6397407192207 -0.580054086504628
"511" 510 22.5184693029455 34.6038067699983 12.5972822343295 -0.893406538734
"512" 511 37.8484831776494 34.8032962203691 15.3313117977368 -1.27247966761068
"513" 512 49.7218488569465 21.5122365836448 17.8221513522153 -0.854688165914635
"514" 513 68.1259323290534 19.4590273879294 18.5182600815965 0.730572623492873
"515" 514 83.641710503005 29.8114389390732 18.6523938749837 0.699487703014124
"516" 515 97.1315814903789 40.6952441002878 17.3330272613665 0.0904970858400579
"517" 516 108.283554456121 53.8486135877689 17.2446406139076 0.188675188009835
"518" 517 113.60809957037 53.6687378127323 5.32758256323838 -0.901326230210327
"519" 518 117.723161620791 43.0215244511718 11.4147662282416 -1.16821926677993
"520" 519 114.971631232202 31.0117777737643 12.3209145251004 -0.594028674144577
"521" 520 101.439183399881 21.7408653508495 16.4035655114319 -0.744927798031687
"522" 521 87.4969038408049 12.2148915750957 16.8858323952293 -0.00125604670781889
"523" 522 77.9271766622273 2.2481961032803 13.8171884585944 0.206323426461721
"524" 523 64.4167378707322 7.33672571257882 14.4369349213551 -1.16591973932315
"525" 524 60.4320189512712 18.7035909873518 12.0450658380081 -0.873421599737948
"526" 525 75.1079137378652 26.560104812584 16.6465220773963 -1.41645198974705
"527" 526 92.9540759249376 26.3018670122239 17.8480304675005 -0.505983292603835
"528" 527 96.4032569671896 24.125104557917 4.07862043400833 -0.548501350659226
"529" 528 111.747963159064 26.3450181908819 15.5044517688553 0.706643437666385
"530" 529 121.300167822246 37.3799090099873 14.5949795928905 0.713621318780387
"531" 530 125.243901090853 50.1805915024769 13.3944206432176 0.414642006865971
"532" 531 126.151424021406 62.4389203262039 12.2918763181255 0.224961763348557
"533" 532 125.987998199321 72.758282286602 10.3206559514905 0.0897338465793745
"534" 533 122.828182072755 86.172011036805 13.7808764938132 0.215512617971717
"535" 534 116.77798860702 98.8600721839786 14.0567327870752 0.213601612347284
"536" 535 108.385803051842 108.376253642955 12.688045080023 0.27776693323602
"537" 536 97.5680601335303 117.786296009606 14.3377982685229 0.132161907681616
"538" 537 85.7021732873513 121.160747771473 12.3363769129956 0.438849718772088
"539" 538 72.9888702075121 118.458864273087 12.9972400777511 0.486476512871413
"540" 539 61.8411075596922 112.242177066197 12.7640045393458 0.299298485355026
"541" 540 62.5872403320862 97.0784409035936 15.1820818244099 1.1112547961685
"542" 541 72.6677715763606 85.5381269578788 15.323053094356 0.668817682391255
"543" 542 72.0582238163192 70.4767521601408 15.0737042318638 -0.758431954335533
"544" 543 58.8062741537804 60.183545479564 16.7798770444701 -0.869956552548115
"545" 544 43.1516133257912 56.5108664642058 16.0797069870452 -0.429952276021653
"546" 545 34.8531823677309 51.1924596613125 9.85643988906519 0.339507841343604
"547" 546 25.5006562540875 45.2612261806007 11.0747133285291 -0.00476934846722591
"548" 547 21.2964105087974 37.3657052653397 8.94510664051103 0.516322629511094
"549" 548 24.4064955630121 37.2059402654746 3.11418591282401 2.0087680205026
"550" 549 29.9407448441185 41.4342080951056 6.96463666995767 0.703737494108712
"551" 550 45.9333330460531 49.6918344055936 17.9986463291083 -0.175777978700098
"552" 551 60.0280854139857 62.8004194886048 19.2482998519839 0.272527676683357
"553" 552 72.1976151824425 79.3064456762715 20.5072269040282 0.186324819167339
"554" 553 79.205974043136 83.3428372731427 8.08761714249336 -0.41294699981142
"555" 554 96.7074447269131 76.6041487889376 18.7539702085257 -0.89007995595631
"556" 555 113.090624763301 67.8636125961182 18.5689407625387 -0.122552477395093
"557" 556 121.71306126251 61.4457847901388 10.74871736209 -0.149761901367409
"558" 557 125.223199012047 51.1403149018364 10.8868625709812 -0.602657670615995
"559" 558 119.789655008124 33.3139976914537 18.6360131392891 -0.624143331457885
"560" 559 108.807019256696 19.0237483749988 18.0230273143822 -0.359402974091004
"561" 560 97.7172726161699 9.93038221653923 14.3412617521222 -0.22872903199319
"562" 561 80.3053289700949 2.59295149595868 18.8948054002525 -0.287986154419619
"563" 562 60.4613301636844 4.89671334810026 19.9772772744487 -0.51439555270855
"564" 563 41.6330221133812 7.7300111578155 19.0402930785125 -0.0337838322513325
"565" 564 25.5417949332334 13.9630433143793 17.2562534180478 -0.220198935372981
"566" 565 13.2494478052897 25.1668657035366 16.6321205515607 -0.369544496166053
"567" 566 5.66038660277412 39.3669745143754 16.1008366296658 -0.340876755460938
"568" 567 2.0103471116161 56.1494211475485 17.1747868482353 -0.276659704062829
"569" 568 1.85969979100733 74.3504740775921 18.2016763617381 -0.205879698250108
"570" 569 8.52744535470944 90.0778549279949 17.0824277933755 -0.409264209119749
"571" 570 25.1457866613142 98.3557610864961 18.5659095697399 -0.707667358162253
"572" 571 41.2779209574988 102.516836222097 16.660141152891 -0.209706651863448
"573" 572 55.9779776836592 112.558961581212 17.8026950061083 0.346882603315753
"574" 573 71.5904760571692 115.27059744291 15.8462321865262 -0.4273492116608
"575" 574 86.0776272914635 101.358387875958 20.0854954113687 -0.937124204755113
"576" 575 101.202319934455 90.9974087259037 18.3331998432577 0.164542885228913
"577" 576 114.601574745718 80.5250934605546 17.0061581938425 -0.0627820125124759
"578" 577 114.522469039505 61.5519450023072 18.9733133672391 -0.911570477880215
"579" 578 111.42698704077 42.6858855554641 19.1183212614579 -0.158458393129005
"580" 579 100.996361215514 27.4936003613637 18.4283337425112 -0.43903046108478
"581" 580 84.8710245592627 20.4665217778732 17.5899492806545 -0.558173363058247
"582" 581 70.8036857311587 20.7214005377701 14.0696476461541 -0.429081278269344
"583" 582 60.1846321645771 32.9322077234924 16.1823394716838 -0.836891458999358
"584" 583 69.9617217853583 45.3578485887227 15.8110098464478 -1.38245814388429
"585" 584 86.5578433941008 49.8319433940539 17.1886234695877 -0.64079991434347
"586" 585 104.444406900279 52.7610917232171 18.1248190058487 -0.101004964833106
"587" 586 112.908444561033 53.8640117939721 8.5355940745294 -0.0327451679137907
"588" 587 118.157822180448 55.2225355285568 5.42231981062075 0.123664492814225
"589" 588 123.368532387722 47.876670285826 9.0062887488989 -1.20707090295996
"590" 589 118.881974857685 33.0013085347114 15.5372322405521 -0.909899608372596
"591" 590 108.738651558594 19.879923915018 16.5848648438209 -0.365149680689327
"592" 591 101.073051533262 12.8191088777863 10.4219255772807 -0.168360273607033
"593" 592 100.924891025212 12.8896033907871 0.164076239927315 -1.18845263859253
"594" 593 100.859934241935 12.7105048164515 0.190514259368522 1.66696322771354
"595" 594 100.941868016012 12.38703918798 0.333681219334981 0.596014471901273
"596" 595 98.3939677732631 11.6704158579732 2.64676116113815 -1.54470120210208
"597" 596 85.9928166834451 7.249155473531 13.1657165296664 0.0682945280101517
"598" 597 71.671744686385 4.23630298661739 14.6345612593231 -0.135116438951354
"599" 598 62.5316345791275 0.567079408456115 9.84910221488869 0.174393677391222
"600" 599 48.633631858438 1.94060655692219 13.9657100231913 -0.48025802973307
"601" 600 33.5192940547663 8.61813075827389 16.5236962179513 -0.317505241557691
