"time" "x" "y" "speed" "angle"
"1" 0 47.2405298082928 121.904613680835 NA NA
"2" 1 42.3105135154323 121.342492853219 4.96195933807501 NA
"3" 2 34.6236974603788 118.840801248112 8.08366265694527 0.201111107370479
"4" 3 28.3262425746885 112.991596801436 8.59483162699034 0.433870822760733
"5" 4 22.0393940291249 110.448832974308 6.78160102891708 -0.364168474865146
"6" 5 17.1507157011545 100.292924039464 11.2712759742279 0.737825967979294
"7" 6 22.8099972699745 92.6730654563126 9.49156007737431 1.08744089920802
"8" 7 24.7008638265323 99.3489826726902 6.93853349164185 2.22677105935646
"9" 8 20.5454065638074 95.8611244833474 5.42521702895827 2.54507923523466
"10" 9 21.4514865628331 81.5074529488185 14.3822413929742 0.935562896950235
"11" 10 32.7576420611508 69.5625716979499 16.4471681528916 0.694892555226578
"12" 11 47.8244631420662 72.9997307886154 15.453904364233 1.03715152801745
"13" 12 46.8709429143916 85.3986558825851 12.435535545784 1.42325929416964
"14" 13 32.0770710246066 86.0333537760124 14.8074807751789 1.4511674747985
"15" 14 30.61873197181 72.4093051395143 13.7018777560807 1.50703729260048
"16" 15 44.4683562789484 63.2322032853365 16.614189474387 1.09223279310609
"17" 16 61.1165011061735 58.1148620495395 17.4168857007173 0.28698352966267
"18" 17 76.2928700218806 59.1190952526841 15.2095581063993 0.36429002444641
"19" 18 78.2708505833521 70.1830350101884 11.2393580803906 1.32781350805288
"20" 19 81.4112433358763 78.836263419422 9.20545645486822 -0.17122609334745
"21" 20 93.6190814024737 75.6274593528545 12.622509013579 -1.47969567233634
"22" 21 106.723825009173 65.7885664383164 16.3871327199446 -0.38697192656411
"23" 22 112.2892297357 51.2830963789411 15.536485812869 -0.560435178957118
"24" 23 116.4333159938 49.2796871286278 4.60294465954291 0.754130308194798
"25" 24 111.335101985972 59.3678567718348 11.3032275399431 2.48903773679266
"26" 25 99.2346254595063 49.3866347986585 15.6858638348475 1.79258331195697
"27" 26 108.985701894912 34.5781788260326 17.7305910770714 1.46339214462165
"28" 27 99.4127215445451 20.6079936056375 16.9354075203596 -1.18306723170309
"29" 28 82.3412820046818 14.8830228065977 18.0058140225059 -0.64647497484347
"30" 29 66.1073456650017 14.7955903342577 16.2341717841719 -0.318182069441929
"31" 30 56.4335810058925 16.9784438537454 9.9169840257697 -0.227315671215735
"32" 31 58.5626991132836 21.7135367652886 5.19174814452396 -1.77142633051748
"33" 32 53.8169618828771 34.3179032394055 13.4681875571254 0.782658461556298
"34" 33 44.0015372781592 48.2720240939405 17.0604820856232 0.252910284446018
"35" 34 54.1321110094103 62.7436259086502 17.6651007132092 -1.22375575044717
"36" 35 70.8953187241518 67.3130702907584 17.3748368294137 -0.693927236514093
"37" 36 86.4907728360567 61.6097055245277 16.605618284581 -0.616720627606918
"38" 37 103.442781396515 57.9796343687048 17.3363205678191 0.139646275439462
"39" 38 103.527870186904 66.8547077482165 8.87548125985103 1.77216143994249
"40" 39 101.37439739999 56.8065483191824 10.2763297414626 2.94005827425076
"41" 40 117.709626619449 56.1987452142032 16.346532912722 1.74472684299009
"42" 41 115.919510089062 45.0968490843406 11.2452930095495 -1.69347355196824
"43" 42 98.3782498211358 36.2110541969608 19.6634982281309 -0.942042047252177
"44" 43 90.6452141677163 23.6724302123727 14.7314945556772 0.549274793647144
"45" 44 76.1278600961405 13.5015943718356 17.7256726511197 -0.407033389074673
"46" 45 64.1091910502936 18.6385256756804 13.0704425653463 -1.01503991531732
"47" 46 55.1005306785483 35.0836019568984 18.7509065271131 -0.665729102798171
"48" 47 45.0080228911503 49.0027825640065 17.1930887920694 0.126205269343949
"49" 48 26.4300673734749 58.1257935613452 20.6970954695167 0.48696097312308
"50" 49 23.152052496607 72.8521119985031 15.0867437257198 -0.89529624892323
"51" 50 36.5144307931911 87.1493596064093 19.5694773282988 -0.970636768282379
"52" 51 55.8265297619612 87.4437578963824 19.3143427776538 -0.803941299935976
"53" 52 62.4570270133784 70.1713561234589 18.5013339196487 -1.21950796152298
"54" 53 78.6020619074642 61.7139846485527 18.2260605725923 0.72172981118242
"55" 54 96.1159724265066 61.4949261357095 17.5152804231355 0.47002805514998
"56" 55 115.645801576847 60.0347242045688 19.5843411000009 -0.0621218857732741
"57" 56 115.820691004354 62.0953108468167 2.0679950730271 1.56075455747032
"58" 57 104.213240231311 61.2146060146719 11.6408141661132 1.73119601418221
"59" 58 94.8352956895026 57.1679130982694 10.2137929971631 0.331644175819645
"60" 59 84.1018296590691 61.3708758516732 11.5270199502287 -0.780596054460349
"61" 60 66.2760243835913 59.6071826330758 17.9128430878121 0.471842365964302
"62" 61 61.3762977523702 77.9900053904434 19.0246023240826 -1.40893325250692
"63" 62 56.3785157518162 93.4931706847363 16.2888292724563 0.0513703136688286
"64" 63 41.9322534491313 79.9898525156299 19.7745820712877 2.01061708192155
"65" 64 29.3014732476514 62.4565761385557 21.6090811700304 0.194843473832964
"66" 65 33.0097405921468 45.0611990316131 17.7862416319748 0.834310796420486
"67" 66 50.926289964642 39.8263951473827 18.6656345491765 1.07650037545227
"68" 67 70.7962868760174 29.9860881292188 22.1731463592742 -0.175563527294583
"69" 68 80.2614486392417 12.902940315345 19.5300595604484 -0.605010206339844
"70" 69 80.7110936612575 14.4522385009842 1.61322828943965 2.35316951176851
"71" 70 68.275450791847 18.0953208961457 12.9582893513555 1.56828033079504
"72" 71 50.7963426307772 27.7889903213552 19.98715710229 -0.221376420548856
"73" 72 45.1383381296348 48.3590108687989 21.3339813503528 -0.796016327818815
"74" 73 37.4839318070297 70.3672043856961 23.3012986339546 0.0662891534891745
"75" 74 42.0347373247406 92.0546908662583 22.1598037153896 -0.541546486072568
"76" 75 41.4293750460211 112.647494098192 20.6016991638464 0.236223003745675
"77" 76 39.9665385017718 111.277924682789 2.00389898418039 2.29388947105939
"78" 77 43.424722056318 101.172219800329 10.6810254502224 1.14802507843098
"79" 78 45.8717925687413 84.5315066261612 16.8196756519767 -0.1837034445618
"80" 79 41.5812989741304 77.7078939561186 8.06039857303364 -0.707313629581914
"81" 80 23.0463240590473 69.9040254059283 20.1108343797917 -0.610982215677348
"82" 81 7.65310284157135 74.3231786929266 16.0149984459612 -0.678073143748596
"83" 82 13.7688330716883 68.8589802327364 8.20119631882515 2.69196500311406
"84" 83 27.4216502203093 70.5973559772642 13.7630434978185 0.855839323004639
"85" 84 47.1744876173669 67.4259089623336 20.0058156895215 -0.28584363919819
"86" 85 67.6923466275417 70.8805146672355 20.8066537179277 0.326004021534575
"87" 86 85.528164551728 61.7708778639823 20.0275281478247 -0.639016426610444
"88" 87 104.36366132116 62.3498853538148 18.8443940795285 0.502940809820667
"89" 88 109.131290373887 80.1066923902546 18.3857140985539 1.2777564154175
"90" 89 96.5797913308553 96.0988496620527 20.3295160403084 0.927746092787984
"91" 90 78.9339966312803 105.936350533135 20.2027348140812 0.396777749434311
"92" 91 69.5526224042606 112.267548464622 11.3178730172704 -0.0850777694768612
"93" 92 62.0449530244627 99.9949019027635 14.3869021387043 1.61544874431977
"94" 93 57.7112919716957 90.1913704539869 10.7186681536197 0.132783275377402
"95" 94 53.8570270164706 72.1482946734201 18.4501474782278 0.205772297566823
"96" 95 63.4777259204459 65.3505098333346 11.7799713978026 1.16612011138479
"97" 96 64.4289289703045 66.9950319795013 1.89980007666409 1.66153323650805
"98" 97 64.1293068191934 68.6189636050568 1.65134107861337 0.706843227262754
"99" 98 64.9706947374156 67.1195741041679 1.71933199362607 -2.81267881314358
"100" 99 67.4604630920823 66.1328524914596 2.6781646702332 0.682108360810151
"101" 100 69.8488796680823 65.3443909522096 2.51519489093549 0.058467014280086
"102" 101 70.3370826840823 65.7346769486551 0.62503227424906 0.993250420829308
"103" 102 70.5876928600823 66.3210393048346 0.637672543755104 0.492500586146601
"104" 103 71.278129386785 65.6014075844833 0.997282512802215 -1.97299620879736
"105" 104 73.2017176268167 65.1286366837389 1.98083417826401 0.565101267146895
"106" 105 82.6678638391304 61.2883899912935 10.2154500033889 -0.144396430182769
"107" 106 97.3514067691365 48.118928602837 19.7241259943091 -0.34569671420061
"108" 107 104.425075715731 27.3308278225386 21.9586412698476 -0.511719533087244
"109" 108 88.6606972243723 16.1487139999323 19.3275787092054 -1.28182231009569
"110" 109 74.4201884791607 33.5991957275571 22.5235743577394 -1.50330256605693
"111" 110 84.7261600816538 49.7016953341398 19.1181469879116 -1.25378225300937
"112" 111 100.601288953127 48.1738759699857 15.9484779429057 -1.09741107460899
"113" 112 97.2141943913487 61.8992542430061 14.1371290688005 1.90868270621781
"114" 113 83.7748185806778 68.351706940361 14.9080839812516 0.881240422257126
"115" 114 63.6728705607844 70.0826775144782 20.1763369649437 0.361716141285042
"116" 115 43.4704241420563 61.9244160169143 21.7875210146592 0.469697505592806
"117" 116 31.8996139664953 45.5086975103885 20.083810948233 0.573015166981667
"118" 117 38.0357787206282 34.3751052926915 12.7125683305863 1.11769916429012
"119" 118 57.3388865148706 33.3986294542634 19.3277902404588 1.01653514855701
"120" 119 78.4810693309613 27.3414287066276 21.9927618803588 -0.228481036194081
"121" 120 96.8625385689155 21.8706052068145 19.1783294661439 -0.0102539990268275
"122" 121 102.537601149835 22.2866326592062 5.69029121737134 0.362455503621989
"123" 122 95.4801301663087 32.8949475256185 12.7414379482167 2.0846593434139
"124" 123 91.9087784868424 49.6622923018295 17.143465334137 -0.377181661962372
"125" 124 99.1141569489231 67.9263614538882 19.6339935003809 -0.585624100316557
"126" 125 96.3251355649568 89.8744669605119 22.124601140136 0.502161667601625
"127" 126 82.19959749075 101.431070872356 18.2506416287516 0.758698554911631
"128" 127 68.6048036809284 89.4307156226604 18.13358610012 1.4088857511082
"129" 128 61.6049614269172 71.2171649013296 19.5123351103739 0.480695342359974
"130" 129 47.3559375241778 57.2415247632703 19.958787524531 -0.428166860534304
"131" 130 28.53366490002 66.0405521483198 20.7774115245612 -1.21300693695859
"132" 131 34.6802183483861 85.9324979145673 20.8199333731151 -1.43319230239949
"133" 132 48.3278073945234 96.6228235674715 17.3360822949532 -0.6066234697635
"134" 133 61.9063636361575 111.271983794402 19.9743606896817 0.158824973797713
"135" 134 73.9557371959625 121.656177157569 15.9065670396655 -0.112000529793822
"136" 135 84.950046345085 119.991053228981 11.119688456249 -0.861617788402536
"137" 136 94.8527532669233 114.525748775523 11.3107540486395 -0.353989890743557
"138" 137 104.207763114599 109.454496288011 10.6411376761231 0.00755121188829233
"139" 138 110.551488475418 99.6480739177406 11.6794165589571 -0.499857397234418
"140" 139 120.328598103337 88.5325832730278 14.8035808150945 0.147236197062949
"141" 140 112.838673235146 85.3178091764463 8.15068997221679 -1.88678806523403
"142" 141 106.959656038576 82.601111300352 6.47636399127948 0.027437380864413
"143" 142 99.8937627046691 82.8872533317169 7.07168479701007 -0.473345281404429
"144" 143 94.4441827304809 70.2128370621046 13.7963310220684 1.20520028338787
"145" 144 107.380174083289 64.5034011224904 14.1399268395736 1.56122033027468
"146" 145 115.951920881895 69.0801633694006 9.71707753618057 0.906072388848491
"147" 146 113.497927250078 56.316548989261 12.9973819205986 -2.25116947741921
"148" 147 104.254912170327 40.0467763896705 18.7119969059127 -0.326693678576441
"149" 148 88.231535273724 29.3816473188814 19.2482099237094 -0.466893278029425
"150" 149 66.4832361297289 24.218020497026 22.3528870084399 -0.354152045293398
"151" 150 48.4982901892448 36.3810130076484 21.7116712229987 -0.827743986879608
"152" 151 52.8100178653291 55.6259654711483 19.7220483437974 -1.19656764298365
"153" 152 53.1273093386745 70.5452612828635 14.9226693790528 0.199140910158601
"154" 153 34.8130995404677 79.6519664160885 20.4534192475546 1.13061668212363
"155" 154 17.6983419910678 82.5724039646841 17.362139310868 0.292432913896095
"156" 155 19.1402440988971 78.1771768705668 4.62570026022283 2.05680491315045
"157" 156 25.5489802817721 87.0554715561443 10.9497039222823 2.19935891345503
"158" 157 26.6899008694481 88.8099163040053 2.09279147568037 0.0486477091484212
"159" 158 28.5644867374156 89.0482864394243 1.8896805279843 -0.867728130005962
"160" 159 28.7901131346086 88.5746541333346 0.524628280292028 -1.25270708178629
"161" 160 29.2969927144206 88.5746541334371 0.506879579811958 1.12622704344087
"162" 161 30.9539908207147 91.3844162492131 3.26196349941442 1.03796328939743
"163" 162 41.7365419929505 103.881490036242 16.5057645391038 -0.179048791414856
"164" 163 62.0921160213157 113.624915778121 22.5673157289865 -0.412483102666923
"165" 164 81.9780097481191 104.695948458397 21.7985143234675 -0.868461823017253
"166" 165 95.5023497734403 86.7784043764612 22.4487451553226 -0.502193541797463
"167" 166 95.56763652444 63.3997589229784 23.3787366125611 -0.643779784189441
"168" 167 98.9354270575728 41.5307964774893 22.1267605292161 0.150005714739068
"169" 168 110.172830612254 24.8042944217036 20.1508091567798 0.438771969518371
"170" 169 110.638938694239 35.3017503650988 10.5077989145023 2.50564953751938
"171" 170 104.1708437425 50.0462832799521 16.1008541134286 0.457771206970332
"172" 171 98.7852323257091 67.3510299896112 18.1234397678289 -0.111678542810266
"173" 172 107.074681984868 83.3038238959061 17.9779478547592 -0.780942839405701
"174" 173 113.13576032348 89.6628409421262 8.78486018220632 -0.282191289832729
"175" 174 99.0573150481129 87.2250304382249 14.2879509176242 2.50366953429121
"176" 175 90.9412712857219 73.104681367224 16.2866332997326 0.877671201653601
"177" 176 96.9862904489947 55.2606232310625 18.8401875641154 0.848301165331453
"178" 177 110.424981764165 39.8610102708739 20.4388479026594 0.390870626578073
"179" 178 106.957921263891 32.0336260244578 8.56086751758298 -1.13447277530693
"180" 179 87.4427067522026 26.0057950394108 20.4249441571204 -0.854246892075204
"181" 180 67.8004495121049 17.549884584967 21.3850576594907 0.106934256833628
"182" 181 49.9823895201101 9.06102062209907 19.7368709084901 0.0380890842512428
"183" 182 41.9362294876025 18.0566492541287 12.0690523966928 -1.28566031492606
"184" 183 34.0774115484728 34.5089204885724 18.2328891888283 -0.284113956080395
"185" 184 18.1106241499444 44.5333687796189 18.8527945771885 0.564536030641719
"186" 185 7.96717520897849 42.5084517627567 10.3435895772774 0.757670587247314
"187" 186 16.8008381591367 50.7603093580993 12.0882899903506 -2.58727177424822
"188" 187 35.8657821398292 49.0485198323691 19.1416381840046 -0.840905940021325
"189" 188 56.5322000874463 46.0177621298864 20.8874680858343 -0.0560662053579225
"190" 189 75.4293118028448 37.6104203737215 20.6829453074074 -0.272992049747666
"191" 190 79.3859111059005 39.6075028145846 4.43204425976826 0.886043575001592
"192" 191 79.1902515814736 40.5412972819216 0.954072720880369 1.30990178303573
"193" 192 78.9691639320823 40.7001601583346 0.272244673438424 0.741184237703662
"194" 193 78.6995039960823 42.0463140058346 1.37289717831401 -0.750025762676041
"195" 194 78.1065063112957 43.896637384174 1.94302415285853 0.112439173367797
"196" 195 70.2844646453603 55.6428182488444 14.1123031688374 0.277345709258772
"197" 196 51.7541543169298 63.3927860158773 20.0856765197985 0.5871852474994
"198" 197 38.7602587114168 78.4616316107706 19.8975232270177 -0.463079426856463
"199" 198 49.7028342060182 96.5496220023933 21.140372628279 -1.25565399540565
"200" 199 57.3141757834206 113.731613709746 18.7923750398785 0.127057365166151
"201" 200 55.4242156437664 112.602388746632 2.20161266956794 2.52636917891019
"202" 201 56.2180324872605 99.7497919911802 12.8770877351702 1.09391210529907
"203" 202 57.2376440998353 77.8418997459603 21.9316061990149 -0.0151775161845138
"204" 203 47.9546926055603 60.3240000314203 19.8254886157628 -0.533797428574556
"205" 204 41.7234929473421 41.4752662852515 19.852017857501 0.168010781322927
"206" 205 51.576532405811 23.3056605219186 20.6692273722335 0.816177294871918
"207" 206 71.5685825211729 21.8436989448992 20.0454333818908 1.00090119112388
"208" 207 84.289900638139 27.0474924110887 13.7445043952777 0.461290197993054
"209" 208 79.1253386120448 34.3543780773115 8.94780861779161 1.7977835403213
"210" 209 66.598177162539 37.5570235200643 12.930070062222 0.705221186062938
"211" 210 46.4708840332908 46.2291384540643 21.9160558983406 -0.156531598997205
"212" 211 26.2283915039738 54.1705694550088 21.744535638689 0.0329627734694883
"213" 212 13.1953905934701 63.80777759723 16.2090990961769 -0.26284887850994
"214" 213 28.1627036966564 57.5066197967971 16.2396136393318 -2.90335314931216
"215" 214 43.0164844365268 44.562937984152 19.7021242797609 -0.318318001640474
"216" 215 53.6166119136902 26.6945143355287 20.77602623744 -0.318576736030661
"217" 216 67.7441585134438 10.7183474526937 21.3266378315102 0.188638351012672
"218" 217 72.5519719335127 6.34999022268046 6.49596911716822 0.109185823044634
"219" 218 86.5650909407622 10.2827926044022 14.554533276097 1.01115640897982
"220" 219 92.8789727566536 12.4850289090755 6.68692368183347 0.0619862238698888
"221" 220 86.1397065872221 20.8784752689259 10.7641836800627 1.91171631002823
"222" 221 82.8948335688852 28.3234346647839 8.1213681920662 -0.265495641472716
"223" 222 82.4280106096035 42.560908841347 14.2451252926611 -0.378246685352242
"224" 223 77.6907735012039 58.5213719521973 16.6486575475025 0.255751734959897
"225" 224 70.7013848039965 76.8290932243556 19.5965357280232 0.0761668237900215
"226" 225 74.3288108408001 94.0298403817706 17.5790762677054 -0.572537393242751
"227" 226 90.7015179546634 104.191736269624 19.2699160940549 -0.807481243035843
"228" 227 104.908901640875 105.398021619548 14.2585018691547 -0.470770458893435
"229" 228 106.565755211111 105.520479370796 1.66137282210895 -0.0109266957947235
"230" 229 99.2291477279665 110.463754279555 8.84656861078329 2.47490445505165
"231" 230 91.794595723605 115.444995495178 8.94904059404033 0.00259728995220843
"232" 231 83.6825507197206 108.385284495726 10.7538269253712 1.30646292068634
"233" 232 79.1902492605157 97.8191226043742 11.4814872518598 0.452643110065879
"234" 233 63.5533072490468 91.1875677274665 16.9850368134861 -0.767686623986009
"235" 234 45.7789532541089 84.1907906991397 19.1018990867789 -0.0260886416016989
"236" 235 40.9687434687462 66.993725801911 17.8571318878115 0.923040013188457
"237" 236 56.5093446139809 55.7093479848154 19.2054020180321 1.21549363921211
"238" 237 73.1127354537312 41.8693909615282 21.6152029318242 -0.0668297943490297
"239" 238 88.990982443323 30.8132721901864 19.3482942335623 0.0866307896311269
"240" 239 105.045841505973 26.011649186365 16.7575082572676 0.317633598936039
"241" 240 97.2945832154178 30.271913732011 8.84487756194483 2.92964832741328
"242" 241 91.345504801884 29.7998105791386 5.96778144349525 0.581744596531584
"243" 242 90.4543862308635 29.1054810598708 1.12968393320621 0.58271631551175
"244" 243 84.3414360446529 19.5700100043665 11.3266662451691 0.338813308260703
"245" 244 65.2696717541779 10.6081763776909 21.0724145532412 -0.561441547961656
"246" 245 43.3153276699096 6.17668692270257 22.3971275604734 -0.240105480213248
"247" 246 25.9093970173469 17.7811575399346 20.9196118555776 -0.787197155308161
"248" 247 10.0195312628221 33.3757874824608 22.2638791934639 -0.18799809678611
"249" 248 15.5767141067328 53.7626981731196 21.1307455777016 -1.06089545752088
"250" 249 14.6141313065411 71.8334013984926 18.0963222978242 0.319337681954903
"251" 250 15.890074704043 85.1663981917323 13.3939103715893 -0.14862491995835
"252" 251 33.550914436876 95.5334723800498 20.4788058073437 -0.944576075553133
"253" 252 51.185905999424 93.5727159451623 17.7436606484709 -0.641543387992777
"254" 253 68.8063971514702 99.8557429100581 18.7071680454564 0.453251009492184
"255" 254 81.2494110936019 109.044241569972 15.4679379229207 0.293545449727915
"256" 255 76.7185931669363 105.689141867749 5.63781917911979 -3.14026087930214
"257" 256 74.9046595086601 96.0046479011095 9.85290711955177 0.748241333563894
"258" 257 77.803160649816 76.5449000768427 19.6744274185893 0.333018994848375
"259" 258 72.1562841648582 55.4820316328314 21.806687990754 -0.409798081183017
"260" 259 62.4977432150151 37.9947738777745 19.9772770184426 -0.242685115689217
"261" 260 63.4301402003718 21.9241194428835 16.0976798981711 0.562575362861152
"262" 261 81.3288840714486 17.1809627211695 18.5165484863986 1.25379750113051
"263" 262 87.8023452799664 10.0847977061536 9.60527240313991 -0.57221033725088
"264" 263 89.1601810879775 17.0583763269998 7.10454198823829 2.2097465407648
"265" 264 84.6150102251785 27.8746904667045 11.7324860852597 0.590115531783728
"266" 265 79.9549221062639 37.117782867652 10.3513853376494 0.0691676670799399
"267" 266 76.0047846273562 49.2591239494013 12.7677621126665 -0.15243302194032
"268" 267 67.5936386326596 66.2489341747362 18.9578751034233 0.145151000906836
"269" 268 51.4581180437752 75.7230991339011 18.7113555454376 0.580174130074969
"270" 269 39.9795548523517 61.9117518873775 17.9585836218662 1.40830589579074
"271" 270 50.6330422381482 46.0176947211082 19.134206194247 1.28391754640859
"272" 271 70.6805693646677 39.6793268910389 21.0256569609083 0.674073354636218
"273" 272 87.9239920489585 29.7517628725389 19.8970388050717 -0.216160895334649
"274" 273 92.9050579994649 14.9355897457879 15.6310589572541 -0.724092884780731
"275" 274 93.7587016713539 12.7420448601877 2.35379410393074 0.0468078852366126
"276" 275 99.653042170402 16.3437478423571 6.90764173148016 1.74816881518122
"277" 276 106.73434782912 26.18988163489 12.1281177638021 0.398801870259719
"278" 277 111.912241955078 41.8886173103575 16.5306046286221 0.304900615980484
"279" 278 103.754422707878 56.9955029103379 17.168809143353 0.813731547462372
"280" 279 101.716786971333 74.3183478553293 17.4422738306408 -0.378049398591862
"281" 280 89.8252540369852 88.7460461643724 18.696711850629 0.572244046773575
"282" 281 76.305712138966 95.9371906250206 15.3130849859265 0.392616719734469
"283" 282 75.1468415616503 96.1488781552947 1.17804610497282 0.308171386094578
"284" 283 75.0846340077364 95.6403409036983 0.512327937970523 1.629749748325
"285" 284 70.107339972581 85.359958734368 11.4218962287301 -0.329169391426318
"286" 285 68.8979352463633 68.0603526790705 17.3418288960617 0.38109527923376
"287" 286 83.8950056865537 53.3967103847504 20.9746162568904 0.866434919497404
"288" 287 98.6366913118009 36.8490953970239 22.1616979686948 -0.0688941242872371
"289" 288 113.712610072037 38.4841925474352 15.164328839633 0.951086612954207
"290" 289 114.348073239141 58.9086357077464 20.4343263124951 1.43165822533199
"291" 290 102.093685048938 73.8553437137273 19.3280653489233 0.717843983015313
"292" 291 86.2860115396408 86.013190798498 19.9423114887217 0.228435147541408
"293" 292 66.3304221933292 88.0420828211829 20.0584632760921 0.554297836084639
"294" 293 52.1048459959768 82.2549215156303 15.3576773674656 0.487688745191363
"295" 294 34.9901758865593 70.8419407751698 20.5710491306669 0.201765520551654
"296" 295 39.0343416340469 54.195270849425 17.1308755237392 1.22098861046682
"297" 296 53.5994692762239 50.8021237594285 14.9551459507175 1.10359055421328
"298" 297 71.8615432870453 55.8363765074266 18.9432586401455 0.497867716619317
"299" 298 77.2865253758501 72.0261764680491 17.0745440181817 0.97848253551287
"300" 299 66.177126589815 87.0675284588778 18.6992248796351 0.959486412043729
"301" 300 64.6115803480738 105.840844674542 18.8384802138692 -0.552959319602535
"302" 301 70.6982807163134 113.753857861855 9.98317079265481 -0.738876730508548
"303" 302 61.7004851107583 112.485481063902 9.08675439642399 2.36651600768754
"304" 303 54.3555819342071 97.4563509290842 16.727891537256 0.976177987724952
"305" 304 45.7230058101011 84.3933456107141 15.6576971003481 -0.129383154533312
"306" 305 41.1623453448192 64.8636199779712 20.0551690885368 0.354546164153974
"307" 306 43.4147846845665 45.5510707375475 19.443457540855 0.345519093882451
"308" 307 44.762609065216 25.06694767098 20.5284175806942 -0.0504025269849418
"309" 308 47.1038516100903 6.89303978210137 18.3240919176742 0.0624149758741052
"310" 309 50.888627114841 4.74898721441395 4.34988356561049 0.927259280946902
"311" 310 66.2462350446775 6.76307344802433 15.4891143931148 0.645819915797698
"312" 311 79.7767807341947 17.6045381733817 17.3381955245428 0.545106222999834
"313" 312 82.3835857772873 35.3695283022566 17.9552306254115 0.749589940945533
"314" 313 88.4801090979976 50.5459806586731 16.3551919195876 -0.236280577125213
"315" 314 97.0722424092322 66.9154914843625 18.48744545659 -0.101378814381081
"316" 315 95.4755022458168 79.7442628372398 12.9277590313972 0.607186667366221
"317" 316 79.7419181028082 89.2004734888919 18.3566225072465 0.905797869394675
"318" 317 68.1579009923902 78.7035361102698 15.6325028944558 1.2773760441776
"319" 318 58.0361412095933 63.0699297768238 18.6241689234663 0.260019343158982
"320" 319 39.9554322181512 55.7841726075468 19.4934423630842 -0.613172331260417
"321" 320 33.1260352304213 42.1119800472154 15.28298114318 0.724487452634087
"322" 321 34.0124330265743 40.7382304464666 1.63489725016047 1.03627705099955
"323" 322 42.7023163945253 35.0669728950273 10.3767641952272 0.419554653102059
"324" 323 58.3582397182515 25.7178470921561 18.2349688345307 0.0398898808133451
"325" 324 76.8259076394439 33.5068913135311 20.04305286951 0.937458963604286
"326" 325 82.2222947456218 50.8636863137339 18.1763397437105 0.870232706521278
"327" 326 91.8641078882416 69.2038615451223 20.7201975906415 -0.18257702087802
"328" 327 102.280533108001 85.4362369690434 19.2870922189414 -0.0865111159639964
"329" 328 111.268938458352 92.462424476605 11.4087134083404 -0.33679426131821
"330" 329 99.6371990795983 88.8814523083763 12.1704857193493 2.77676772806681
"331" 330 93.35473732789 82.8671560147354 8.69718837150151 0.46493973421971
"332" 331 90.3223117563554 67.2786061396597 15.8807585478345 0.615072999764806
"333" 332 97.6259069541098 51.8439874060092 17.0754197097996 0.634104684729752
"334" 333 112.741479241108 51.5378440456002 15.1186722075908 1.10857042821464
"335" 334 123.223601626061 52.7853076888654 10.5560909068842 0.138702312049968
"336" 335 121.509080456536 42.1938560176201 10.7293257637689 -1.84973357717179
"337" 336 115.845793939564 31.1830539259981 12.3818648383104 -0.314567331521585
"338" 337 110.829342757612 24.6083825061805 8.2698903704625 -0.176714094837483
"339" 338 104.803643316986 18.5704458749034 8.53028326095175 -0.132616673402441
"340" 339 93.690590925113 14.4775166135837 11.8428038657529 -0.43352938007202
"341" 340 79.5681966265468 9.26844908537651 15.0524551232547 0.000486244254709456
"342" 341 64.142752531521 17.1968484936974 17.3436974923639 -0.828139891739726
"343" 342 60.2472067885991 32.5642112386103 15.8534259505299 -0.847760725654704
"344" 343 56.3007015043255 49.5503809876515 17.4386027737901 -0.019978870346502
"345" 344 38.6684559776758 56.0734027608727 18.8001567909945 0.988175504609163
"346" 345 27.4703172418462 40.697877494014 19.0211747370844 1.29565693993407
"347" 346 22.5059007694464 26.0039334265038 15.5099137060963 0.303659803475834
"348" 347 39.4805410652682 17.7034028622157 18.8954285693979 1.44180479005176
"349" 348 56.2526599226184 25.1311078720407 18.3432486947668 0.871706370466245
"350" 349 65.3295328207356 41.2767339832286 18.5221722303527 0.641743430867309
"351" 350 83.4054615567759 41.6866483665102 18.0805760271079 -1.03597063585776
"352" 351 98.8287892220857 31.1891334749056 18.6568179272611 -0.620277943436301
"353" 352 94.7463327468876 32.9133119077667 4.43161845607562 -2.94360233800299
"354" 353 82.5492907597905 25.8555239791892 14.0918488382392 0.924185308638413
"355" 354 68.7909170934649 22.5825853963716 14.1423114415267 -0.291025027892843
"356" 355 48.6652200213438 26.0187971221909 20.4169349723077 -0.402653008743185
"357" 356 27.7131617599937 19.6519401261047 21.8980732804423 0.464117115185745
"358" 357 15.9168727280713 30.3495388917869 15.9245425138739 -1.03160323898374
"359" 358 11.4526520054287 49.0032174174314 19.1804324559839 -0.5993002721516
"360" 359 9.612276942012 71.0899460356532 22.1632705490193 -0.151770166898776
"361" 360 11.715960029529 87.7401022485491 16.7825261640356 -0.208813095574123
"362" 361 9.5509918360823 88.5559294369596 2.31358191555559 1.33610155089885
"363" 362 9.28884855335059 87.9187343143712 0.689011411321926 1.54087452165426
"364" 363 9.79694540408229 87.8254067537833 0.516596983429785 1.77943734151449
"365" 364 10.3685322769712 88.3540063598346 0.778542931877551 0.928001097118955
"366" 365 10.9286422574156 88.7862407925013 0.707495438130968 -0.0891029717033782
"367" 366 11.0341214840823 89.0655448220846 0.298557545876319 0.552461860047744
"368" 367 11.1854612440823 88.1891711948346 0.889344959785661 -2.60949843368305
"369" 368 11.1408401846228 88.6679356740779 0.480839334427138 3.06352253282024
"370" 369 11.3649149969457 88.6152330874354 0.230189235535349 -1.89473059864205
"371" 370 13.9778772277691 93.0797270446188 5.17293706838159 1.27227576712
"372" 371 14.4383108809595 96.4433535413367 3.39499371993715 0.393482265095179
"373" 372 25.6419578969475 104.516977913522 13.809602346266 -0.810321412745362
"374" 373 42.4442254750075 102.252668841024 16.9541526282066 -0.758389418596385
"375" 374 58.9961541714131 99.7255138279325 16.7437408015976 -0.017555233627855
"376" 375 73.2082261360165 113.950590519951 20.108102755379 0.937365802661665
"377" 376 76.7694649032375 120.9067477016 7.81476450655862 0.311775122276905
"378" 377 86.2981204810834 120.205717220093 9.55440845145413 -1.17106905715172
"379" 378 96.1345266036453 115.295562962757 10.9938391946945 -0.389554324611755
"380" 379 105.796849711376 109.02279549367 11.5199001540567 -0.112818919336306
"381" 380 113.012502166915 102.541447249125 9.69915024247954 -0.156027150609092
"382" 381 118.563694736301 93.4281095466962 10.6709260620114 -0.291852958107396
"383" 382 121.155501289275 85.9437305819201 7.92044125642155 -0.213733749294944
"384" 383 124.007660158332 76.2588679582821 10.0961068859772 -0.0469706039008523
"385" 384 124.938756652855 65.3352414776902 10.9632365736401 -0.201368754002946
"386" 385 124.375088681461 53.0713501841924 12.2768379984712 -0.130960679276722
"387" 386 121.906955271305 39.1724005864256 14.1163905603234 -0.12981569770816
"388" 387 118.6773515033 39.6963677664609 3.27183161303646 -1.5558888161728
"389" 388 111.914991668326 33.3806323323447 9.25300084358744 0.912098317015616
"390" 389 109.764898920941 24.3620111984926 9.27137670350632 0.585498283001774
"391" 390 97.4556181351677 22.449570355596 12.4569588359515 -1.18262567848026
"392" 391 79.9494810158053 20.7651266060091 17.5869891564032 -0.0582085876746005
"393" 392 63.2003147623621 28.6157738803172 18.4977629136898 -0.534235767989681
"394" 393 58.6010426192509 47.0509902782783 19.000276521305 -0.88799346922942
"395" 394 44.4156974422219 55.4928284509138 16.5072302196469 0.789488340770153
"396" 395 25.9277279564181 49.7412290788286 19.3619707427985 0.838424543121435
"397" 396 10.4207770392741 40.1713928823716 18.2221648432269 0.251312912366243
"398" 397 4.62961751159972 47.2051499936275 9.11105195765645 -1.43490744244424
"399" 398 2.45618131132231 61.5758247682472 14.5341019122121 -0.538706836584872
"400" 399 2.81995210620802 75.7606296248276 14.1894685598326 -0.175742968611183
"401" 400 7.201898016773 88.8746372933026 13.8267366754392 -0.296839047575482
"402" 401 14.3554148284292 100.374226704078 13.5430188433404 -0.234008987447651
"403" 402 29.1585550583392 108.724973034694 16.9961149956299 -0.500689634285108
"404" 403 45.2102971887484 112.538480869241 16.4985231892222 -0.280367482260506
"405" 404 53.0995664654083 108.386453795711 8.91514994483953 -0.717707791431665
"406" 405 65.4422677014893 104.032339631211 13.0881848993915 0.145317190177139
"407" 406 79.2412831036642 107.355606419032 14.193552346488 0.5754719572434
"408" 407 85.8460631744509 112.38830144138 8.30368225376123 0.41478981146841
"409" 408 98.2778355756371 99.1970104704968 18.1261998916872 -1.46615433417226
"410" 409 109.342981289931 82.3791680796878 20.1314995060143 -0.17382754218046
"411" 410 112.358380942459 62.8170440347804 19.7931637747181 -0.428996254947669
"412" 411 111.362152583418 46.3779525278025 16.4692501504516 -0.213468212020228
"413" 412 102.494310337934 28.3398835189122 20.1000139218927 -0.39639252096894
"414" 413 89.4942574138452 12.0874331566546 20.8121002978258 -0.217749699021403
"415" 414 82.2668978501583 6.69886868721539 9.01506257904625 -0.255461560437052
"416" 415 70.8226853044941 3.64009834188525 11.8459308125537 -0.379493633011113
"417" 416 54.0522040071546 1.60837716348131 16.8931031456979 -0.140610638890302
"418" 417 43.5189858412541 2.87957771088062 10.6096482393227 -0.240665180714483
"419" 418 28.9901416254299 11.9621778476748 17.1342037892802 -0.438597822446171
"420" 419 15.5419549603663 22.8188584743543 17.2835539981831 -0.120472629699271
"421" 420 10.0588059000039 35.8527589572634 14.140278830933 -0.493412808314175
"422" 421 15.85751098302 50.5324958456445 15.7835248202641 -0.77440993316011
"423" 422 32.4603919836732 56.7560846075152 17.7310099711983 -0.835956301184896
"424" 423 42.1677569930669 69.6378660708373 16.1298862083522 0.566373208301006
"425" 424 33.4609759354299 84.4024948360652 17.1406621505886 1.1785995633819
"426" 425 28.19938704261 103.783970022929 20.082975329768 -0.267729297176297
"427" 426 37.7984333623452 117.690958585254 16.8981070277431 -0.869226266784501
"428" 427 46.2646224525923 121.169235043506 9.15285555615552 -0.576837404604817
"429" 428 59.1785348366978 124.559557828092 13.3515325580262 -0.133080084216323
"430" 429 71.6975391515478 124.339973593659 12.5209299283737 -0.27427708682133
"431" 430 85.1094518555429 121.042877694626 13.8112361411644 -0.223515041548866
"432" 431 97.7125683621466 115.996147260684 13.5760094929215 -0.13982810684386
"433" 432 97.3910632866307 111.100510207688 4.90618259630123 -1.25549249399844
"434" 433 106.201858446842 98.8887384037492 15.0584687782881 0.690587918576036
"435" 434 112.852616638995 85.11091280286 15.2990543112644 -0.175286381244196
"436" 435 99.7255308711262 77.3746712383219 15.237119619596 -1.48798013403905
"437" 436 83.6269031806493 84.8145492782756 17.7346440270442 -0.965446686600187
"438" 437 77.4931927493431 102.150150567137 18.3887323027309 -0.797814470976352
"439" 438 72.6854652610114 108.052003823274 7.61223459038317 0.343512812979147
"440" 439 68.4305227212785 92.5389393729499 16.0860095939399 2.19030666836065
"441" 440 81.3635485118662 80.2764912319668 17.8221993735427 1.07970474805272
"442" 441 98.3392351630916 71.7835387963799 18.9816800719466 0.29490108757545
"443" 442 117.404717415302 70.0621718862728 19.1430331334548 0.37384540303086
"444" 443 122.559575435886 74.3799210479188 6.72424858517866 0.787298550863176
"445" 444 121.083157520972 83.3044775444725 9.04585642820274 1.0374890314189
"446" 445 109.777814223458 89.6399119657734 12.9594952209282 0.896060627273563
"447" 446 107.56285467774 103.520522012787 14.0562221477332 -0.901770815596602
"448" 447 97.3337942182787 97.4295076953835 11.9052145422972 1.94963408477264
"449" 448 86.1938356568214 89.4687944922441 13.692028025593 0.08338755988316
"450" 449 75.968576262368 96.1186090327449 12.1973752548207 -1.19707209098611
"451" 450 75.2174265283002 89.3072337677531 6.85266801498008 2.03757007824581
"452" 451 85.5494896689855 88.0078355920025 10.4134511264158 1.55552438670912
"453" 452 85.9381305773242 89.4822114891021 1.52473802391841 1.43816893336088
"454" 453 84.4492630364791 96.7064213756879 7.37603789575585 0.460982650619535
"455" 454 84.5591981553943 100.342424977102 3.63766517423818 -0.233474355572145
"456" 455 95.2765765252912 114.187756284586 17.508723486809 -0.628508385183624
"457" 456 102.118423903745 111.037586952588 7.53222691973061 -1.34355287585301
"458" 457 111.388960177846 103.5418668379 11.921772638629 -0.248443606514172
"459" 458 116.946394083433 95.6834493405375 9.62495699615407 -0.275323295107352
"460" 459 122.195572427169 84.7719193165116 12.1084830077746 -0.167151637176606
"461" 460 126.507638820711 71.3204568334226 14.125712708259 -0.138171645210759
"462" 461 125.314337327307 57.5655585880978 13.8065634461802 -0.396753251917236
"463" 462 123.368008248763 43.9940744094495 13.7103384237328 -0.0559038970258498
"464" 463 118.533764943078 32.6397654079434 12.3405932288624 -0.260074753109776
"465" 464 111.23022955205 21.8740892680116 13.0092817617998 -0.193571521048794
"466" 465 100.164416888032 12.9921742109302 14.1894547110294 -0.298356729747404
"467" 466 87.7715757056846 6.08065316197682 14.189842697543 -0.1676136845561
"468" 467 73.0092580512894 2.4966311811071 15.1911565092531 -0.270564149187515
"469" 468 59.459092121004 1.46611462996749 13.5892958279832 -0.162267773893585
"470" 469 45.9892900951331 2.06007408784863 13.4828911756256 -0.119972918739319
"471" 470 32.686975173534 6.86088035323196 14.1421116906613 -0.302285061138023
"472" 471 20.8686192297679 15.4302624149674 14.5982137994189 -0.28101560792945
"473" 472 10.1805249850772 28.1347686507832 16.6024045631732 -0.244016572709319
"474" 473 3.21004379501382 42.6466370005342 16.0991282689943 -0.251624105904442
"475" 474 0.796296109310236 57.1971038678239 14.7493140161275 -0.283396942777298
"476" 475 1.8248094413554 73.4166387383633 16.2521122039825 -0.227718170430493
"477" 476 6.80462770095967 88.0700455555207 15.4764634606167 -0.264268132700273
"478" 477 17.3925079637986 104.264332225844 19.3483366008764 -0.251448990202076
"479" 478 28.6700151229288 113.222697647106 14.4025858353667 -0.320461450833731
"480" 479 36.6316084669186 106.043917890752 10.7201607900864 -1.40503097601302
"481" 480 35.3813758616568 91.4045028914928 14.6927040767785 -0.922250976101892
"482" 481 47.5380253811524 84.6270962048889 13.9182387152785 1.14740361300076
"483" 482 66.4483621283749 89.5974636272775 19.5526312348721 0.765612932327474
"484" 483 82.4539998874168 80.9449915203281 18.1946616796027 -0.752614319139383
"485" 484 76.6628148406247 63.8267326139415 18.0713201574283 -1.40142509897528
"486" 485 59.0363508087803 60.0699994050648 18.0223549701081 -1.03458999685155
"487" 486 46.3670655782883 75.036755129864 19.6090429439423 -1.07832892999136
"488" 487 43.6921812611344 93.7049984145435 18.8589054148468 -0.560139164684419
"489" 488 32.0547483021057 103.169739610397 15.0003723880564 0.745680604498185
"490" 489 24.6670979165144 110.203485931429 10.2005375117378 -0.0780637542607611
"491" 490 20.3577141052612 105.622573993536 6.28931975776603 1.57679363281215
"492" 491 12.7631219345728 97.4581506921723 11.1505891361367 0.00561072092311374
"493" 492 8.84679682311848 88.2575239250999 9.9994567495227 0.34682657168701
"494" 493 7.27513710285507 71.3965946271546 16.9340205228 0.309483735919339
"495" 494 7.36165923323979 52.8514103183151 18.5453861412447 0.0976099891240552
"496" 495 19.7231392912553 41.2307184760589 16.9660445631089 0.811612022987641
"497" 496 33.2939179268601 28.4989796193359 18.6081489432017 0.00100948339915154
"498" 497 36.6986498187977 10.1014225965857 18.7099519951635 -0.634292965595159
"499" 498 48.5006734281788 12.5753997870804 12.0585374078069 1.59443356270012
"500" 499 60.8877301235217 23.8376964763926 16.7415202503157 0.531242891223652
"501" 500 64.9685723470571 40.9686284656225 17.6102840429396 0.599065852400969
"502" 501 64.5569089890794 58.2876296361103 17.323892988115 0.257621351410076
"503" 502 69.9874307477102 74.4171507610679 17.0191662043537 -0.348526438329888
"504" 503 85.2065920894004 85.2898111705832 18.7039465441131 -0.625705736331316
"505" 504 97.2669078698726 99.6222475253738 18.7315228582416 0.250946095896221
"506" 505 100.846388372939 105.135150606526 6.57303438710063 0.12364417571444
"507" 506 101.790511875547 96.5739900630513 8.61306211746551 -2.45587971570906
"508" 507 106.850106039611 80.8952393793921 16.474911717681 0.202317742529839
"509" 508 119.217498455423 68.0458431335307 17.834219328298 0.454132323568795
"510" 509 117.427061175055 50.7160689714154 17.4220187740931 -0.869236496893708
"511" 510 102.309516324201 42.5212725004152 17.1957800497304 -0.971109899984231
"512" 511 85.9320116103519 36.4713236281848 17.4592251262402 -0.142878654490814
"513" 512 84.246213668 21.7620570682117 14.8055542765132 1.10282894897495
"514" 513 86.8471642593565 7.54907937943532 14.4490026908549 0.295105618741479
"515" 514 80.6551436548015 11.2161545715701 7.19642686560518 -2.28647559844572
"516" 515 65.4158400321824 9.94466951314644 15.2922545478476 0.617925456275848
"517" 516 50.1150432038121 4.91259100827302 16.10702324026 0.234492619414874
"518" 517 31.6130337974712 13.5127655218056 20.4031211763187 -0.75284720657362
"519" 518 15.8223003167373 26.5949713006353 20.5058862744144 -0.256750575147471
"520" 519 6.27091636173802 46.6344341914239 22.1993019801774 -0.434156551180174
"521" 520 0.598492816242335 65.7192261982047 19.9099390963805 -0.155870008954902
"522" 521 7.55551643290307 80.1877143435649 16.0541996628671 -0.737108613457738
"523" 522 11.9377596723932 92.0674639644138 12.6622473070193 0.0948047412808873
"524" 523 25.6028213457459 101.901766115811 16.8358964519713 -0.593594744480849
"525" 524 29.2271158372032 112.841603410434 11.5245629241914 0.627078845549976
"526" 525 41.4560697924893 116.327502728926 12.7160846528784 -0.973194827528995
"527" 526 55.8380798017047 122.860980582299 15.7964725418584 0.148720406079982
"528" 527 69.4253855533432 123.704830681873 13.6134845127564 -0.364382423207614
"529" 528 81.9795764199455 121.294268322081 12.7835253042941 -0.251729773308158
"530" 529 95.4303673568593 116.07496016635 14.4279227352051 -0.18044120000457
"531" 530 107.014183522786 107.747705139517 14.2663230458267 -0.253133416669389
"532" 531 113.004645978491 99.4028574868102 10.2723961557229 -0.324903416244835
"533" 532 121.522357763162 87.3179873012165 14.7849755309018 -0.00865811989869378
"534" 533 126.036400484467 73.679003994233 14.3665739596446 -0.294337866215649
"535" 534 125.698415838281 62.9809904155387 10.7033512579465 -0.351201349990897
"536" 535 124.68802933222 49.9694999892049 13.050661439414 -0.045915170169108
"537" 536 121.178218109518 36.9878327078459 13.4477678528042 -0.186555755268266
"538" 537 114.964475731128 26.1228686846363 12.5163108610581 -0.255452608001314
"539" 538 108.304767107202 26.0419984414835 6.66019961801582 -1.03914746956289
"540" 539 100.360595530009 20.4710483019489 9.70285254474469 0.59943020754203
"541" 540 98.1573356258974 14.5342081802619 6.33248962380029 0.60386180164583
"542" 541 89.3296438185102 18.2327356122092 9.5711675260168 -1.61218571801001
"543" 542 79.3600898649459 26.8403326972113 13.1712844328397 -0.315464447860133
"544" 543 79.6795996728044 40.1947980150151 13.3582869576058 -0.882501536550135
"545" 544 87.3723524182305 57.2872903184301 18.7438453350576 -0.398988208628331
"546" 545 104.633005947981 67.2290766444824 19.9190681415315 -0.625317114310395
"547" 546 119.305414955308 60.0618274045912 16.3293921425446 -0.976963361276317
"548" 547 115.54669811015 66.1020881389508 7.11426047183528 2.58182842417473
"549" 548 109.40746705746 65.2456147525082 6.19868571392357 1.15277095259088
"550" 549 106.213378100971 62.8839208642791 3.97237992690304 0.498065773382601
"551" 550 105.382996710749 62.4233879326974 0.949538748181789 -0.130308223865722
"552" 551 105.314312563152 62.8871011465323 0.468772286740832 -1.93011890097388
"553" 552 105.371323120446 62.9903699708346 0.117960390452662 -0.65147177566882
"554" 553 105.310036771355 62.9728874533346 0.0637311148735881 2.35309872385005
"555" 554 105.686510058628 63.0690412995846 0.388558487461817 3.11377437222896
"556" 555 105.290104736848 63.470209280941 0.563979546083631 2.10016219482446
"557" 556 105.153054129664 63.6294982850207 0.210132947798158 -0.0689318555446666
"558" 557 104.906047164082 64.0334935150013 0.473523586416576 -0.161727513225441
"559" 558 104.958687080604 64.6215648645303 0.590422622320863 -0.638042301140271
"560" 559 105.432609469537 64.1704399020846 0.654305863089522 -2.24227999923413
"561" 560 105.362567927719 64.3540063358346 0.196475070123281 2.69606401900584
"562" 561 105.310411221361 64.4376248037333 0.0985513581429553 0.193188093023609
"563" 562 105.026116871158 66.7270627529081 2.30702175990576 -0.434153175195303
"564" 563 97.6564831173613 71.4923520787155 8.77607452245927 0.873262863871881
"565" 564 81.226351235816 74.5534404948616 16.712854212744 0.389791837310381
"566" 565 63.8635126991341 84.7824625586155 20.1519491472078 -0.348193215995414
"567" 566 62.8496216580805 102.065992606672 17.3132430805209 -0.979810435095591
"568" 567 76.4505658535879 113.848891979606 17.99506600827 -0.915493310909365
"569" 568 64.5870903137429 117.749908916693 12.4883940131603 2.11000621236471
"570" 569 46.4528202926636 109.520814867781 19.9140588043535 0.743686953849009
"571" 570 32.4063608666978 108.094925012778 14.1186466874097 -0.324832786360243
"572" 571 24.4185212798574 89.9677184188682 19.8091191162908 1.05457518254325
"573" 572 10.2774823762971 74.4878748323677 20.9665099321401 -0.325175614218844
"574" 573 2.5368308757462 67.3241310373242 10.5468910496887 -0.0838551673686524
"575" 574 2.25011090636043 53.8804993526941 13.4466888568463 0.802761734400719
"576" 575 12.1120473333502 45.1904600144185 13.1443742259099 0.869806997476076
"577" 576 18.8731961130998 29.5905920211108 17.0020297091417 -0.43950974956239
"578" 577 30.0247912717069 21.3172049106889 13.8854963490818 0.523525412970693
"579" 578 49.4823285710635 16.2872687983231 20.0971643534687 0.385327636668706
"580" 579 65.0080271437676 9.60828364259483 16.9013655921912 -0.15328721248829
"581" 580 78.4685973300095 23.916202820963 19.6444267148079 1.22216104165637
"582" 581 89.3991455489468 41.2493669524748 20.4918389408183 0.192266189377954
"583" 582 104.993413916842 50.4173183155666 18.0895698712259 -0.476690864040062
"584" 583 120.346794657678 43.7566794378175 16.7359018410375 -0.940798206953676
"585" 584 120.454436267967 54.8168538613679 11.0606982146529 1.9703836899337
"586" 585 118.567628750004 72.7443715414809 18.0265341311248 0.114592463504339
"587" 586 108.141599582467 83.5206438349388 14.9943365556821 0.664020147115342
"588" 587 91.4901317191007 82.0927170771495 16.712580795028 0.887460296292868
"589" 588 75.9624408465854 78.6287992394678 15.909365500189 0.133941716853066
"590" 589 63.7946542644011 93.7160926691447 19.3825037944729 -1.11159540212886
"591" 590 54.6188105250444 110.078644454159 18.7597763645086 -0.16760284003288
"592" 591 44.331799788824 117.615801104344 12.7526985480148 0.427383747830565
"593" 592 35.2300988089855 104.087265955783 16.3052820887047 1.61090296842502
"594" 593 42.2184803232098 90.462026707479 15.3128906729556 1.06613566513216
"595" 594 59.7980509386336 95.62378638672 18.3217102370087 1.38247804281044
"596" 595 64.9090690817912 111.009251669674 16.2121882678642 0.964472303805805
"597" 596 72.9953673743851 112.661923112177 8.25345642586621 -1.0484652827169
"598" 597 90.2221238963065 105.629980936609 18.6067017772116 -0.589157099853583
"599" 598 103.03090445813 91.6460408071816 18.963529234411 -0.441676913011795
"600" 599 116.043637089069 83.413067867773 15.3984757020082 0.265124020794486
"601" 600 122.525492127886 78.7974107809008 7.95730702485661 -0.0546861337851425
