"time" "x" "y" "speed" "angle"
"1" 0 106.602814146398 78.2750173949704 NA NA
"2" 1 109.815801516322 83.7467433958692 6.34531900444734 NA
"3" 2 108.372186115728 86.611361936692 3.2078130882669 0.997753266523097
"4" 3 97.6388709940134 89.4457742067211 11.1012587763066 0.845813969639634
"5" 4 82.9080633288116 90.4621505155327 14.7658293119716 0.189294810734856
"6" 5 68.5720837276528 83.2326403422694 16.0557194940046 0.535962243884878
"7" 6 59.9196924481373 69.8840298106907 15.9075226851201 0.528622144048659
"8" 7 69.5869829837528 58.2166554678769 15.152033868605 1.26702269704398
"9" 8 84.1551392528749 61.3655688861324 14.9045909973146 1.09174855056536
"10" 9 91.7636944779479 69.9368565319615 11.4611118361409 0.63195454164315
"11" 10 103.917198686504 68.0253585129617 12.3029057227974 -1.00083167895427
"12" 11 111.247781066333 63.4164948548395 8.65904511170895 -0.405266310340954
"13" 12 111.053309951917 57.2019439766869 6.21759291297599 -1.04081104993611
"14" 13 107.213809771416 41.8437455937196 15.8308565531575 -0.213692976271681
"15" 14 107.145945376806 33.5759091951441 8.26811491754112 0.236767578102274
"16" 15 102.369657566 29.3932067471417 6.34885226006849 -0.843349243492577
"17" 16 93.4155191019157 24.1198790397771 10.3915629595965 -0.187001738916649
"18" 17 78.8858164911195 18.3989294731491 15.6154257675569 -0.157137626276728
"19" 18 60.0165218219812 20.9696996005963 19.0436115366531 -0.510506900462255
"20" 19 45.3009066290085 14.6092815365797 16.0313520470582 0.543379359206124
"21" 20 31.0451268394024 12.4785940086888 14.4141280260462 -0.259609049869683
"22" 21 29.5796694568647 11.4790032045611 1.77390730189909 0.450249263739578
"23" 22 38.953731554971 5.56599086969837 11.0831744140111 1.98023223010956
"24" 23 54.9522221418563 2.87414426968185 16.2233701547083 0.396053155757836
"25" 24 67.8680249336492 3.21934055180833 12.9204149403059 0.193415233702914
"26" 25 75.4129227942635 11.171907811695 10.9621535179053 0.784977351919153
"27" 26 79.851704969239 21.6189784603705 11.3509502833594 0.357327175795411
"28" 27 89.907803890164 30.4602031584116 13.3900104431879 -0.447826479351927
"29" 28 88.2509007552983 48.8715643000664 18.4857660670788 0.939349721399402
"30" 29 80.09684604236 63.8666177966043 17.0686917373778 0.408305788659758
"31" 30 70.769588116984 62.807915315467 9.38715033170641 1.18576136361323
"32" 31 71.6023776897119 76.0279508865105 13.2462401824858 -1.74673026899903
"33" 32 62.2872331767942 94.2242003272414 20.4420011497368 0.536054693113407
"34" 33 49.946135451208 87.9471252259069 13.8457345381263 1.56818220997638
"35" 34 57.5329985636364 74.941458933192 15.0568206339913 1.62835444851299
"36" 35 66.4082250136048 66.3841102442246 12.3287412627077 0.275543517608823
"37" 36 79.186334185902 60.9376834744014 13.8904153493765 0.364252597311192
"38" 37 90.5595801061361 46.2885015141516 18.5458689434232 -0.507715445010656
"39" 38 96.3327346348182 40.1950936341246 8.39398193972423 0.0982488395322931
"40" 39 106.686471318542 45.6442901504119 11.7001541010797 1.29684694094776
"41" 40 109.217534485151 61.7644606619697 16.3176646023585 0.93058820496918
"42" 41 105.010576860943 81.5391602506149 20.2172509573643 0.365359945601729
"43" 42 93.6767151012681 98.0603194303497 20.0350972802619 0.391663057589619
"44" 43 75.2672286599444 100.917200172163 18.629840541621 0.81555679955849
"45" 44 65.767784778629 82.6939942962019 20.5505393226531 1.24422499825425
"46" 45 76.4528838080169 68.7560982925098 17.5623542350553 1.1345831784944
"47" 46 90.3842649376162 65.5704024639087 14.2909775064732 0.691936360193072
"48" 47 95.4254628964699 47.8307610531009 18.4420322699099 -1.06911319979082
"49" 48 105.44155633325 41.7196892626465 11.7331720417967 0.74608720221408
"50" 49 106.037095186739 42.3613879301633 0.875467706947635 1.3705209527445
"51" 50 97.1336580163573 42.3141593526118 8.90356243227838 2.32420749655164
"52" 51 83.6136280033427 46.7921620531214 14.2423214308126 -0.325145058885575
"53" 52 70.2814398936888 36.8247678737759 16.6462063701508 0.961815959351484
"54" 53 66.3593728647988 20.4728575342059 16.8156945004494 0.69341425077667
"55" 54 52.8778461511148 13.7123999897267 15.0816228815893 -0.87057404649128
"56" 55 35.9594175793665 21.3611338185505 18.567077166898 -0.889410197535365
"57" 56 25.4006085862843 23.1840512931737 10.7150116878928 0.253635619576954
"58" 57 21.2806590547079 29.1271334695807 7.23147356340765 -0.793666430980513
"59" 58 15.1076469944386 47.2657871358928 19.1602931794543 -0.278142352520992
"60" 59 5.47510377799455 63.0876482429689 18.523422408083 0.21884537566028
"61" 60 3.45344607341448 76.6345629383848 13.6969338773085 -0.398733394911426
"62" 61 13.6720779410783 94.7216820393075 20.7741260855372 -0.662402330801932
"63" 62 26.3031735649614 110.61336633916 20.3000050873356 -0.157315206302218
"64" 63 35.0808269229187 116.583735312226 10.6156725715807 -0.301920781567966
"65" 64 42.2905797057082 116.846986439707 7.21455725218547 -0.560801558483425
"66" 65 53.5848143765311 117.266196189741 11.3020119277118 0.000603130359924158
"67" 66 65.3262819270396 113.974891858926 12.1940454500417 -0.310400486505989
"68" 67 77.2483888451088 99.558576467336 18.7073991467462 -0.606514702317805
"69" 68 91.0132064303394 84.6214926554138 20.3122297141171 0.0535967916781014
"70" 69 102.839578895864 79.119982824838 13.0433774808995 0.390804426500906
"71" 70 98.2600326058091 60.9934965475553 18.6960356488555 -1.38284796317973
"72" 71 102.222059751104 43.8342551435545 17.6107133490053 0.474386187714952
"73" 72 103.101392525346 39.6429755251972 4.28252857166329 -0.020119532948141
"74" 73 89.898542355941 28.0151088686992 17.5932525582125 -1.0555433053534
"75" 74 78.0938412580595 16.7814329974987 16.29559577277 0.0385632267095376
"76" 75 63.6680483136153 17.808733173194 14.4623251148271 -0.831710131180131
"77" 76 42.6449452855167 13.7971169111538 21.4024280389846 0.259645415245998
"78" 77 26.2092581082418 13.6309782684761 16.4365268544735 -0.178444629784834
"79" 78 28.0017922171264 14.1942459010338 1.8789488969639 -2.84724072441158
"80" 79 23.5628713001699 13.643779432649 4.47292211421237 2.96051185397423
"81" 80 19.4419097245429 14.7915552025851 4.27781644368322 -0.395016217010726
"82" 81 21.6656226222442 15.0441604371069 2.23801440029116 -2.75684434537037
"83" 82 21.5392987673253 15.3376057840748 0.319480653528025 1.86419244498373
"84" 83 18.5046962997967 22.0689807308626 7.38378092918339 0.0170237831430174
"85" 84 15.3382237875339 26.9974407906682 5.85800876851637 0.147544485832199
"86" 85 22.7431884020864 40.9039085161113 15.7551053802113 -1.06037113059535
"87" 86 30.0765999558711 54.0454987099577 15.049263033125 -0.0196924877091333
"88" 87 24.6198185784248 61.910737053407 9.57279672825604 1.1155303212133
"89" 88 32.7509527329694 67.3195549866426 9.76578998719983 -1.59035323682421
"90" 89 51.9864996049848 71.3487115237618 19.6529989026131 -0.380506590111869
"91" 90 73.4484487216376 72.4138166242369 21.4883621702737 -0.156891954116897
"92" 91 87.2910475658342 83.103887053303 17.4898584482479 0.608008366939375
"93" 92 93.0943301097622 77.0517125492205 8.3849212585764 -1.46398424087832
"94" 93 87.7521772862356 57.2056864923174 20.5524535528289 -1.02735474487824
"95" 94 71.8311230459055 44.4503735981352 20.4004405626943 -0.632401055307781
"96" 95 69.3259415551815 33.2649168314329 11.4625641713027 0.675016719348308
"97" 96 83.448388529009 29.9750998652041 14.5005656510309 1.56226014584768
"98" 97 84.6626669106246 31.8288711413329 2.2160640632119 1.21976011442411
"99" 98 79.7155435799137 23.1246416853346 10.0118749328951 -3.07851729167034
"100" 99 69.5835661334461 13.4143932256557 14.0337412019897 -0.289820342227636
"101" 100 50.3931870697624 14.0509568955938 19.2009338812922 -0.797306067499401
"102" 101 39.2710702436052 15.7863337444288 11.2566875901467 -0.121622538587055
"103" 102 26.8383145631115 29.0702969762381 18.1944247766977 -0.663704107738388
"104" 103 19.9536668179068 28.9693278033462 6.88538810448815 0.833150260761329
"105" 104 9.78413178060697 42.7510242973341 17.1275976461168 -0.949748097780407
"106" 105 1.50887928798233 50.5047593908903 11.3402033367015 0.182209559287449
"107" 106 6.4456090830605 57.0658645700361 8.21093187411915 -1.46297293379968
"108" 107 23.2651699805599 58.8299638568779 16.9118205725619 -0.821244261277026
"109" 108 41.8269189118945 59.7312678344674 18.5836183842093 -0.0559827605160097
"110" 109 60.8095908442408 57.1228155857068 19.1610505146547 -0.185076022695643
"111" 110 72.5535608407611 41.6269845401537 19.4432921870628 -0.785714421488755
"112" 111 79.1165573314929 33.8447861892132 10.1801539335484 0.0520868223533312
"113" 112 89.2889556097939 36.362526585493 10.4793465175764 1.11281566359629
"114" 113 94.5385802795921 54.7309181503183 19.1038312349251 1.0497895322612
"115" 114 97.0168841759876 67.9777020696399 13.476619546759 0.0934266469259943
"116" 115 84.3626292231342 79.3207448059361 16.9939632496147 1.02493303201776
"117" 116 67.4364632887476 83.8746330010883 17.5280629543694 0.467991605845298
"118" 117 58.1631500062133 78.3183750799224 10.8104736863167 0.802627190563688
"119" 118 53.903214324013 91.1963227770406 13.5642393412309 -1.7911401094517
"120" 119 47.9417742026852 106.678896263439 16.590625367415 0.0480828013029427
"121" 120 54.4518925598898 112.57429758998 8.78278986574283 -1.20245493042998
"122" 121 75.469580508684 112.215191430137 21.0207555512861 -0.752971003237443
"123" 122 82.3783743532038 112.081743828234 6.91008253558 -0.00222897351849719
"124" 123 83.4811018957755 96.692637123503 15.4285648458544 -1.47994900890069
"125" 124 85.8046593783638 79.5893329884467 17.2604151662446 0.063493541360916
"126" 125 93.8662256355439 60.9950322162814 20.26664431337 0.274062906114435
"127" 126 93.2968600434273 44.3520960907385 16.6526724598902 -0.443287860789514
"128" 127 73.970315521126 42.3410817778884 19.4308904000559 -1.43291762174592
"129" 128 54.397920673476 42.3645594460727 19.5724089287246 -0.104880925368231
"130" 129 43.2126128156397 29.8489691506773 16.7854434650018 0.84266679645071
"131" 130 42.0193206810875 19.2452116818012 10.6706896954757 0.61726569402466
"132" 131 36.339788691724 25.6396981571131 8.55257510350827 -2.30327635624861
"133" 132 24.3817065735987 37.1298872301961 16.5837321758108 0.0790968498703836
"134" 133 20.1634533100248 34.7756989753107 4.83072074695814 1.27448387370075
"135" 134 10.3997584962927 36.5312432978568 9.92026573656795 -0.68693971114409
"136" 135 10.5480913357054 38.9420279583076 2.41534372508618 -1.45434533804375
"137" 136 13.0939906882187 43.734809627531 5.4270028231033 -0.426839286962102
"138" 137 9.37396195967649 50.6306485899819 7.83525422288491 0.983005700937228
"139" 138 16.1257066581347 59.4865248519726 11.1360945057434 -1.14610676914533
"140" 139 30.5156098173579 71.5556658692769 18.781200116803 -0.221494004965211
"141" 140 34.5075381160662 90.964556275098 19.8151588014631 0.670039230353403
"142" 141 55.5717895171352 96.1784257120754 21.6999336771633 -1.12530456182457
"143" 142 77.0389490173296 90.5880201229241 22.183137101366 -0.497403520791022
"144" 143 95.8126926954246 87.89345096165 18.966131778929 0.112203257875642
"145" 144 99.2925639592414 87.0287143022194 3.58570404563749 -0.101008307686098
"146" 145 99.0443677510413 70.5413126861475 16.489269644451 -1.34228554923687
"147" 146 106.036414193414 52.0928815173932 19.7289970865366 0.377329765627657
"148" 147 94.2581930023791 37.8677986302855 18.4683371631026 -1.05385353313338
"149" 148 77.4858398580339 28.8517654080971 19.0420767003558 -0.385983024748811
"150" 149 57.8453902568862 31.1472933225979 19.7741424325172 -0.609586670627324
"151" 150 47.8601571038137 22.2422848113238 13.3792398030337 0.844625792641058
"152" 151 40.6319750195213 19.7099216182713 7.65894768132105 -0.391293261643783
"153" 152 31.2745042910554 35.725491517653 18.5488742956567 -1.37900364671526
"154" 153 19.8821308574281 51.7963129952342 19.6991744856353 0.0878890499188918
"155" 154 8.59997803813267 53.999428797066 11.4952464729651 0.761284126122656
"156" 155 8.38902794635414 53.7163441909928 0.353039424734636 1.12323227917197
"157" 156 17.115187348805 62.4117432954838 12.3189213611973 2.99484052136012
"158" 157 33.8959729072999 65.9090382505997 17.14134872066 -0.5781630008643
"159" 158 52.103534845794 66.1412124026543 18.2090421653908 -0.192718686451544
"160" 159 72.7031886902002 64.4230398873332 20.6711841775396 -0.0959660509647817
"161" 160 91.5520498131628 70.5150463588585 19.8088896327341 0.395820839523014
"162" 161 96.0404740456421 56.5524500410129 14.6662895111826 -1.5723746611805
"163" 162 82.1750623305837 42.2761405492333 19.901322939271 -1.08182546940041
"164" 163 63.7516417908195 36.4390449846658 19.3259956797806 -0.493173224537192
"165" 164 48.3415905457814 46.5976133627514 18.4571447105705 -0.889652341785223
"166" 165 42.2440742292477 63.9435704781916 18.3864606023314 -0.649937247671462
"167" 166 47.9515271078062 79.5715677359667 16.6375874648337 -0.688189101358605
"168" 167 47.9375421620215 95.1490163519348 15.5774548935901 0.351055213122969
"169" 168 34.9339790317742 100.454218641074 14.0441384716548 1.18253128932471
"170" 169 20.0256975955118 89.6886703373116 18.3889609729167 1.01278424870158
"171" 170 14.8173984317828 73.5232901066199 16.9836950685574 0.633692476354582
"172" 171 28.0004944988109 62.322163591543 17.2991114546167 1.17818756226744
"173" 172 36.359209905885 51.4517019042329 13.7125876679689 -0.210988773594
"174" 173 44.1402169002245 35.8087022791342 17.4713338677045 -0.193937299104707
"175" 174 46.429461320611 20.1766125054325 15.7988249787552 -0.316163053952017
"176" 175 64.1581717423454 20.6656274053155 17.7354534419061 1.45296098857604
"177" 176 76.3002421004882 17.7360272476194 12.4904935717554 -0.264328140317064
"178" 177 86.1432025903102 30.1928997596087 15.8763202280677 1.13883428088529
"179" 178 89.3272114030019 49.1672867494143 19.2396796688043 0.50245731440594
"180" 179 77.7172322243959 62.9384019440618 18.0120856713462 0.866712221964922
"181" 180 58.7534975214387 64.0266699262815 18.9949351429603 0.813016825675516
"182" 181 40.6477736259366 60.6439173631541 18.4190187763491 0.242027761620884
"183" 182 40.6295283356071 45.9528910194513 14.6910376734249 1.3848505557853
"184" 183 55.7760987437506 39.6772514704473 16.3951897481509 1.17924199296614
"185" 184 70.3047994331261 31.091954729487 16.8757359499313 -0.140919853175256
"186" 185 78.6379378263676 26.1325930853228 9.69723998870412 -0.00312020730853266
"187" 186 86.6472353383445 41.266261804089 17.1224056582222 1.6208699341399
"188" 187 87.0880169062045 60.0145479822858 18.7534669597419 0.463256551771796
"189" 188 71.5665240751249 65.3434954411161 16.4108019525015 1.26358477323743
"190" 189 52.4822077337453 61.7099229439768 19.427145423603 0.518861591024055
"191" 190 34.5690253879549 63.0639039048467 17.9642802860548 -0.2635861442677
"192" 191 19.9134320664066 71.5197006429208 16.9200151915485 -0.447869155199988
"193" 192 14.1678910213076 57.626830827625 15.0340637754958 1.70196629849342
"194" 193 28.0692422715397 47.6839709831457 17.0911681423268 1.34205396276779
"195" 194 43.4667413996716 37.1211570577947 18.6723329400055 0.0196100380671191
"196" 195 50.1142844666679 20.9888192050501 17.4482707860311 -0.578660287128378
"197" 196 62.3626543231444 19.448977512424 12.3447833751504 1.05487209559278
"198" 197 77.8649081635967 25.5787730363056 16.6701609859778 0.501607957301133
"199" 198 83.3359631132394 40.3749973790322 15.7753192380473 0.840081363379977
"200" 199 93.703149745402 50.3762776236423 14.4050048662719 -0.449191604345554
"201" 200 101.650844355577 64.0245240262644 15.7936847975161 0.276039920886341
"202" 201 91.5215660606153 78.1141352440834 17.3527929465568 1.15063091006033
"203" 202 76.4736212465209 79.7939418585327 15.1414131899891 0.83631603245174
"204" 203 64.1764299369888 69.7773471295921 15.8604250909953 0.794716160024778
"205" 204 66.2533850564934 54.4569472765077 15.4605431413914 1.02199668237204
"206" 205 62.4012161705488 40.8950999065281 14.0983300150216 -0.41150172975473
"207" 206 69.814247130761 29.880668738888 13.2766984587189 0.869149596375601
"208" 207 74.393978755281 20.3605184014373 10.5644310873937 -0.144015925177386
"209" 208 74.416465930695 10.0187234273979 10.341819422042 -0.446204012185666
"210" 209 73.9117858900193 3.72396034852516 6.31496192883182 -0.082177856012681
"211" 210 69.0050202540551 0.0151171946749173 6.15076146067631 -0.843549911413735
"212" 211 70.1007678346974 0.943668140260109 1.43626934069854 -3.0858452416508
"213" 212 66.5767000761759 2.91375801875124 4.03736395386693 1.92884615383394
"214" 213 57.5050100933052 9.04057585199107 10.946846847701 -0.0842530175977674
"215" 214 50.7849601199807 19.7006752737914 12.6014598887052 -0.414319283489616
"216" 215 62.1024907921843 32.1054135661016 16.7917846763522 -1.30206742704886
"217" 216 57.2993651790407 46.8576233999412 15.5144355565155 1.05436213381302
"218" 217 44.5984213301829 60.3452830382245 18.5264928459224 0.44060420937165
"219" 218 41.0868915319664 75.948043831161 15.9930292904552 -0.533996937545575
"220" 219 26.7641793662666 70.0216243019066 15.5004042598319 1.74175348687211
"221" 220 27.0376850182452 50.2787332316185 19.7447854674323 1.19232178435495
"222" 221 35.7799585528387 35.2661555174573 17.3725310814914 0.513472990638205
"223" 222 48.6067936299187 24.640443072886 16.6563340219067 0.351652864945884
"224" 223 64.0116772681416 30.1879862796395 16.3733220678634 1.03747614400737
"225" 224 80.3857608027553 30.3326186615822 16.3747222915204 -0.336825384054371
"226" 225 81.8800196193564 36.9129535505712 6.74786015431823 1.33867074265147
"227" 226 74.5901063770971 47.8413218061774 13.1366688246987 0.811569943716347
"228" 227 57.8236166761593 51.6645216802238 17.196861171986 0.758326187796327
"229" 228 45.7780867472514 60.6526554346564 15.0293492758598 -0.416858832143641
"230" 229 42.8697431647243 73.22172773517 12.90116432302 -0.702357403441868
"231" 230 28.0775639593492 66.7527134034241 16.1448664307967 1.75567417921706
"232" 231 32.8909683155346 51.9406375618708 15.5745450088299 1.4727315143533
"233" 232 50.8210825880088 49.1001879657131 18.1537090351338 1.09948400422694
"234" 233 68.291821360983 41.6069151149753 19.0098882503056 -0.248060673944471
"235" 234 83.6373075098957 33.2959247525291 17.4515473798498 -0.0911920450798206
"236" 235 87.0626775516469 22.5748622062682 11.2549696598332 -0.765182889734567
"237" 236 95.5415384624386 30.4748673890326 11.5888379155227 2.01161904561348
"238" 237 95.9772380824898 48.3376326114999 17.8680781157879 0.796338420698278
"239" 238 92.1000666489949 65.004466612733 17.1118617908563 0.252949530786557
"240" 239 77.2179290457567 70.2049515586998 15.7646142773918 1.0060533750537
"241" 240 60.9305547128457 63.030854442175 17.7973658752552 0.751080521019075
"242" 241 42.4251807611003 64.1642255190741 18.5400484112606 -0.476069541487028
"243" 242 30.6380559344387 55.8716679542294 14.4118986481853 0.674258092833234
"244" 243 36.1651179024594 40.6556009701536 16.1887957693655 1.30612693583302
"245" 244 52.3090376565148 32.8919683081585 17.9136857496099 0.774124452846561
"246" 245 62.477571368048 21.5250555738873 15.2514190471288 -0.392735370659134
"247" 246 73.5351272468238 27.1236844818278 12.3941190756373 1.30967610466911
"248" 247 76.2892120343881 42.5782195875056 15.6980138345499 0.925753554363525
"249" 248 63.8754702790165 55.998782394457 18.2814794375177 0.922799938781007
"250" 249 51.8024973063637 70.1243795577143 18.5819582288043 -0.0392364434004811
"251" 250 52.7131259229927 79.9799412956784 9.89754220239772 -0.799345011700235
"252" 251 68.5247282399447 84.6671808912741 16.4917246780306 -1.19047014479973
"253" 252 81.2884813077816 92.9241862859072 15.2016949865374 0.286009896118537
"254" 253 90.8553231076286 79.131221653243 16.7860160663937 -1.53857680482275
"255" 254 93.9864457644817 60.1889541129853 19.1993080255243 -0.442602870412692
"256" 255 86.2365877598839 44.4301755063378 17.5613041162882 -0.620867208934006
"257" 256 76.2182307140051 30.7025675154355 16.9945490981842 -0.173394525401184
"258" 257 66.8863677168648 19.5395918636428 14.549766059972 -0.0658448651020499
"259" 258 65.0371800012303 11.5869930629876 8.16476104315588 0.467823346948458
"260" 259 61.229100263996 5.62788167950378 7.07195020951794 -0.340161825344353
"261" 260 50.9811387836956 5.49718085504472 10.2487949148783 -0.9894150018879
"262" 261 45.9702413376101 20.1758837679004 15.5104291500611 -1.25458169238257
"263" 262 39.0645398912294 31.5045496910784 13.267531197081 0.218464356942673
"264" 263 25.6472588617673 32.5228703364513 13.4558688742257 0.947613215404506
"265" 264 24.7928525488733 43.2439866610513 10.7551078745459 -1.4155196435645
"266" 265 37.6492380979608 56.3976414102566 18.3930770304502 -0.853495351881349
"267" 266 48.2273904497903 70.7715982839087 17.8467908427293 0.139537642228426
"268" 267 49.185651676068 87.6220274399922 16.8776546748053 0.577624533980097
"269" 268 51.778215500602 107.936011962912 20.4787537311654 -0.0701308926141246
"270" 269 66.0374360627363 117.191813925248 16.9998600289996 -0.868108693987543
"271" 270 82.3072653890286 111.125879133091 17.3638391840452 -0.932619052762267
"272" 271 85.2347636816339 110.706760645245 2.95734789297126 0.214669969087853
"273" 272 87.6141251380405 107.160295552959 4.27068795289857 -0.837661472432586
"274" 273 92.9718790338984 93.3703480576103 14.7941940886641 -0.220358962779728
"275" 274 100.335320320194 87.0574375652609 9.6991291599368 0.49148521136968
"276" 275 103.364370048552 71.6704906135682 15.6822600013859 -0.667688320106528
"277" 276 109.548132689091 54.2572468438552 18.4786357445019 0.146854340384155
"278" 277 97.4826060817924 41.3270673703909 17.6852049331478 -1.09204720742428
"279" 278 82.2781453896523 31.7558526773606 17.9661842258982 -0.258147388868802
"280" 279 79.6667367342222 17.4958341765495 14.4971577493359 0.827846173999821
"281" 280 70.1064397935639 17.7196793145039 9.56291714067136 -1.41308497563107
"282" 281 55.0443162609906 24.4976953513932 16.5169327269571 -0.399447504628118
"283" 282 43.7065267552895 20.640636481424 11.9759080658627 0.750770519662947
"284" 283 37.7605571417452 27.9649318704384 9.43397358437738 -1.21680604546419
"285" 284 38.3229951238755 46.4505561964885 18.49417863025 -0.712319849897171
"286" 285 27.3528689151659 58.4938337224402 16.290617011093 0.769216654568769
"287" 286 16.0829860090627 48.874286519253 14.8170830162898 1.53855451703362
"288" 287 15.812352730041 44.473261885443 4.40933784134498 0.802821886179799
"289" 288 7.82245285375921 55.6675783418137 13.7532258382672 -2.46028465308732
"290" 289 1.78768039288517 64.854557250566 10.9917723832139 -0.0386932484471933
"291" 290 2.2027395433911 63.7873898763064 1.14504161631917 2.93132548347905
"292" 291 7.58556744491361 68.6544895293622 7.25696184709448 1.93498990530746
"293" 292 20.2480687745397 68.662329205229 12.662503756497 -0.734506126947639
"294" 293 38.5765385354898 72.1913953599778 18.6651309050501 0.189598572848711
"295" 294 59.2774318102035 68.9935395397913 20.9464379840055 -0.34348530081407
"296" 295 79.4858121704169 70.77152274553 20.2864452544784 0.241024099039636
"297" 296 97.0331309064662 77.6882830258887 18.8613352549722 0.287720529668966
"298" 297 104.94763993217 85.6266658689531 11.209700053124 0.4114270959892
"299" 298 111.540512452806 76.6195373343976 11.1621831427081 -1.72584419840406
"300" 299 113.26266880553 71.0392737743387 5.83996266280432 -0.332514103430859
"301" 300 111.555068161843 72.2889173868573 2.1160125511509 -2.50189765452614
"302" 301 110.990624234335 72.823488742206 0.777408181883767 -0.12646445734734
"303" 302 108.832662878195 77.9694043613858 5.58007569610938 -0.415493781972173
"304" 303 96.1725377664196 86.6990567687039 15.3780882751535 0.57004669021135
"305" 304 84.0992836693344 78.0152469651247 14.8718531863895 1.22720631464258
"306" 305 82.9638704360776 63.6642035790758 14.3958886310819 0.868308082339811
"307" 306 69.5747734477043 55.8539393828946 15.5005853108267 -0.963771580373701
"308" 307 52.4513019635518 61.5064649000477 18.0323132290522 -0.846913382795646
"309" 308 39.6166770217698 51.0289838897507 16.5681986262039 1.00346950222143
"310" 309 28.2395243650758 39.9717829477624 15.8650967612942 0.0865092376596893
"311" 310 15.7530030392209 43.9970110613368 13.1192864206609 -1.08298500646286
"312" 311 15.9437798521526 44.0085499591914 0.191125452297869 -2.76933493092347
"313" 312 25.295631391276 38.7263717751187 10.7405089999543 -0.57456554871168
"314" 313 31.0574748539529 33.8921691051746 7.52119375780776 -0.183919473475754
"315" 314 42.7906515415374 22.820030163894 16.1325663152859 -0.0583452894316001
"316" 315 62.1451173192955 24.9299907633581 19.4691365826454 0.865008061652586
"317" 316 73.6732006393547 42.7320618282136 21.2087349748257 0.887543505422545
"318" 317 85.9369650209204 58.2626412493737 19.7888558022823 -0.0937347952178088
"319" 318 100.151113553596 67.6986828397069 17.0610931479624 -0.316347573787563
"320" 319 106.812326173648 67.5426893973585 6.66303891055692 -0.609462941901277
"321" 320 110.632044587169 73.5492658150089 7.11823075066183 1.02779489604497
"322" 321 109.805703869344 78.5310985631718 5.04990064383489 0.730789573276881
"323" 322 101.097048725166 86.9848600786918 12.1369995543174 0.635874673889492
"324" 323 87.7122359135408 98.7920331642395 17.8483206569785 0.0476922332610509
"325" 324 72.4896338270732 99.9811481235264 15.2689753640946 0.644898386799487
"326" 325 67.2309040260457 81.7967570915142 18.9295091411621 1.36724373860233
"327" 326 71.0822363764736 65.5879056687794 16.6601208074174 0.514790213088247
"328" 327 74.0488995116402 55.6725473275461 10.3496580229794 0.0574407305864143
"329" 328 61.7121909000815 40.9809932657134 19.1842680370729 -0.98921388689138
"330" 329 69.0921933881967 25.6230332324391 17.0391130376037 1.14644517669519
"331" 330 81.1640606324707 31.6460493359635 13.4909859442032 1.58563466875128
"332" 331 78.3352983502529 50.1503707517887 18.7192897063287 1.25970108231584
"333" 332 62.9313502821987 52.8149177281523 15.6327037543913 1.24781711144082
"334" 333 46.8629724936862 54.9017587178351 16.2033228095531 0.0421336009330067
"335" 334 46.0920100995608 64.8630575847445 9.99108893609929 -1.36440488282205
"336" 335 42.5621329196076 80.3044009725905 15.8396691419654 0.147495677871441
"337" 336 28.8594357316579 92.2578466773954 18.1837502854159 0.62873595500712
"338" 337 29.1913739904975 109.666955359059 17.4122729158967 -0.872538039522718
"339" 338 29.6422399350362 114.955702539203 5.3079305605312 -0.0659798023827091
"340" 339 34.2920675880459 116.99225593044 5.07626308597718 -1.07293470112449
"341" 340 43.3263985675585 114.296149096161 9.42805007990675 -0.702832139065021
"342" 341 51.8793543193273 118.42298787261 9.49651780278 0.739568356473333
"343" 342 66.694359854365 110.386619477665 16.8543052654944 -0.946579977550696
"344" 343 81.5282364547714 104.155557197552 16.0894385276405 0.0993507680305219
"345" 344 90.9648478139218 100.941674834951 9.96888528293345 0.0694211524558474
"346" 345 94.6678354607708 83.2435636383582 18.0813510955259 -1.03628644650112
"347" 346 82.0471177565926 71.8257524355948 17.019075416441 -1.04165247145647
"348" 347 66.2426699260669 68.8861008059301 16.0755131467583 -0.551499110460411
"349" 348 68.2528138553232 51.2637126643754 17.7366637908016 1.5004730605545
"350" 349 59.435311092346 35.6766936536528 17.9081969113514 -0.6283901279616
"351" 350 46.1302369635746 25.1515549916058 16.9647735448317 -0.386715785346923
"352" 351 36.2462183698519 22.4936065043466 10.2351606593145 -0.406568022620913
"353" 352 39.8536823791083 25.4328421679148 4.65326797681719 -2.72061235256954
"354" 353 40.1496502293406 26.0684029632479 0.701095209608122 0.451300408361868
"355" 354 46.9432661238836 24.5542332369603 6.9603108323259 -1.35427671296818
"356" 355 53.5774395622367 20.6564136170915 7.69449511008909 -0.31190792768918
"357" 356 58.2092944671869 15.1555574076192 7.1912098354728 -0.339745979205572
"358" 357 72.9366264309252 20.4504179904325 15.6502349938134 1.21608680685828
"359" 358 76.2756915682149 40.031252202343 19.8634947686803 1.05675779753313
"360" 359 77.7029470150323 61.4723884667475 21.4885872597347 0.102434356141303
"361" 360 68.0473256979391 75.1893926493838 16.7746006439965 0.679817610163043
"362" 361 51.8038164399176 70.9242644239096 16.7941332552522 1.21422472825242
"363" 362 54.3831539796957 53.7767496115301 17.3404223242943 1.46331963561125
"364" 363 70.3296067907745 47.2345269601684 17.2362999067652 1.03217371559569
"365" 364 89.3210733480964 52.014957995123 19.5838791580685 0.635913286824442
"366" 365 100.066947740998 64.3119472404786 16.3306387189361 0.606019261014211
"367" 366 91.6886385499874 83.370479567778 20.8188308838631 1.13236478137692
"368" 367 80.2456061898882 99.3453026635266 19.6503934447822 0.20741347976222
"369" 368 62.1437070980833 100.811188802189 18.1611556047904 0.86839993138021
"370" 369 45.0199114267174 96.1950660028148 17.7350773297888 0.344117707411045
"371" 370 49.9987170071302 78.7889365666602 18.1041941813415 1.58608043205399
"372" 371 60.8127202540161 63.6843205442582 18.5766544729632 0.342745784086139
"373" 372 69.4919902576777 49.8587731461722 16.3240769617514 -0.0607551661066218
"374" 373 86.0291159183361 49.8583392285364 16.5371256663512 1.0101810245065
"375" 374 101.770502294593 49.4446333062365 15.7468218265388 -0.0262491284429472
"376" 375 104.621936528409 45.2763583346138 5.0502666690815 -0.944559544052647
"377" 376 108.24272295477 47.3456943154342 4.17040114938996 1.4900466406546
"378" 377 110.150494647884 52.7446988791926 5.72615430394013 0.711922986702799
"379" 378 109.225427123966 62.5260932710701 9.82504077209154 0.433955345910089
"380" 379 109.52762559241 73.430455194641 10.9085486144836 -0.122000183032483
"381" 380 97.2914750802365 78.1737673310129 13.1233528253877 1.22869032140246
"382" 381 92.4461909705809 72.9188082533055 7.14782295609377 1.19574929675855
"383" 382 84.015992602628 61.7125166208728 14.0231671413474 0.0999047999115419
"384" 383 73.0096611043789 50.0841182893852 16.0112142201987 -0.11296754829293
"385" 384 78.3719482548543 32.8088265738091 18.0883892965185 1.05889472336702
"386" 385 77.616761471991 17.4538127821519 15.3735732872679 -0.35011466627219
"387" 386 80.2764790098106 16.0347488167416 3.01460443821593 1.12982079569778
"388" 387 75.3289999020127 14.3923123343403 5.21297871862333 -2.33094791804073
"389" 388 59.3016181132293 14.9861582856648 16.0383795945018 -0.357562050708366
"390" 389 46.2305080575835 13.2839568894672 13.1814797227027 0.166532489773129
"391" 390 42.5179935059561 18.6339761290165 6.51194826143395 -1.09365635005931
"392" 391 44.8573538414017 34.5831701255926 16.119844785837 -0.752274739216837
"393" 392 39.3125827047751 49.7347102670772 16.1342386128563 0.496453992460292
"394" 393 23.2888830155103 55.1278802685387 16.906958165099 0.895314793224977
"395" 394 15.4462012214705 49.6928021415271 9.54189352116673 0.930685930009776
"396" 395 19.3204255282564 54.6479998770393 6.28996014115473 -2.84039326606135
"397" 396 31.6619459272332 68.3034566414919 18.4061029336521 -0.0713233993768558
"398" 397 30.0602232342743 86.7911025039632 18.5569007412685 0.821320906919751
"399" 398 29.2000260308298 92.34683851624 5.62193399702656 0.067189077277926
"400" 399 47.1085824564552 88.4908975339457 18.318970334294 -1.93648216419002
"401" 400 65.6661459263384 79.1171254781831 20.7906412717872 -0.25565907036778
"402" 401 82.3878509452451 72.4349302064264 18.0074193706155 0.0875622511320188
"403" 402 98.5880053733185 75.0355368130538 16.4075640549065 0.539343654234497
"404" 403 103.620262748202 61.8451787961002 14.1176895738105 -1.36550199116822
"405" 404 102.123160112184 42.6213404350383 19.2820454733155 -0.442186609586464
"406" 405 100.304954144308 24.882489444934 17.8317892369426 -0.0244212818966273
"407" 406 86.7436576907335 11.154352689352 19.2969039040387 -0.677142689267715
"408" 407 84.904263063216 9.12119508252247 2.74173347536712 0.0438796075472324
"409" 408 86.2349306471592 10.843376974188 2.17637007122821 -3.06403660844591
"410" 409 94.5952371639735 15.9392561623865 9.79095040104903 -0.36554819116009
"411" 410 102.051897632431 25.9639909079105 12.4938821852925 0.383858884214958
"412" 411 108.659801556906 36.9710738620883 12.8382346697375 0.0988745922210119
"413" 412 111.322997134883 52.6130863175386 15.8671095144333 0.37202156192012
"414" 413 108.99159546628 67.8869640725922 15.4507855922178 0.320112662349369
"415" 414 102.871602112791 84.1364682430975 17.363775638784 0.208725195846501
"416" 415 88.603624940289 83.131929975516 14.3032957644755 1.28088958402006
"417" 416 87.5388245569351 68.630873025364 14.5400980921018 1.42720960904322
"418" 417 91.1396796884536 55.7037159716605 13.4192975661656 0.344960901584047
"419" 418 82.8641455215259 39.6455170643248 18.0651658695829 -0.747512470884231
"420" 419 69.9855820583552 30.1849343732517 15.9799881642493 -0.461375617054702
"421" 420 51.3113792482406 25.1378850221974 19.3442125129267 -0.369609428943039
"422" 421 52.1074632572281 15.3700304663495 9.80024144465656 1.38815488534344
"423" 422 55.5754489864522 14.1915429348076 3.66275277354367 1.16189938968208
"424" 423 52.3057938163701 13.529112445397 3.33608439409821 -2.61412255617364
"425" 424 51.6889306835217 14.7852275890482 1.39940893908014 -1.31419748536161
"426" 425 46.9172237211507 20.6575125450812 7.56656579562958 0.225872658479085
"427" 426 35.8437963467319 20.1394318808243 11.0855401939285 0.935182849575987
"428" 427 35.0972834264056 15.886732096189 4.31772358986202 1.35027627938277
"429" 428 36.9489130983081 24.0616215597567 8.38196577083325 3.09261715041334
"430" 429 37.2605403575301 27.7417847883859 3.69333358066186 0.138267663565796
"431" 430 31.778571239726 35.4914993345862 9.49263192987841 0.700135813870791
"432" 431 21.8784624764268 37.5277475634149 10.1073468514028 0.752286066312445
"433" 432 26.6563510363778 44.8880970131742 8.77513322485096 -1.94371542067382
"434" 433 33.0070945724256 61.837453606805 18.1000727180503 0.217271285161108
"435" 434 39.5524993476932 81.9621396976913 21.1623560580765 0.0440470120787806
"436" 435 53.7289908968595 100.699501571714 23.4959920548519 -0.333253790621543
"437" 436 58.3700147237939 116.21712825636 16.1967848688008 0.357091820815263
"438" 437 76.5222443097226 112.826566949378 18.4661675752353 -1.46484005999815
"439" 438 78.4950507927523 111.276111164274 2.50915893499149 -0.4814355778075
"440" 439 80.9715192908999 96.2667211660036 15.2123201498813 -0.741182384651023
"441" 440 95.5781129386096 87.5153136742707 17.0276161301479 0.867487390956287
"442" 441 97.4460576849495 80.3326048759097 7.42162537840807 -0.776583268905238
"443" 442 93.0784546038754 62.9341055013619 17.9383315043498 -0.500376460878643
"444" 443 98.8978245167279 50.1221426133617 14.0716544594481 0.672303530173086
"445" 444 85.8543805070161 38.2079343338431 17.6657802137985 -1.25696596334938
"446" 445 79.5058217546743 22.1824656775591 17.2371646127046 0.453426645237799
"447" 446 73.9634841876575 12.5994480528653 11.0703086001231 -0.147161444328582
"448" 447 55.4864858799273 9.68165710264399 18.70596082785 -0.88982670712231
"449" 448 45.8974702757079 2.30827153591783 12.0961165244705 0.49889201882393
"450" 449 42.1114541689691 2.59172934419839 3.79661247555783 -0.73024369605075
"451" 450 37.0763245374934 9.81875344508699 8.8080876335666 -0.887552539082897
"452" 451 24.0257347187226 16.0906035911784 14.4794336516602 0.514291676709646
"453" 452 22.5265968321366 14.8235605993513 1.96285820836245 1.14968089318606
"454" 453 14.6229338998205 18.3559176827022 8.65710311316468 -1.12198491130339
"455" 454 15.0682197257601 18.0167841562105 0.559724053059534 2.91099846121421
"456" 455 15.5478251943136 24.2598665612871 6.26147740729325 2.14501434212996
"457" 456 15.8212427515775 35.4597786998692 11.2032490409068 0.0522636858780555
"458" 457 6.51165723074004 39.4168727135046 10.115679690586 1.19328597965817
"459" 458 13.9484966112265 44.9419395822795 9.26460705457005 -2.1007123807522
"460" 459 28.5528341005398 54.8213648924797 17.6320650509685 -0.0442020779732392
"461" 460 43.6842445837081 64.872282849663 18.1653663599765 -0.00843813170650542
"462" 461 63.3894757789415 65.7301540399361 19.7238961525532 -0.542814363157952
"463" 462 75.3464606859318 77.4898211080372 16.7707858378364 0.733570826347037
"464" 463 93.51448545179 78.9311136450238 18.2251048850209 -0.697913077395751
"465" 464 100.545990592794 84.5060857072978 8.97342621539307 0.59120425184816
"466" 465 100.117576115078 86.9056304963941 2.43748931476562 1.07710489659764
"467" 466 103.246211012426 84.3275775090831 4.05397502783283 -2.43669037005964
"468" 467 104.55794913428 74.471605114631 9.94287929829822 -0.749267466304595
"469" 468 95.1674758853944 60.3321640513743 16.9736496199063 -0.718559778398751
"470" 469 86.5315078828857 46.4612231649625 16.3396127375983 0.0293791979927822
"471" 470 86.0195982142693 33.339562614935 13.1316422087632 0.517874671680026
"472" 471 68.6054605586151 27.641699271821 18.3226045355696 -1.21558530247765
"473" 472 61.3017696973927 16.0252832349112 13.7216989377729 0.693294760114833
"474" 473 50.5720516190867 25.7960494864356 14.5118821378157 -1.74816819434222
"475" 474 35.7243408330197 19.0286097941325 16.3172533097837 1.16631374000665
"476" 475 35.3199016002428 15.6996178732347 3.3534695916934 1.02224027422271
"477" 476 37.0319940314249 19.1790812481935 3.87787646407037 2.80521756244909
"478" 477 48.488408424966 21.6594706772344 11.7218497890151 -0.900307963584969
"479" 478 58.1399150100971 35.0212871422679 16.483013031848 0.732031307429517
"480" 479 62.8768606598602 52.9588690201313 18.5525065075817 0.367363932576828
"481" 480 69.6848665133707 70.0224778719585 18.3716001140235 -0.121439768365123
"482" 481 60.2986992052672 79.4675630184683 13.3157714819883 1.16189454616182
"483" 482 60.8932702496298 88.1156313238965 8.66848315117159 -0.850913317718713
"484" 483 77.5518903701859 94.9824961382835 18.0184199279533 -1.11116396214856
"485" 484 94.5627371102995 91.8133741330269 17.3035326190878 -0.575177018697011
"486" 485 94.6654937937709 81.2233579821771 10.5905146716889 -1.37690494075805
"487" 486 102.143532337151 65.1943573492433 17.6875640421984 0.426813545858402
"488" 487 108.527579692846 59.6828644006673 8.43401536410513 0.42210201454888
"489" 488 103.876931710286 43.292902441888 17.0370003130811 -1.13510089204746
"490" 489 101.242669978044 30.8806359847406 12.6887230830049 0.0673549309643658
"491" 490 92.2900554958953 25.5939192412867 10.3970515047051 -0.828247476781478
"492" 491 84.7248875627403 17.914634073739 10.7797581856623 0.259462533015303
"493" 492 68.0582620624228 24.0071650204417 17.7452906120009 -1.14334638798194
"494" 493 54.8595226965202 20.3827261308694 13.6873400671303 0.618461423920913
"495" 494 39.3782973139895 24.089617000734 15.9188372460366 -0.503018340596404
"496" 495 25.0843277907746 23.062842314722 14.3308000818667 0.306729009491535
"497" 496 22.4888407673734 22.0920798861181 2.7710886996689 0.286201116692604
"498" 497 26.8427843144941 34.0011581746724 12.6800224800444 -2.27921006117777
"499" 498 39.7056401940129 37.5880287853239 13.3536025908676 -0.948346704963757
"500" 499 52.3456511354098 49.4806829584253 17.3552614465936 0.4829972877971
"501" 500 53.4644947574963 67.3133266408986 17.8677080722945 0.753193297869662
"502" 501 63.602022400631 77.4665375514232 14.3477231123588 -0.721966047754236
"503" 502 82.6805474097396 77.3827161216608 19.0787091427925 -0.790564558693002
"504" 503 90.2058327046694 61.7009429068498 17.3939049649827 -1.11898477313642
"505" 504 95.3061523985452 44.2663683769325 18.1652869511874 -0.162818812148354
"506" 505 98.2461928553168 35.3696630600265 9.36990946505443 0.034566624466114
"507" 506 95.2000506140062 35.8233771011539 3.07974657811524 -2.03782227872467
"508" 507 91.1115745541184 35.8892490548675 4.08900667724597 0.131749832545627
"509" 508 75.4138815205147 32.6992890036776 16.0185333818498 0.216592354324482
"510" 509 66.7836274467941 20.4885792086561 14.9526826715211 0.755054087573473
"511" 510 67.9119354583442 15.8869788148251 4.73791147589667 0.855715142238043
"512" 511 67.9494864694844 17.5559903707662 1.66943393169737 2.87864246076473
"513" 512 67.5009732933406 19.6696602653067 2.1607323971889 0.231590064380934
"514" 513 68.437902952454 20.8275279916008 1.48946126425629 -0.889411661741874
"515" 514 73.8582892748876 26.678659320316 7.97598430980762 -0.0668846449296888
"516" 515 79.0938559031719 33.8962453298991 8.91654113010948 0.119637447766122
"517" 516 91.6212601130961 44.5128219959433 16.420948704165 -0.240209990428888
"518" 517 92.1016422512765 63.7984989427887 19.2916588788204 0.842870339822042
"519" 518 93.7368957991916 85.2979150717366 21.5615154395889 -0.0510106007370896
"520" 519 82.3983795423953 90.3779224653275 12.4245090858582 1.2254951861844
"521" 520 63.3194414864333 82.0235179806834 20.8279128007651 0.833949928969086
"522" 521 44.8809859660147 81.4990672822074 18.4459125692819 -0.384298942651141
"523" 522 36.8016053319876 67.1636639619503 16.4553997151066 1.02913879685698
"524" 523 49.2476735426708 53.5231700079359 18.465310428327 1.25286499468079
"525" 524 65.1533199977783 46.5763009694919 17.3565140103699 0.419368343459102
"526" 525 84.754579555103 45.1665338853366 19.6518909895506 0.339986235616949
"527" 526 95.5052211751699 56.8105145071535 15.8479834668125 0.897066446966842
"528" 527 86.7988833819184 73.1308661470312 18.4974105057831 1.2355884162757
"529" 528 67.2340613518283 77.7063948843657 20.0927281446615 0.851000262411277
"530" 529 58.8353454960898 83.8533546617247 10.4078596517201 -0.402075269060514
"531" 530 46.621675779185 96.0398218910942 17.2535130186908 -0.152471876975206
"532" 531 28.823394266842 95.3424344104393 17.8119390884536 0.823446134919587
"533" 532 20.1761003499952 78.9666641249274 18.5186809608079 1.04579525466014
"534" 533 6.03726029451893 73.3934064385797 15.1976313731046 -0.709478392152145
"535" 534 10.3047587411875 68.6130504183789 6.4080688723038 1.92409261292354
"536" 535 21.5873315243321 57.4218188297493 15.8915107235686 0.0606865120861439
"537" 536 29.8804586163107 43.2012574861223 16.4620874099116 -0.2615034877162
"538" 537 41.2522848787458 39.8765097126612 11.8478850559981 0.758397833474154
"539" 538 57.9606462175429 36.7998317046368 16.9892697368919 0.102339381178963
"540" 539 74.2716953126975 32.1394807741666 16.9637611802241 -0.0962024421661383
"541" 540 85.4245166425069 22.6135606192285 14.6672621307764 -0.428582271959659
"542" 541 95.4278093968092 22.6376278532621 10.0033217063149 0.709290758958462
"543" 542 101.677003166938 26.0114358244917 7.10176055660469 0.492633586463721
"544" 543 100.90985848132 30.09603258831 4.15601271553235 1.26140813652655
"545" 544 99.3164855060627 45.3017076854534 15.2889303941828 -0.0812443128198573
"546" 545 96.011702174705 63.0126158722116 18.0165996144389 0.0800674286309276
"547" 546 83.2277339710098 75.6850420138624 18.0005618620277 0.605305388118725
"548" 547 80.3819978586267 85.7136214468883 10.4245201072198 -0.513285453891881
"549" 548 63.5754613504073 81.9874918742772 17.2146365338917 1.51248002771435
"550" 549 57.6426627374985 69.7975312994668 13.5570364828293 0.899670804696162
"551" 550 70.3034914970529 60.3942975712754 15.7707764369975 1.38492921712509
"552" 551 88.0939322987593 55.4380598995273 18.4679201800819 0.367113889884622
"553" 552 98.6423482875599 52.8418330109815 10.8632165554035 0.0303725544379736
"554" 553 107.917349796173 58.6775567219496 10.9581624470311 0.802933671352448
"555" 554 111.010985036978 55.4402386955504 4.47781274811701 -1.36969511011538
"556" 555 110.929124710532 42.723034789176 12.7174673700919 -0.769143660606043
"557" 556 103.924596253343 39.049695807846 7.90928809560839 -1.08136452042703
"558" 557 94.9855414827396 30.5568632004934 12.3302435453786 0.276810791535477
"559" 558 82.3640347221638 21.3713575517787 15.6101232195596 -0.130686761975529
"560" 559 64.5052671684762 19.2695233843709 17.9820267323772 -0.511965872298384
"561" 560 49.1625362704467 20.4091886403057 15.3850001074077 -0.191297381055811
"562" 561 39.2181883606166 20.9355390539373 9.9582679271885 0.0212640433369177
"563" 562 26.1706072592111 31.0004831697694 16.4785458294286 -0.6041786876815
"564" 563 23.3949081128647 47.6220904178965 16.8517753741859 -0.748270789773337
"565" 564 20.3395008485786 64.8508755693538 17.4976155902948 0.010051705973487
"566" 565 7.61374054707477 67.3693369472689 12.9725719486685 1.19989998909379
"567" 566 8.82736252609693 75.1580061241696 7.8826547466681 -1.52999418681109
"568" 567 16.6580859843629 88.8521938248544 15.7750120970294 -0.364871459576606
"569" 568 22.9059788581564 103.983259104046 16.3702566212492 0.127854411955541
"570" 569 39.4285957441184 105.387549816694 16.5821862601379 -1.09441511691983
"571" 570 49.0483123233935 117.90331741132 15.7855435620149 0.830703941966064
"572" 571 61.8952752448208 122.164210778621 13.5351272100426 -0.595243518380596
"573" 572 68.7592659108155 120.914047803085 6.97691015624126 -0.500407440625921
"574" 573 79.0776279915441 113.712042125559 12.5832222347112 -0.429209909672509
"575" 574 91.8048474129492 107.855232214099 14.010151196171 0.17808149744047
"576" 575 100.997098941296 98.516193617404 13.1040119837762 -0.362031866722632
"577" 576 104.697924563992 86.9220048110921 12.1705104398299 -0.468503291030377
"578" 577 109.363719171182 77.488792672734 10.5240263475418 0.150355177569829
"579" 578 101.820791464003 65.3946103106544 14.2535962270215 -1.01698038534415
"580" 579 100.449126335504 50.5120431546503 14.9456438595904 0.465744960382231
"581" 580 94.8503321084466 43.5789631923197 8.91145861018247 -0.587420162102402
"582" 581 79.3902114399865 48.6148136959662 16.2596162740215 -1.20636341912389
"583" 582 67.1933062959911 63.5935822254568 19.3165214713126 -0.572515275409716
"584" 583 57.8972041314737 60.250027050728 9.87911315147263 1.23267467598061
"585" 584 53.8060846400351 45.6840921100525 15.1295644150525 0.951716089950048
"586" 585 44.7331810395582 30.8482754264008 17.39019943573 -0.275057490625101
"587" 586 40.142447162734 22.5982364516833 9.44129125767124 0.0410901228474026
"588" 587 54.9942906903326 18.6261939885153 15.3738211742391 1.81724967766524
"589" 588 71.8789756962348 18.9437219333888 16.8876704060777 0.28013181710182
"590" 589 85.664800564141 16.5023629249993 14.0003286067301 -0.194078220119437
"591" 590 91.7491733612493 16.8671138870955 6.0952961862851 0.235151916131458
"592" 591 99.3770400909468 30.1011983980896 15.2749907918192 0.988048112278804
"593" 592 104.939879608094 38.4966508139941 10.0711868596134 -0.0623119300601786
"594" 593 96.3749979382911 49.878788278646 14.2446569380226 1.23027226111899
"595" 594 94.5084231765852 65.4987186587218 15.7310624695045 -0.526153715872841
"596" 595 85.7344540738925 82.3889160140657 19.0331631768729 0.360167304477786
"597" 596 68.0157814793597 82.5104780476081 17.7190895883577 1.08483289812685
"598" 597 59.8397465114707 96.4674593913731 16.175440520318 -1.03402099059248
"599" 598 63.3559508479085 105.883075648665 10.0507473572949 -0.887320479616797
"600" 599 60.1081898767175 108.292106422881 4.04368403774425 1.29000106073482
"601" 600 63.0146521261516 98.3940313089415 10.3159785657283 2.49460827643364
