"time" "x" "y" "speed" "angle"
"1" 0 69.6326100076467 33.5701979506298 NA NA
"2" 1 87.842340764516 39.8544534210048 19.26359678395 NA
"3" 2 100.558016495275 39.3947039447406 12.7239843944706 -0.368447084415728
"4" 3 109.774246356876 49.0688887189116 13.3614648862566 0.845776504950611
"5" 4 110.432762337979 60.7569030714572 11.7065504228479 0.70487856515911
"6" 5 101.152044620059 76.1958358857747 18.0136716913772 0.597527415324899
"7" 6 85.3083265775535 87.3704895361886 19.3880449147695 0.415273038875559
"8" 7 66.7968439732464 88.9001761555691 18.5745775016035 0.531830352957521
"9" 8 49.855341216959 80.9871184794036 18.6984223245603 0.519414670555544
"10" 9 38.0549102221152 66.5001851711241 18.6847908295118 0.450274540389727
"11" 10 34.4229145953576 52.2394529620905 14.7159734768229 0.43417100784329
"12" 11 45.2228878982897 37.2366631970621 18.4857546255945 0.873316960801375
"13" 12 56.5337213791398 21.1258227815462 19.6848706606303 -0.0118241598655775
"14" 13 60.1593012247758 8.70646208367064 12.9377490067251 -0.328073067024143
"15" 14 60.5680932359638 8.20841090464844 0.644333675463652 0.403249269708415
"16" 15 74.361415031606 7.82805263418521 13.7985650910538 0.855942031267749
"17" 16 85.9643777544361 21.3713305492737 17.8339317210958 0.889975367457028
"18" 17 97.4521105273457 35.9196592669185 18.5370405604139 0.0400065136055407
"19" 18 111.610231332835 45.2659334248123 16.96482317554 -0.31894613935928
"20" 19 113.293778338433 45.6242002899112 1.72124538247335 -0.373790194734653
"21" 20 107.861809198586 54.4126707541997 10.331674686996 1.91472626875176
"22" 21 103.729897161426 68.4066321018972 14.5912182933326 -0.266500803919128
"23" 22 103.700296449099 77.5872229649666 9.18063858330367 -0.283881873544413
"24" 23 87.5899404781153 84.5224315575731 17.5396889292479 1.1610678007016
"25" 24 71.5758583745625 93.5146487806346 18.3660228739391 -0.105139948870299
"26" 25 53.6758855059629 98.8882651266019 18.6891621355867 0.220001664537801
"27" 26 34.3055801309194 93.2681247352676 20.1691523951986 0.574031011374833
"28" 27 22.5985335684785 78.3369735561926 18.9735135056096 0.623456974165178
"29" 28 9.06060321562309 64.8925431373383 19.0795248244336 -0.123912481979479
"30" 29 3.81294526277173 49.1916444603133 16.5546408374307 0.466309096708886
"31" 30 10.1307418024881 39.6667978449366 11.429665619068 0.908219993431645
"32" 31 29.5781220076935 31.9681025791261 20.9157956014499 0.608186935149391
"33" 32 44.9578456151221 17.5387989425417 21.0888762545007 -0.376581656170199
"34" 33 60.1786362487754 7.79896212556356 18.0703317273057 0.184280620423485
"35" 34 66.3340285976797 7.96576899738402 6.1576521094843 0.596337388193152
"36" 35 59.1126279335637 7.10626648685347 7.27237046067534 -3.05022104759202
"37" 36 46.2640192909944 19.7105547610533 17.9987451492885 -0.894263819388902
"38" 37 38.9344652161021 38.9494107701697 20.5877619831851 -0.430996678751395
"39" 38 33.3966069657524 57.7318275554201 19.581804163453 -0.0772814863633874
"40" 39 34.5218345151292 78.3958955540741 20.6946815218517 -0.34111824121161
"41" 40 45.6192550376149 94.2022163910152 19.3130142819086 -0.557725991934161
"42" 41 65.4518073730719 100.996710622649 20.9641428158258 -0.628609713562617
"43" 42 86.287837760286 99.7991144120857 20.8704192334621 -0.387475013417638
"44" 43 101.071115197268 89.9414578267316 17.7684744740104 -0.530688726162802
"45" 44 109.595352332274 82.525317959849 11.2987498980626 -0.127891956543147
"46" 45 110.770691772524 70.2696228488967 12.3119245226906 -0.759192537878992
"47" 46 102.831289226882 53.9046453261823 18.1891891545693 -0.547303007835217
"48" 47 90.2723988184215 39.4278232224675 19.1651795325358 -0.262882225563062
"49" 48 76.3074900579756 28.2373306213706 17.8954128575672 -0.180669137098856
"50" 49 56.6898997538858 29.138978338328 19.6382997722464 -0.721479918204447
"51" 50 45.6603479228711 24.439203943308 11.9891156036267 0.448737171726091
"52" 51 33.4959271163111 24.7736386337947 12.169017220847 -0.430294242003407
"53" 52 30.3215004239111 40.6899472139044 16.2297832284567 -1.34644863270276
"54" 53 43.7391180218493 55.0620470870199 19.6618848732086 -0.947926821325506
"55" 54 61.5811069755207 61.9818566186185 19.1368841188041 -0.449752736690351
"56" 55 81.1167822971689 62.0375051013753 19.5357545804223 -0.367129979706113
"57" 56 100.243611094151 66.5573934951035 19.6536248799251 0.229205850670078
"58" 57 112.494099623733 60.3640504250781 13.7270524001501 -0.700139204936363
"59" 58 103.757352941746 48.9460537458361 14.3771134360275 -1.75585305559666
"60" 59 88.3126852892173 38.523558204198 18.632395772217 -0.324023237479104
"61" 60 72.7139873552581 29.7601284847867 17.8918159414288 -0.0817700472138576
"62" 61 55.6476234525523 21.3516168876671 19.0253474117682 -0.0540749850094141
"63" 62 38.4222438737174 26.5414171732053 17.9902120231729 -0.75042455632997
"64" 63 36.0948256760767 44.7417266669268 18.348518772205 -1.15097063999994
"65" 64 38.3045596808312 64.5688734995015 19.9499041574702 -0.238179543283457
"66" 65 51.2929593203464 80.6926119436187 20.7044310863655 -0.567121120228311
"67" 66 70.6707032164408 82.9515788684893 19.508969477404 -0.776631799394559
"68" 67 86.6813133011531 71.9169633313938 19.4448547265389 -0.719496688766078
"69" 68 94.9882755265861 56.38018344432 17.6180915729868 -0.476358148167769
"70" 69 87.7019687254624 39.5306260504936 18.3575012234223 -0.899142696774307
"71" 70 70.4871226286861 31.378029587303 19.0477230982425 -0.720358022181411
"72" 71 59.4370699427079 19.625881381854 16.1312321849799 0.373890514010911
"73" 72 51.2612789059484 16.8345674843154 8.63915460860319 -0.487175401228786
"74" 73 48.7460372506198 33.5151315605713 16.8691333057386 -1.75013878840495
"75" 74 53.0916003267957 52.2405255027454 19.2230147671647 -0.377692780837047
"76" 75 55.1676478950382 70.7719660781138 18.6473661224318 0.11646828592374
"77" 76 57.5412640333168 88.8610508771484 18.2441509103208 -0.0189094882245129
"78" 77 66.3140582595719 106.130616601717 19.3700753444954 -0.339547709656185
"79" 78 84.4963658742308 111.318933823434 18.9080656278542 -0.822813282750072
"80" 79 95.590908128788 105.350296932684 12.5981543954573 -0.771530262715596
"81" 80 99.2245245089389 87.2074018430283 18.5031837863742 -0.879566165701403
"82" 81 90.3698181303521 69.679443765819 19.6375950515177 -0.665442465650103
"83" 82 73.291648729456 65.9478808480495 17.4810878349997 -0.887898228829622
"84" 83 60.6064961739656 58.3540818591798 14.7844133613554 0.324298387701552
"85" 84 61.9351566495282 39.4465553033906 18.9541525560284 1.10153597510467
"86" 85 66.8061081452484 24.7550185150127 15.4779656827996 0.249986824173233
"87" 86 73.7976038190192 16.9360832303305 10.4888874883089 0.409444468233593
"88" 87 63.8418838888754 17.3022915723926 9.96245290464444 -2.3371509398386
"89" 88 55.4331675195079 33.4488459825502 18.2048820457769 -1.05390031615368
"90" 89 48.5141750046522 48.9079608715343 16.9368441739138 -0.0592999210400569
"91" 90 52.0004643330739 65.8149871760999 17.2627272394817 -0.624182314483531
"92" 91 41.1183916763194 81.5254490827559 19.1112040077901 0.809138903215391
"93" 92 36.7221922331198 100.47706408659 19.4548266709815 -0.377847273157428
"94" 93 49.7023839126945 112.598566455586 17.7599604650483 -1.04753151866312
"95" 94 68.0818095191952 107.464528881107 19.0830193481287 -1.02359606532798
"96" 95 74.37079868149 89.3020706143734 19.2204650041124 -0.965061474270446
"97" 96 73.2380943906475 70.8380953834206 18.4986864490355 -0.394611798256008
"98" 97 64.8878714355533 56.2461789813164 16.8122053189277 -0.458495129654158
"99" 98 64.7195102886917 40.510841756768 15.7362378936653 0.509065914318189
"100" 99 74.9962864877095 27.3690067068329 16.6829241299121 0.674361155045674
"101" 100 69.784063316997 13.7166360353 14.6135038691699 -1.0283648444815
"102" 101 68.1185142843632 11.9088071698709 2.45810878253714 -0.379755255101224
"103" 102 56.6533072138731 21.769434843895 15.1222667379908 -1.53663679539002
"104" 103 44.2233000694115 34.4982326122695 17.791216097826 -0.0869752277306044
"105" 104 48.0756820415112 51.4773006422642 17.4106173935949 -0.996635247104101
"106" 105 63.7395700356661 62.026351559798 18.8849109702469 -0.754990521923436
"107" 106 84.1197668517942 66.4692415138483 20.8588516799923 -0.378050926729607
"108" 107 102.054122066142 66.5563412134657 17.9345667165967 -0.209785621994985
"109" 108 102.236799205427 54.7861813534343 11.7715773823185 -1.56013375667264
"110" 109 85.82731336654 45.8237084361613 18.6975171156355 -1.08641260214945
"111" 110 69.9439240552133 51.6651296468071 16.9234824364062 -0.852319149217774
"112" 111 65.234568500671 68.4942005550673 17.4755731629709 -0.945524739377767
"113" 112 70.3865591614826 83.6020127133316 15.962111263191 -0.601503333891176
"114" 113 83.4145906561234 90.1905944776882 14.5992812936447 -0.773932348246848
"115" 114 93.6263341765483 77.7419499617274 16.1011942417853 -1.35200946120318
"116" 115 89.4191131680567 59.7775644217057 18.4504703583631 -0.917054472378424
"117" 116 74.9309290688463 49.4021059972652 17.82014635209 -0.719273402554013
"118" 117 57.1053149088888 48.1176079731028 17.8718341351344 -0.549536458868843
"119" 118 41.0920623800646 39.2043287717593 18.3267782949704 0.435975920591883
"120" 119 29.4393348053059 31.0045241734337 14.2486088928801 0.105281554021714
"121" 120 30.0683623660122 17.9199821648351 13.0996532491096 1.00564118505516
"122" 121 32.3686419613863 14.2250486573163 4.35244986667046 0.508798216882182
"123" 122 31.1375682724132 17.5885041464434 3.58167213114508 2.93562717228507
"124" 123 27.4263073358529 32.7350302710814 15.5945731388704 -0.110580028897427
"125" 124 18.4984248000315 48.4795911498172 18.0996763462124 0.27554589975361
"126" 125 25.205211885869 65.3919603352092 18.19365890847 -0.893373985591811
"127" 126 41.5311984148079 74.9282732095199 18.9071176909608 -0.664597893848898
"128" 127 61.4203728435479 80.3076532666281 20.6038100664818 -0.264512426833072
"129" 128 81.0752553287403 79.2361245765821 19.6840691738348 -0.318611003345509
"130" 129 90.9772226732405 64.6261296320699 17.6493883624963 -0.920694554452128
"131" 130 84.2139005196935 47.7463103215995 18.1843566426417 -0.976726677019224
"132" 131 68.3392846814602 42.4119731079038 16.7468976685506 -0.865533135666733
"133" 132 56.3407314908276 49.1347766492882 13.7535946619235 -0.834892597520365
"134" 133 52.0727231008928 63.7330135276657 15.2093528979301 -0.775641505793064
"135" 134 40.4955220533889 71.3930340356964 13.8819126303898 0.701839674548417
"136" 135 28.6972165353923 75.9738436500778 12.6563750663134 0.214174540434042
"137" 136 24.4621664737452 91.2756561215887 15.8770625097321 -0.930442420680564
"138" 137 31.8624910597129 106.037905048638 16.51329153627 -0.734696608674278
"139" 138 30.7885970701631 109.944593053062 4.05159961801561 0.732947824900013
"140" 139 38.7464014006045 118.217142011286 11.4787506300906 -1.03426850650125
"141" 140 50.9091533973374 121.280619592018 12.5426245667196 -0.558046694545273
"142" 141 59.3426704340821 108.166491791782 15.5918105930642 -1.24603804113968
"143" 142 61.797426233708 90.4987613405815 17.8374472762243 -0.43344342917639
"144" 143 61.6917841566389 71.3950187787992 19.104034655415 -0.143586099901835
"145" 144 57.0949042884258 53.7351125444302 18.2483860308107 -0.249119516067368
"146" 145 60.8854309660169 36.5776101055245 17.5712259798394 0.472082108226204
"147" 146 62.7974262803376 18.65064706969 18.0286363813285 -0.111179677647773
"148" 147 56.0824691868626 12.4998627546209 9.10619549854442 -0.935473923298713
"149" 148 39.1839566164336 19.9041298948655 18.4494687993192 -1.15454047201304
"150" 149 25.2746104333011 32.3170541954768 18.6427090556853 -0.315644246460069
"151" 150 15.4766300913188 45.3726293727381 16.3232491248217 -0.19837724762043
"152" 151 25.21865412849 59.2952293147739 16.9925225168836 -1.25435277780935
"153" 152 42.8075003570107 62.7763670033885 17.9300259692405 -0.764861164747484
"154" 153 60.9054417511179 58.410342606923 18.61713328456 -0.432113341787748
"155" 154 73.0299750054416 46.4218791557279 17.0507349564716 -0.5430340788353
"156" 155 77.7619078145985 30.0652837456616 17.02731339698 -0.509431212180366
"157" 156 84.1738270660518 23.955524727607 8.85674114705055 0.527914552373312
"158" 157 89.3318415413066 23.7698597351368 5.16135493997134 0.725291971936462
"159" 158 83.5542651830308 21.3149560287987 6.27749478558921 -2.70382511791284
"160" 159 72.6922491408945 31.7454330379715 15.0591581151971 -1.16692137750897
"161" 160 74.5133209249364 45.9858819062613 14.3564162106359 -0.932852474926111
"162" 161 88.7986350280297 56.514510228109 17.7460478237733 -0.808461411215121
"163" 162 101.501001318505 58.6060150460111 12.873402882716 -0.471954530508262
"164" 163 107.759769718066 66.0322302333799 9.71189239481411 0.707310225380022
"165" 164 101.456108354783 69.4238941813701 7.15817930196265 1.77747224955862
"166" 165 84.7566137467122 63.6013034015766 17.6854653191235 0.829107986219326
"167" 166 67.6504071168508 61.9950335116013 17.1814553581167 -0.241862994824186
"168" 167 52.0523905033335 66.5647416370316 16.2536258916952 -0.378617616258421
"169" 168 39.1880328210942 60.7387337232091 14.1221126885644 0.710238511952488
"170" 169 32.1605518675122 44.3296118798937 17.8506237488141 0.740915787556749
"171" 170 27.1079024986387 27.9963792967806 17.096893058648 0.104623809514622
"172" 171 34.4560911288449 15.8864814258431 14.1649392017625 0.845409156038147
"173" 172 52.9310670289783 14.6493538392969 18.5163500500478 0.958535179995046
"174" 173 69.8913667940043 13.3263876079435 17.011819648963 -0.0109835528658604
"175" 174 73.970078670603 11.865696947665 4.33237899742537 -0.266049063795648
"176" 175 79.1746907940192 25.7180130901185 14.7977920604963 1.55528845211055
"177" 176 87.9412359311498 38.9593029657112 15.8803045062374 -0.225404455834743
"178" 177 102.369808090419 43.5955749084113 15.1551546373469 -0.675083762691098
"179" 178 99.6457301798309 46.5179359273045 3.99509629266915 2.01018733019281
"180" 179 85.7024811330816 50.3040992430874 14.4481565133223 0.555352688610569
"181" 180 73.536573167936 62.908691889584 17.5181355286603 -0.53795873728576
"182" 181 73.2007117697538 80.8615578460933 17.9560073215395 -0.74898427792063
"183" 182 85.4223630015698 95.9385375761703 19.4083506927637 -0.699886856950567
"184" 183 100.596438380652 95.7505118820055 15.1752402706426 -0.902005853636304
"185" 184 105.77365914529 87.1556047444363 10.0337452403994 -1.01625336777152
"186" 185 102.65990985951 70.1811610042556 17.257670031127 -0.723572885947181
"187" 186 97.1239297313798 55.0154400041044 16.1445399263489 -0.168582942199181
"188" 187 83.7410289024801 45.660743991593 16.3282691085939 -0.610735912011018
"189" 188 69.0505880919311 37.1299789191881 16.9877309823533 -0.0839481762326828
"190" 189 55.6822793306855 28.4690366597941 15.9287036495928 0.0487684874231148
"191" 190 54.9118344660567 22.7525886743522 5.76813339475569 0.861949513722554
"192" 191 41.6686656894985 22.9437691186077 13.2445486599836 -1.45126191196978
"193" 192 35.9859681185902 37.6952713102304 15.8082215505684 -1.18865343225582
"194" 193 48.5937794185953 48.6408518053769 16.6961863355757 -1.22356197525437
"195" 194 64.7318731182962 51.1729400039119 16.3355299548403 -0.559309617298093
"196" 195 81.9364964150303 49.4197974149935 17.2937148039282 -0.257181470120252
"197" 196 96.1371734830479 43.8356079114923 15.2591743420519 -0.273111078583195
"198" 197 96.8753221152119 32.9011230474887 10.9593714529752 -1.12873203532558
"199" 198 83.5424260214543 25.660535639215 15.1720870108166 -1.14069971936934
"200" 199 66.177383842513 29.2235700721448 17.726813144123 -0.699876306381216
"201" 200 53.2132709315391 41.9061190301799 18.1360213840147 -0.572044543288367
"202" 201 54.4497766065787 57.9039705853047 16.0455663865198 -0.873514920515455
"203" 202 69.2091289220325 66.8866214831164 17.2779193748452 -0.946933271800095
"204" 203 85.7517191953159 67.1315569566387 16.5444034747681 -0.53191916404426
"205" 204 94.4382108720677 72.0244267186194 9.96971976326242 0.498171506384861
"206" 205 100.68050905059 67.4984131628277 7.71045298648478 -1.14032144747445
"207" 206 88.9609864914152 58.6643438638031 14.6761026636834 -1.86832512150587
"208" 207 71.8007805740634 60.0952868358143 17.219763788016 -0.729117675396637
"209" 208 56.5445877771008 63.0416703322643 15.5381013758517 -0.107583492886972
"210" 209 53.0073785348365 78.7498877594902 16.1015509800939 -1.15853027103337
"211" 210 60.2574016651931 93.8269423105787 16.7296266941975 -0.669710259950618
"212" 211 77.1808271319656 96.4281962502552 17.1221742657902 -0.970060142336147
"213" 212 87.4235028954342 82.7039648675426 17.1250382143159 -1.08216791170026
"214" 213 84.4130234223545 67.4789344624229 15.5198111294775 -0.836356172038698
"215" 214 69.7732715542504 62.9503415389461 15.3241798679806 -1.07558305790096
"216" 215 53.2077870387321 68.0626047441321 17.3363927133927 -0.59933562347517
"217" 216 42.5639643353321 79.6060633070815 15.701668616295 -0.526586897351676
"218" 217 30.5156329900917 90.3374875706707 16.1346135661767 0.0982713090526338
"219" 218 23.0807630706393 99.7992370359215 12.0333700043817 -0.177133363438229
"220" 219 28.8718219328393 112.11633421727 13.6105564074456 -1.10550635780731
"221" 220 45.385156981784 114.196183223716 16.6437978336772 -1.00601097010615
"222" 221 60.4889689611839 107.171545643175 16.6574508688156 -0.560621917366167
"223" 222 64.9002954291681 91.2501319530439 16.5212352776493 -0.8651758400514
"224" 223 60.5853085798639 74.2148564929107 17.5732672406779 -0.51836796301832
"225" 224 55.1855186621519 61.1415921392891 14.1445385932203 -0.143618089188527
"226" 225 40.2003474080928 57.2774768899285 15.4753592583119 -0.926733823452959
"227" 226 28.0763392049917 64.4571040261852 14.0903733351723 -0.787016569335794
"228" 227 15.8384916176328 64.1484960874501 12.241738129501 0.559863767700185
"229" 228 13.4845530800158 48.5879690566534 15.7375674141537 1.39544626659037
"230" 229 18.3439356002362 36.6550892133004 12.8843789075657 0.536858284838956
"231" 230 31.8934620481898 24.3135233658853 18.3276816463479 0.445299424282523
"232" 231 45.3572323545092 10.6749812664421 19.1646273498759 -0.0530701475293508
"233" 232 60.1323246411529 2.64891587201764 16.8143116955294 0.294226876924961
"234" 233 68.7801206653626 1.70864797586201 8.6987631185634 0.389316049067672
"235" 234 75.0951826280505 2.86449569421495 6.41996818844206 0.289330325852302
"236" 235 76.6009139071532 5.13366917565046 2.72330221857921 0.803921444705411
"237" 236 84.5722882119915 16.0836300799331 13.5441667190402 -0.0434117269494638
"238" 237 93.2180847308073 30.9646091762203 17.2102683392474 0.102930906260827
"239" 238 107.508973400205 38.9299591688782 16.3608159780203 -0.535981267279053
"240" 239 109.996376235228 36.7548935819453 3.30425228624276 -1.22699436778302
"241" 240 101.751017417474 28.2384994049809 11.853898591221 -1.62151760309187
"242" 241 85.4597372795864 28.3905323196251 16.2919895205666 -0.81089851800087
"243" 242 81.0426496186218 34.1630346869481 7.26859319162899 -0.908309489021998
"244" 243 68.3161167069102 32.071516819286 12.8972511390461 1.08052844443064
"245" 244 58.5708982627359 23.450997998391 13.0108657385311 0.561348470500399
"246" 245 51.3557205589668 33.7136698986085 12.5451673495606 -1.68226144018149
"247" 246 55.5439572313203 50.7115526982538 17.5062659095001 -0.854355676734637
"248" 247 69.4627245144959 62.547737876171 18.2709431132918 -0.624498776907622
"249" 248 86.058924595221 62.7029662408243 16.596926009495 -0.695359316923596
"250" 249 91.0222408546494 46.4111865589993 17.0310479270135 -1.28443049373617
"251" 250 76.5445475807192 37.2355200537219 17.1404917767861 -1.30162730317515
"252" 251 60.0025143566982 45.8190797375805 18.6364256237879 -1.04353603707258
"253" 252 49.6774277895196 57.4496166350902 15.5523889208079 -0.366138623639102
"254" 253 43.3447513977703 71.8530264302948 15.7340714378452 -0.311783249777619
"255" 254 58.2261028854618 81.9786620323588 17.9995310618361 -1.38755572230309
"256" 255 75.4394615800948 83.2130458843915 17.2575612716357 -0.525878589541664
"257" 256 85.160296436025 71.7385012039311 15.0386105049685 -0.939538580740553
"258" 257 80.4810252309942 56.4891247333316 15.9511460952591 -1.00057530077597
"259" 258 80.1462201372209 40.7922030605025 15.7004918538799 0.276403178517534
"260" 259 83.5023727517992 27.993453469459 13.2314682279245 0.277777191154322
"261" 260 93.3358350779347 22.8632038952392 11.0912777448457 0.833478153474285
"262" 261 102.965145764728 23.3752941716217 9.64291764737014 0.53399741367621
"263" 262 101.169024182383 24.403952371656 2.06982859944125 2.56835016416242
"264" 263 99.2499957443079 19.6731716596252 5.10518915334811 1.70554325657907
"265" 264 96.581734754819 15.8598046432876 4.65417927344016 -0.225167817657493
"266" 265 86.5116763867422 8.48078062851565 12.4842328938166 -0.327881677954615
"267" 266 75.8385431440095 3.77178127618971 11.6657810761788 -0.216868780911599
"268" 267 72.5654572019792 3.36583174405038 3.2981641266863 -0.292116409902558
"269" 268 61.0135432059096 8.28148934276113 12.5542983316612 -0.525713796226331
"270" 269 54.7413552926317 19.1398312066048 12.5396941450568 -0.644664587036746
"271" 270 62.5595814585629 32.6832963187492 15.6380979542118 -1.04735236328542
"272" 271 76.0449117184275 39.1985803972311 14.9767506102272 -0.597190547923969
"273" 272 82.0355310620761 55.5411347297872 17.4059358333025 0.76937280728726
"274" 273 92.7999602809339 65.5829469133734 14.7211048613282 -0.468759229335325
"275" 274 102.767765181068 58.4153096836675 12.2773025532401 -1.37409743520562
"276" 275 107.1661411186 55.7800373362846 5.12741369822524 0.0836242754913227
"277" 276 107.603189387555 56.5927145883897 0.922743466780156 1.61716888949157
"278" 277 98.5176643725923 56.6153819749469 9.0855532912382 2.06172070321108
"279" 278 83.4152966061028 56.4795637167799 15.1029784729223 0.0114878189554807
"280" 279 68.3661340303966 53.2321024421328 15.395561014798 0.203538356610804
"281" 280 57.6006106650812 62.3508511449988 14.1084397165375 -0.915300072262984
"282" 281 48.2252580657482 76.4262143065186 16.9119213719343 -0.280429497538134
"283" 282 32.9630233559138 78.261986225982 15.3722433912023 0.863491378244087
"284" 283 17.6926617323624 74.4802301152335 15.7316757974227 0.36247572949017
"285" 284 6.58148689848088 66.9261909589858 13.4358369208325 0.354311833820813
"286" 285 8.15808420556079 53.263646278116 13.753210033496 1.08860309321488
"287" 286 17.0742061993066 39.6427152140379 16.2796497032254 0.464707572630355
"288" 287 26.5704499134569 26.048827342576 16.5822927287036 0.0301686813939783
"289" 288 23.6742976687617 20.7338540388226 6.05282075102713 -1.10868629530207
"290" 289 32.8501053778686 16.758613009441 9.99989941730335 1.66089757348782
"291" 290 49.1968460849363 10.9060484623111 17.3628466422539 0.0650140599429311
"292" 291 55.1626676641895 5.39956758426189 8.11864266831622 -0.401573129831075
"293" 292 66.8614321293651 14.6550479095646 14.9172720717872 1.41470184027367
"294" 293 81.3305490871739 20.5561837227623 15.6262199339621 -0.28207170004773
"295" 294 90.3296513805641 27.1251059445894 11.1415699631297 0.24329742777915
"296" 295 95.9715459793663 44.923497208422 18.6711999144261 0.633279928026174
"297" 296 104.570940665811 58.6992514021131 16.2394886797044 -0.251084279798877
"298" 297 94.5123583305863 74.1116380101343 18.404258734043 1.13627524222923
"299" 298 79.3559025294146 80.8563073483363 16.5894158105267 0.573883918115886
"300" 299 64.0208114522035 82.5196095639894 15.4250313648614 0.310649274728608
"301" 300 68.8474917245693 95.8721593006348 14.1981487145767 -1.80962008859655
"302" 301 83.6065109586263 96.7462284493393 14.784878952091 -1.16477750733839
"303" 302 101.526257944274 92.9816825249012 18.3109021636515 -0.266220588632623
"304" 303 105.688718230521 86.8597318208932 7.40299642421186 -0.766604774211579
"305" 304 103.446858735696 70.6016916944421 16.4118799272914 -0.734152803681566
"306" 305 95.4283289461584 57.3882773972257 15.4561035638216 -0.408411130426173
"307" 306 79.7947980494255 51.5249990681021 16.6968656059715 -0.666546813436755
"308" 307 66.2644735952099 59.5692802620266 15.7410336307141 -0.895203214986765
"309" 308 52.9939663906144 63.332003011349 13.7936378071737 0.260104515477129
"310" 309 45.4812107140757 51.870134103448 13.7045954598183 1.26688339817407
"311" 310 43.0476717276303 35.7737627436633 16.2792900014297 0.430152243721349
"312" 311 37.2695136499147 22.2992665484079 14.6611445149081 -0.255054089181157
"313" 312 31.1538945217898 14.3723251705394 10.0118528219532 -0.252015126646096
"314" 313 23.3164060116255 26.1618747723097 14.1569666934538 -1.89777703790096
"315" 314 30.6591554974759 39.7122397702269 15.4119551513991 -1.08328928925316
"316" 315 46.648009037298 42.916610040925 16.3067908047419 -0.876411802737607
"317" 316 59.4839077013539 37.16124133476 14.0671448225223 -0.619298878514069
"318" 317 60.9995515155452 25.0601566989939 12.1956314118404 -1.02469010672295
"319" 318 61.8903543205802 16.7467225612018 8.36102366943584 -0.0178548395898719
"320" 319 75.9509493222977 18.2562610468387 14.1413944942479 1.57100126608183
"321" 320 89.7339242238618 25.1671378565772 15.418515344109 0.357822530427598
"322" 321 93.3002750652268 28.6084202276848 4.95593408767726 0.302780210793748
"323" 322 94.0035359032497 42.7870944097733 14.1961043025232 0.753684444469508
"324" 323 100.80318154212 53.7653636047988 12.9134648848655 -0.504983548770379
"325" 324 106.017523722013 58.2748527047697 6.8938274065836 -0.30321594512398
"326" 325 105.327881721081 67.0724708884703 8.82460717514538 0.93598842986267
"327" 326 93.6277274389574 78.3128650313619 16.2246747490683 0.727207206758518
"328" 327 79.9582104913044 88.0141362851243 16.7621704299069 0.148152328614124
"329" 328 72.4571551369491 96.4401796364348 11.2811363783649 -0.226202223453633
"330" 329 57.3478244471803 89.3068678612209 16.7085610025279 1.28449955313866
"331" 330 41.2278187525633 88.1444723535266 16.161860874008 -0.369105903345976
"332" 331 31.3668843046545 100.364243079933 15.7022554046194 -0.963806768198581
"333" 332 32.4795692821875 113.471202860072 13.1541043989098 -0.763663468834821
"334" 333 42.1300743567385 120.743940920447 12.0840790749131 -0.840297809281585
"335" 334 57.4279668835391 118.372331623742 15.4806345612108 -0.799613020591749
"336" 335 75.1463068122757 118.556063850152 17.7192925186443 0.16417336473403
"337" 336 87.2643785412913 111.487345033309 14.0290572791317 -0.538434056938738
"338" 337 88.5199107323904 95.6442847658498 15.8927316632866 -0.963648697346879
"339" 338 78.6585983786144 83.6975073250319 15.4909964998761 -0.769142830512124
"340" 339 64.8816578468032 82.2492752801273 13.8528504818666 -0.776000952787308
"341" 340 62.0291321594645 85.1521450062401 4.06983481774248 -0.898880569070694
"342" 341 59.0057967745843 77.206028042334 8.50184283867599 2.00137551892224
"343" 342 58.9841107823714 61.4251752322023 15.7808677105316 0.362191829724624
"344" 343 63.598184430897 45.0582367884762 17.0048919330508 0.276157125202753
"345" 344 69.2985738292152 30.9635371126233 15.203782366403 0.109540838426648
"346" 345 60.8427731451401 19.5524342963464 14.2025995047543 -1.02204976512802
"347" 346 48.4345286363387 23.8154351403786 13.12012606595 -1.26399823106601
"348" 347 51.1588942350537 38.5476375981769 14.9819877577383 -1.42272852974192
"349" 348 57.8695257676087 54.1590220071951 16.9925836391014 -0.223115568274632
"350" 349 70.1934853715759 64.8489535260262 16.3142458053542 -0.450305354537478
"351" 350 82.4518811871777 73.2922040306349 14.8847823986627 -0.111364128872058
"352" 351 84.4729098422756 81.8015115314945 8.74602029319121 0.734457777056323
"353" 352 91.3787335093726 84.1912582465915 7.3076186191778 -1.0044591383934
"354" 353 97.1092811885265 70.0751566919713 15.2349433803808 -1.51831392556543
"355" 354 93.829939844916 53.8000412546277 16.6022125678107 -0.584464086332766
"356" 355 81.1038234626744 44.8639419827063 15.550173901664 -0.759772957071229
"357" 356 65.4066087743278 44.7149247124269 15.6979220000256 -0.602698549182465
"358" 357 53.3758666920356 52.6468850403788 14.4102307301042 -0.592383528342168
"359" 358 46.3661269816338 53.3524633333037 7.04516085941482 0.482571630431398
"360" 359 46.5110374317296 39.4421677232161 13.9110503916336 1.68153239907701
"361" 360 46.1852987299231 24.0058939940573 15.4397102415612 -0.0315161467755085
"362" 361 52.1308611514747 10.4841181744854 14.7711927014485 0.435356863618635
"363" 362 60.5472442991551 6.0964875748234 9.49140703835047 0.675980555053155
"364" 363 63.528181773488 6.21169062808961 2.98316274604053 0.51918529747586
"365" 364 75.7175309245679 9.14966514944899 12.5384180427632 0.197889409728688
"366" 365 82.819785163478 10.3017724934444 7.1950932312379 -0.0757004658478931
"367" 366 84.187231216358 17.6373211125644 7.46191545456063 1.22568177712111
"368" 367 83.7701031814281 17.4090188218652 0.475518383938006 2.25587745611059
"369" 368 82.5407157213155 21.449368778005 4.2232477188961 -1.7762027684749
"370" 369 79.3023034529826 32.6695770500471 11.6782013892419 -0.0143894946290266
"371" 370 87.4414694342347 43.2028463092196 13.3114906812348 -0.938864946717358
"372" 371 98.2172596097368 46.94215208618 11.4061413983896 -0.578909783256951
"373" 372 98.56661979348 51.3488115159047 4.42048638359693 1.15767320678984
"374" 373 86.3043496483257 52.0727037691628 12.2836187301246 1.59094522240164
"375" 374 74.1877565983207 57.0139194708191 13.0853903170568 -0.328251585514236
"376" 375 67.6478859068897 70.2288144848246 14.7446043992989 -0.724030764185766
"377" 376 52.0405883519087 73.4448024073216 15.9351910966691 0.908035578210968
"378" 377 39.2636014145241 65.5250794015872 15.0324119051353 0.75809459839658
"379" 378 36.1129606875569 50.2410574622956 15.6053793171192 0.812622277812573
"380" 379 33.6985622722241 36.7826699731908 13.6732407831814 0.0257828063133221
"381" 380 30.4854900968716 24.4028670874065 12.7899707699 -0.0764294154222097
"382" 381 31.800163244026 19.3514942179121 5.21964877654745 0.508550617066911
"383" 382 25.0503965362408 18.0196869025129 6.87990271260252 -1.63059919901923
"384" 383 27.8127873612695 25.7001385570199 8.16211618928708 -2.11086468181869
"385" 384 42.3191306415642 21.3611833872295 15.1413515688396 -1.51617493591182
"386" 385 58.9045644279324 20.3250990656331 16.6177641276876 0.228249266416954
"387" 386 74.1801019840879 16.8970781693107 15.6554583099678 -0.158366676392812
"388" 387 87.035412248189 24.9607342204059 15.1750305072731 0.780979877937116
"389" 388 97.3347785349352 28.6199492597359 10.9300869444219 -0.218849055352179
"390" 389 95.8578364807813 26.977936662864 2.20852059071553 -2.64469454846483
"391" 390 85.4793814273116 16.5022967129859 14.7462321172688 -0.0482154282388536
"392" 391 80.6325327054501 15.0980457410492 5.04617313662499 -0.508055056638503
"393" 392 72.9286584862053 23.1728940364815 11.1603249495788 -1.09090817029125
"394" 393 72.6154690074471 36.3318356293812 13.1626680993996 -0.7380954460792
"395" 394 80.0975525021024 46.1481600185193 12.3426819587066 -0.675064731976041
"396" 395 89.5635539143939 55.2851040358189 13.1563265660584 -0.151816057959578
"397" 396 83.7778558454521 71.1201219881096 16.8588877359785 1.15338930073061
"398" 397 74.5239268994502 84.0058307763711 15.8643213505504 0.272501998555298
"399" 398 65.5491450539813 93.511748701591 13.0732239625418 0.13385950727357
"400" 399 65.7791076913414 94.6030339057496 1.11525163590867 -0.964353872810153
"401" 400 66.1843564192287 82.3175189536837 12.29219688131 -2.90093087075896
"402" 401 66.115445772789 66.7590282866302 15.5586432735629 -0.0374030463706666
"403" 402 67.0850974241983 53.4147622390946 13.3794491916705 0.0769659100453314
"404" 403 78.2540053789334 42.6256751385166 15.5289698745668 0.73015724480202
"405" 404 75.3859024305021 29.8537584301424 13.0899912501288 -1.02359273480057
"406" 405 63.2009692714296 20.1090893954197 15.6022809450205 -0.675320732343069
"407" 406 61.1473948348474 19.0733385706787 2.29998863856666 -0.207443496055672
"408" 407 60.9898457956468 19.549012101438 0.501085828594331 -1.71808911059426
"409" 408 63.3171135362717 18.7569482354048 2.45836130469641 -2.21868080187338
"410" 409 64.189862306405 22.0368744134048 3.39405452945277 1.63877817223962
"411" 410 73.0286211879828 21.3291450792059 8.86704795166663 -1.39063498064466
"412" 411 77.3841390118385 18.9790693452101 4.94907986088734 -0.414894113143911
"413" 412 70.1752283931273 27.3850762004227 11.0738134153709 2.77447529345674
"414" 413 64.2957021134008 41.1426819096078 14.9613015517834 -0.305011644777947
"415" 414 74.7920963089697 53.5825728266901 16.2765222679072 -1.10473805511088
"416" 415 89.6651709174124 53.8741715045101 14.8759328479666 -0.850327527434161
"417" 416 101.399963947943 53.6219055159919 11.7375042320912 -0.0410972559012048
"418" 417 111.988332712002 63.4733671771766 14.4625326255634 0.770855222878623
"419" 418 117.041247165129 72.7669472512169 10.5784013472365 0.323441984029886
"420" 419 117.51026383353 76.9120848041733 4.17158746380415 0.38532362963723
"421" 420 111.582224424707 87.0098326828001 11.7092341104306 0.643523994694061
"422" 421 104.186494020419 99.0513213774164 14.1313225918692 0.0199315908763591
"423" 422 90.7385157439417 108.172695537883 16.2495411104387 0.424016759593571
"424" 423 83.0964188989123 117.329787056491 11.9270268411273 -0.279344049536838
"425" 424 74.8104974571248 121.512392401589 9.28173914804331 0.407869538584726
"426" 425 65.9068510697879 118.171118223234 9.50994385502242 0.826475577137405
"427" 426 50.4371851277894 111.237118293572 16.9526080406993 0.0623750800657669
"428" 427 33.467150477287 109.327026906933 17.0771931283969 -0.309297747006192
"429" 428 24.574298588823 109.282866091834 8.89296153639198 -0.107119133256221
"430" 429 14.2327290652507 100.903620385204 13.3101396996034 0.675993288513613
"431" 430 7.10655211196648 87.2600310587057 15.3925283069303 0.408501660425252
"432" 431 5.36282103602704 71.8118078375025 15.5463242844513 0.368935457490857
"433" 432 6.47172544331167 55.5162316632784 16.3332627430784 0.180344748887238
"434" 433 4.12812395195297 42.8420351187697 12.8890545036916 -0.250790614625102
"435" 434 6.00112419169886 37.5995797081444 5.56699817051196 0.525987414708687
"436" 435 17.88731086056 29.5736404267014 14.342145407031 0.633745501522968
"437" 436 29.5683381519112 20.0277642288947 15.0854284316073 -0.0912389711108984
"438" 437 39.5269110669639 6.31280401428376 16.9491388628679 -0.25761246613124
"439" 438 47.6455873145251 3.97606079908961 8.44827040680346 0.662512493510861
"440" 439 60.1270532724801 8.14958893176526 13.1607495810013 0.602938799695038
"441" 440 72.2469188376062 18.5927008908549 15.9984289449561 0.388529642711446
"442" 441 83.2340353683662 20.6275758022453 11.1739628407072 -0.528089636411939
"443" 442 87.4548242660307 35.2381913733574 15.2080618845885 1.10643713474394
"444" 443 85.7599160808762 51.3071898363258 16.1581380535935 0.386317025831619
"445" 444 97.8598200806002 59.1369457729983 14.4122432268677 -1.10155616491651
"446" 445 102.842075698145 51.5655536172781 9.06360028985492 -1.56312047659427
"447" 446 99.5139796301999 36.4287493166409 15.4983569410845 -0.798428565996964
"448" 447 92.0961299640098 24.418517597189 14.1163082859905 -0.336855966335525
"449" 448 80.4553156974417 12.1790741179645 16.8911969223578 -0.207055273950929
"450" 449 72.6534804119232 4.82940870744454 10.7184987507092 -0.0548970907777166
"451" 450 60.4930023817757 2.45222235431143 12.3906513500793 -0.562513681631356
"452" 451 52.7855772664668 1.50409731254712 7.76552271279367 -0.0706505317687363
"453" 452 41.9494044383667 3.80287180996958 11.0773194298285 -0.331439496720731
"454" 453 32.4616248352219 13.7276893672994 13.7302572934426 -0.598867539987531
"455" 454 33.1801723020236 28.7664110546105 15.0558779368872 -0.810632368895589
"456" 455 43.4940456169954 38.1909125156262 13.9712995296062 -0.782682202029747
"457" 456 58.6877404667702 39.0791112155934 15.219634033665 -0.681978691702954
"458" 457 72.2221457521388 38.5676274005597 13.5440666759159 -0.09616532046315
"459" 458 84.0637888239493 33.6087552910781 12.8380264541849 -0.358804777630104
"460" 459 84.6687764574305 31.3618434242477 2.326934243585 -0.911202740676404
"461" 460 84.6693026417077 35.4002905558681 4.03844716589956 2.87844695290171
"462" 461 80.2624421414802 50.9315597008942 16.144371797122 0.276604803431575
"463" 462 87.6053968723611 65.1579326485879 16.0096430761787 -0.752959170750831
"464" 463 101.191025041167 67.6805870857619 13.8178536014262 -0.910717145968638
"465" 464 107.626130674701 77.344659600974 11.6105504647288 0.799744516475886
"466" 465 97.8859090294253 90.1434390679595 16.0835528893221 1.23797864939984
"467" 466 83.8652735528312 100.670406143935 17.5326910366376 0.276249559963911
"468" 467 66.7626145233483 106.020815511384 17.9200397956601 0.340830098809997
"469" 468 52.2473883314044 116.457751229161 17.877959016071 -0.320191009685755
"470" 469 47.2188544281751 119.825254598116 6.05196101737643 0.0333011778150198
"471" 470 47.0396010953538 119.874537274239 0.185904651618498 0.321781119040097
"472" 471 47.0927565283085 119.741904352931 0.142888039622583 2.2202712332039
"473" 472 48.3275095362465 121.978499472396 2.55479406587419 2.25599208718096
"474" 473 50.9763842940062 122.484741077355 2.69681627940951 -0.877528073702264
"475" 474 49.1563168181817 119.130341601133 3.81636495406729 -2.2567721443769
"476" 475 46.8127152342529 120.755298846805 2.85183352151841 -1.67991407689165
"477" 476 42.6764405358906 119.457371467329 4.33513366145794 0.910315927999917
"478" 477 40.3653983327199 118.675166564294 2.43982798065128 0.0223002160131265
"479" 478 29.3650508738857 111.307500640068 13.2397184783542 0.263784532526549
"480" 479 21.6876060553876 108.291214501938 8.24870541407318 -0.215795465524268
"481" 480 13.5938380403842 95.0885741255185 15.4860838687433 0.646492334762638
"482" 481 5.49343549934838 83.4005211962252 14.2206576009966 -0.0560923648211609
"483" 482 3.95565442714789 69.7813935091998 13.7056707089262 0.493609033598517
"484" 483 1.60280170030162 54.0693552408771 15.8872295413475 -0.0362067745896052
"485" 484 0.667634188292838 45.3596325631219 8.7597835246609 0.0416831304317622
"486" 485 4.59135148763932 40.4029218684675 6.32175120956941 0.77655686910962
"487" 486 18.2879762177579 31.1865683893923 16.5087461804026 0.308899920454251
"488" 487 33.726370373405 23.7405438066031 17.1402245082327 0.142908106078257
"489" 488 50.90479297946 16.0347783292196 18.8275602462097 0.0277261231132751
"490" 489 58.8722226407704 6.42729105246284 12.4813359533734 -0.45678071573311
"491" 490 65.3084104151006 3.82385145656162 6.94279560378549 0.494066899801031
"492" 491 78.9405739144157 6.51042721404515 13.8943719171742 0.57896257130974
"493" 492 92.4398214090929 13.2278408592953 15.0782402489131 0.267154240155725
"494" 493 94.936821315303 15.6458514465307 3.4758860354729 0.307591574541972
"495" 494 97.1226069758725 30.7182382010041 15.2300525747739 0.657452578996039
"496" 495 103.256854908916 46.5671674015188 16.994633108925 -0.225273343308815
"497" 496 109.170341305807 51.6085101644637 7.77074373658737 -0.495554727864674
"498" 497 102.480825075058 64.9223358266319 14.8999188307875 1.33044806954617
"499" 498 93.0606537957651 80.2832109130684 18.019326023809 0.0845058873708697
"500" 499 91.4039372347658 94.4594996394253 14.2727667891171 -0.433773035910634
"501" 500 80.9023304523506 104.263138499861 14.3664567628315 0.703420797558531
"502" 501 66.8222671814232 115.216397205656 17.8387796104271 0.089901897407086
"503" 502 59.2279646276556 121.874067658279 10.0994062763062 -0.058637044229294
"504" 503 50.8011580383629 113.693047999756 11.7447925459111 1.49037284443825
"505" 504 38.1707967417305 104.200155674898 15.8000326320808 -0.12607986997105
"506" 505 26.4959395449643 106.872469423924 11.976792197334 -0.869538343269299
"507" 506 25.2785850134482 106.184054854677 1.39852303325848 0.739684266303836
"508" 507 24.6522995121928 93.3240500328119 12.875245921825 1.00746868658476
"509" 508 21.9943783202889 78.640638231265 14.9220349549309 -0.130414326884982
"510" 509 13.5214622179985 65.6805652851601 15.4839852119798 -0.399945283792651
"511" 510 16.0916079069618 48.2461407899001 17.6228489848668 0.725385101910493
"512" 511 26.1462736535566 35.8260125461033 15.9798588500683 0.534170975966413
"513" 512 39.565484363844 27.2542636919551 15.9232564039421 0.321823688131338
"514" 513 49.106995876348 15.2219568591863 15.3563293029663 -0.33190579719804
"515" 514 48.9978801607073 6.73362628559558 8.48903187448098 -0.68330663349978
"516" 515 63.4636867487779 5.62408914409694 14.5082953137793 1.50709961517415
"517" 516 74.7336794658048 5.83279520614688 11.2719250379949 0.0950674178640597
"518" 517 74.9899276397763 6.84226489953415 1.04148556808584 1.3036861182382
"519" 518 75.5055908705166 6.81515772163519 0.516375218839113 -1.37472199958095
"520" 519 75.316987519928 6.05382133876342 0.784349610656823 -1.76111501461378
"521" 520 73.1551570154832 3.3538564343149 3.45880349473653 -0.432322594528049
"522" 521 65.1016225199914 0.3549959053861 8.59375251808222 -0.539176580568342
"523" 522 57.2775330309403 0.157136291689348 7.82659087722181 -0.33117607824502
"524" 523 52.7829101428075 2.18562026555646 4.93116437961287 -0.449228821859264
"525" 524 49.4234462224415 10.7373086326088 9.18789267239335 -0.772529976819721
"526" 525 51.8041360099207 16.1112286884339 5.87764413950076 -0.791344873695963
"527" 526 52.9380504038792 17.0011808453173 1.4414495115569 -0.488337783621258
"528" 527 54.4533664574092 17.7732992312506 1.70069090195189 -0.194181652129991
"529" 528 56.6000500940661 17.9949699765196 2.15809836550583 -0.368355417777629
"530" 529 63.8711793066679 16.354721802892 7.45384022483974 -0.324767194606658
"531" 530 74.5909031304428 16.877896106904 10.7324829471277 0.27063607558015
"532" 531 80.6046098225749 17.7708478874788 6.07964070167195 0.098642885006246
"533" 532 85.6389033836093 30.7885828907086 13.9572753885917 1.05437634649592
"534" 533 85.4788700096542 45.4273080097688 14.6395998508218 0.379942717029875
"535" 534 75.4828993931824 55.0670580078937 13.8868358020003 0.792605874581978
"536" 535 62.2082291706582 51.7293644341561 13.687843800575 1.01358584990838
"537" 536 57.6850757556264 38.4455094149683 14.0328087347727 0.996282490728903
"538" 537 62.4200118025038 24.2789207563997 14.9369291887289 0.650746374583752
"539" 538 57.1164926975027 11.7113544540405 13.6407858153886 -0.721886986654992
"540" 539 54.1579243513502 9.72965251212973 3.56093656857693 -0.581288001558492
"541" 540 55.112634505188 12.4752200289731 2.90682171234944 -2.49562651535377
"542" 541 62.5758610159376 7.68461173818046 8.86846535464657 -1.80680360693416
"543" 542 71.1439014435563 7.51672052722325 8.56968518838506 0.551063889819515
"544" 543 71.6603342918484 7.27962538008993 0.56825786012098 -0.410804443132898
"545" 544 78.5291708837215 13.9661998225129 9.58598945857539 1.20235025113824
"546" 545 89.2073809460857 21.8169002745386 13.2535907482996 -0.137986745798045
"547" 546 101.325382445034 27.759688897095 13.4967661660449 -0.178020330650235
"548" 547 106.269535179695 27.6002134344469 4.9467240358493 -0.488190373443681
"549" 548 112.83509588861 35.2165529598629 10.0556061572071 0.891600161418995
"550" 549 116.973664635802 48.5068062771363 13.9197192684526 0.409559040678599
"551" 550 119.528934737911 59.8427405910545 11.6203619592592 0.0801735422013679
"552" 551 119.793934202135 69.6450449568909 9.80588576297595 0.194679948983744
"553" 552 111.875492960159 78.9719237814072 12.2348837472955 0.730936132978438
"554" 553 105.166259510381 89.8546792489239 12.7846853715442 -0.151443739714154
"555" 554 97.235546519554 101.887169726012 14.411003976965 0.0302869682779285
"556" 555 83.0586630247595 107.677258785916 15.3136918130996 0.60030296651521
"557" 556 66.9964373704932 110.829121128291 16.3685469481518 0.193975565023549
"558" 557 59.7457993678323 118.700763830708 10.7020797175197 -0.63267439247563
"559" 558 65.832703896609 123.011794298038 7.45891348875237 -1.69891271344454
"560" 559 76.0594454830753 121.502378328777 10.3375325897729 -0.76277634024568
"561" 560 84.8524159329458 119.298526504514 9.06494854897719 -0.0990419203868817
"562" 561 89.5298664114082 116.855051362018 5.27722595218973 -0.235823439421793
"563" 562 96.6109635999101 104.714083013652 14.0550720321537 -0.561389184026144
"564" 563 106.124216758579 93.7505579626506 14.5155388189643 0.186686298775693
"565" 564 110.316923477594 90.4385450680904 5.34305334480278 0.187524829262823
"566" 565 103.594699259832 80.7159666409313 11.8201873803307 -1.50714899676807
"567" 566 89.3463666205325 80.8303006260583 14.2487913613847 -0.973887397401615
"568" 567 82.16306835823 88.7694091891792 10.706503570364 -0.827311903926121
"569" 568 75.2745148503384 89.3594193728771 6.91377476115284 0.749893828167604
"570" 569 68.5804986704349 75.2723154125332 15.5966775502459 1.21263727129173
"571" 570 57.05802790333 66.7566427597207 14.3277358053757 -0.490739320416429
"572" 571 51.3064305316168 52.7474170080772 15.1439518781198 0.544765962215407
"573" 572 55.1861811058451 37.7727105669229 15.4691401673452 0.643087298377496
"574" 573 47.5517693234794 22.4007106490441 17.1634094730036 -0.714471824544358
"575" 574 34.6077723432544 14.835441762078 14.9926765841251 -0.580921273518115
"576" 575 26.9599781155597 13.2661145165041 7.80714701750011 -0.326525326406473
"577" 576 23.3219916401635 14.2982879798172 3.78157740282194 -0.478846425175619
"578" 577 32.812097160076 17.046998133496 9.88015740198568 -2.58321180784244
"579" 578 48.5501733296385 11.9955078611993 16.5289018234744 -0.592509824763226
"580" 579 66.3859803722307 9.21688366210121 18.0509491523409 0.156038109596825
"581" 580 77.2696642803273 9.38645176024981 10.88500476579 0.170125554989013
"582" 581 93.4643967707732 20.3395868488546 19.5509725769929 0.579090458445597
"583" 582 98.8340505292379 20.552866582236 5.37388776682821 -0.554970636356284
"584" 583 106.062740379303 32.1305560117873 13.6490603880111 0.972956064646082
"585" 584 100.876736957028 43.8502592837641 12.8158525381275 0.974743597487217
"586" 585 90.2516223657181 49.8941946450163 12.2238379705173 0.637005746566859
"587" 586 75.5429096418564 53.3951980153815 15.1196314304416 0.283514388967784
"588" 587 71.7889064975865 68.0779581129746 15.155064621791 -1.08681013184216
"589" 588 81.5370809434318 81.6243253103174 16.68924711519 -0.874081642187335
"590" 589 94.9076854812622 87.7939911489445 14.7254148419449 -0.514704076016078
"591" 590 108.980605817878 81.3185369619858 15.4912424849702 -0.863573339379246
"592" 591 116.183096280105 67.8480214484292 15.2751647146415 -0.648535998674432
"593" 592 109.815734282901 54.6385134301167 14.6640513122839 -0.940177010214814
"594" 593 96.5094031376094 47.9062256494695 14.9124829357692 -0.65323559045009
"595" 594 80.9966190854411 43.5925094108167 16.1013855564304 -0.19717056256475
"596" 595 73.4516256995569 28.5159358430298 16.8591220334253 0.835570222944741
"597" 596 63.8867047538553 14.0394467018637 17.3509783744843 -0.11987168223996
"598" 597 63.0685714225524 7.67405054410604 6.41775742709129 0.456047638906633
"599" 598 58.7793258517769 9.08242837616851 4.51454933346198 -1.7602285906092
"600" 599 62.0430179031123 20.6707549985892 12.0391444759939 -1.5280618927825
"601" 600 77.226819532591 23.7292901459713 15.4887852709994 -1.09749693511707
