"time" "x" "y" "speed" "angle"
"1" 0 85.4812401952876 124.403531545998 NA NA
"2" 1 90.1667027086933 122.163813551338 5.19325482333893 NA
"3" 2 98.5192647884229 115.894116651859 10.4438686561578 -0.198000355097406
"4" 3 103.365287641487 112.187039667473 6.10134061174957 -0.00911000695997932
"5" 4 106.818902269577 104.862187548573 8.09820428015417 -0.477198276655817
"6" 5 107.101496317909 87.2026494691671 17.6617990186206 -0.424581862696668
"7" 6 109.284695856302 69.6226025112944 17.7150899310573 0.107552671039006
"8" 7 119.354021019284 53.5868644668673 18.9350522541488 0.437150042371851
"9" 8 115.228940063677 35.9304507992076 18.1318845268173 -0.790217657632135
"10" 9 100.123396432951 22.7786243202932 20.0286791404532 -0.624914434985076
"11" 10 90.7200519564796 9.01209252796112 16.6715411684847 0.255163391415111
"12" 11 100.956000945057 11.6543317692791 10.5714748216662 2.42268009297892
"13" 12 113.191609645507 22.7464112041554 16.5149734017386 0.483798355737503
"14" 13 120.899255627377 33.972614041555 13.6174680733339 0.232719299047299
"15" 14 125.394991312074 48.3337887748834 15.0484211486736 0.298275961963255
"16" 15 124.473816309398 65.0749056748946 16.766441436554 0.358353222430321
"17" 16 126.81078872746 79.9115494602114 15.0195685322567 -0.211199211070642
"18" 17 122.016998179154 91.2110678857716 12.2743449711421 0.557462897896688
"19" 18 116.639177094796 99.8755405786305 10.197747136533 0.154250155349589
"20" 19 109.477659758315 106.594344768917 9.81986050349622 0.261799261664007
"21" 20 99.3337043339066 108.725100394163 10.3653244612461 0.546472189988096
"22" 21 88.1349231077427 97.6672828136889 15.7381075925451 0.986106443075891
"23" 22 84.5676578321755 80.2644618083028 17.7646716967068 0.589550310170969
"24" 23 97.3626193699523 67.4393604555464 18.1161327402308 0.986403084290578
"25" 24 112.322218993065 70.8775055022596 15.3496078857429 1.01248024757313
"26" 25 126.258775949472 75.0526223462657 14.5485126545734 0.0651659635315716
"27" 26 125.093068535841 84.0347245537955 9.057429759082 1.40878446287278
"28" 27 122.860042127374 89.6636253531261 6.05565282604752 0.248604910790499
"29" 28 124.503036929012 85.5909020862941 4.39164055068321 -3.13581106559004
"30" 29 126.942396669652 77.8060070863803 8.15812883594864 -0.079791550902952
"31" 30 127.433266878772 66.019790161514 11.7964343325518 -0.262030955273456
"32" 31 126.55040089526 53.2747937111928 12.7755386134418 -0.110784854710977
"33" 32 116.176507789786 42.3734103228172 15.0485154731003 -0.691448568962809
"34" 33 101.461242235035 28.277600679529 20.3772149678669 -0.0462858075822669
"35" 34 87.4142804471387 15.008768051309 19.323018780365 -0.00698141172793944
"36" 35 70.5250048731544 11.7541147553853 17.2000115549569 -0.566547737215284
"37" 36 54.3813449883533 21.1724177163048 18.690162790618 -0.718500138638602
"38" 37 49.5340172243713 39.4112430670616 18.8719722505858 -0.782903077389138
"39" 38 46.6656655142044 57.67250275825 18.4851574795088 -0.103964746430243
"40" 39 37.5394683419563 69.0365835340281 14.5749719281088 0.520812416658392
"41" 40 21.7465613897037 66.0781677810919 16.0676113274416 1.07936330343591
"42" 41 17.9299478686076 50.6502854284511 15.8929573288403 1.14310168731056
"43" 42 31.2679156666762 40.613823275942 16.6922723893741 1.16822947644894
"44" 43 49.6260802891969 39.6309664514508 18.3844558212915 0.591595228570108
"45" 44 69.6723956734467 42.1564572206621 20.2047733001433 0.178809343379177
"46" 45 88.6445592607091 38.319415013617 19.3562879726587 -0.324876687470448
"47" 46 106.969554553448 39.3625270924878 18.3546597704236 0.256415688260474
"48" 47 116.995846178793 47.64467531921 13.0046339051066 0.633558792666687
"49" 48 118.137455040729 64.6481070052955 17.0417123522558 0.813336686978694
"50" 49 123.263940239965 79.8633652917358 16.0556823343351 -0.257945241995466
"51" 50 123.654036227619 87.6728057530081 7.81917739904528 0.275074175325701
"52" 51 118.214736103535 94.8040942879247 8.96890528482145 0.701513662938938
"53" 52 109.237688150961 94.5314055503482 8.98118862347399 0.949559905341031
"54" 53 101.241374473995 80.6943237551946 15.9814224969555 1.01642583623466
"55" 54 93.0244410941115 63.7374720328061 18.8428451807182 0.0727687790576939
"56" 55 86.7671864304355 46.9992363482509 17.8695766530104 0.0934903108935953
"57" 56 82.98195449568 28.8877476206471 18.5028107251307 0.151713945610868
"58" 57 96.6553611078562 20.3473664889561 16.1214192382819 1.21851678808588
"59" 58 111.534636391889 27.0157679334444 16.3052264873227 0.9796387447275
"60" 59 119.340155489404 42.6060134921043 17.4350762820522 0.685286753798075
"61" 60 124.946167960702 58.4609241962933 16.816823994624 0.124318524544578
"62" 61 124.82239303745 68.9940327505193 10.533835770826 0.351612914016965
"63" 62 110.727335746 70.0839749731076 14.1371359934688 1.48187143898796
"64" 63 99.2162579130136 56.6589922403952 17.6843171836149 0.939174869417637
"65" 64 87.9484575496412 42.5245999043326 18.0760718005478 0.0357704950329808
"66" 65 79.1367439917297 29.8762982231615 15.4151169714861 0.0645366596006493
"67" 66 89.7609664023278 19.0984056565347 15.1339707283847 1.38670684476428
"68" 67 102.236877947009 26.5386454241675 14.5260296251446 1.33032312754442
"69" 68 110.047205504686 42.5127666426846 17.7812756927643 0.5782938471266
"70" 69 118.144892013173 54.8393476216625 14.7484617984735 -0.126473165844667
"71" 70 103.922200764165 66.349903692952 18.2969354656704 1.47163540942548
"72" 71 89.7002801486317 60.7873637715461 15.2710469965808 1.05322325828708
"73" 72 80.9510898949711 45.9585299526558 17.2175097654398 0.664921653371091
"74" 73 82.7134140366052 29.2386299725703 16.8125203858389 0.638058069976104
"75" 74 96.8039973965538 25.6650227588801 14.5366849020469 1.21740158001573
"76" 75 100.753417491781 40.8462005276825 15.6864934748516 1.56466521325288
"77" 76 100.314275943567 57.9127468988699 17.0721952407784 0.280236274554513
"78" 77 97.0150080810302 74.9996539637478 17.4025159523715 0.165014704033098
"79" 78 93.1547532474704 92.2448320700261 17.6719476939381 0.0294751046776283
"80" 79 84.7034972166422 105.550150640708 15.7624627125945 0.34567016303338
"81" 80 68.6407273074182 108.229390687341 16.2846831220062 0.839634311339675
"82" 81 54.2970205521803 116.513271895471 16.5639551843955 -0.358454896095194
"83" 82 48.3668945730037 108.117541460722 10.2788464168828 1.47956855443264
"84" 83 57.1340545753681 94.0533841589294 16.5729784624439 1.17238487567995
"85" 84 71.2123432299058 87.2717578592852 15.6265372590511 0.564463375038352
"86" 85 87.1784658319918 81.5102171747455 16.9738746903719 0.102590315150432
"87" 86 102.833794967278 76.6315933293703 16.3978748915461 0.044227643784069
"88" 87 116.73043659146 68.5531656249412 16.0741296065022 -0.224483302398428
"89" 88 125.212960377781 60.9255534450334 11.4076148844789 -0.205808524910675
"90" 89 126.256782527614 57.5332035957375 3.54931009923063 -0.539910216393572
"91" 90 121.830923759243 53.8816759990887 5.73775911194088 -1.17947509462823
"92" 91 111.11200904165 46.3530603860676 13.0986711452589 -0.0775131244101438
"93" 92 108.208053288228 32.1387213241583 14.5079424449079 0.756958851778478
"94" 93 101.05394687773 30.4387798467066 7.35330126946328 -1.1359807653378
"95" 94 85.4478500485257 34.8214749854349 16.2098203235423 -0.507071375526855
"96" 95 70.7310482039014 43.7992222140026 17.2390313484834 -0.273984407947656
"97" 96 59.5591635507737 57.3475427210068 17.5604098831234 -0.333472310251821
"98" 97 53.7536035332995 73.4208130786835 17.0896034801122 -0.342947630615589
"99" 98 64.2633990525239 84.446058335477 15.2319347040472 -1.10807904167056
"100" 99 79.8521725668665 90.3973756112615 16.6861630400317 -0.444636720322286
"101" 100 95.2194090231843 92.3189325000706 15.4869085740606 -0.240295479386046
"102" 101 101.353307859403 99.9661640472586 9.80330889390299 0.770375087374748
"103" 102 85.4642748798674 106.105268265565 17.0337890566957 1.87811612964609
"104" 103 68.2700838037333 106.368658360556 17.1962083351171 0.353387292709596
"105" 104 55.5195346526747 98.5162261818161 14.974551571759 0.567310187839112
"106" 105 63.605269889453 86.0131887908448 14.8897635414167 1.5928565358042
"107" 106 80.5128393611327 84.144140691504 17.0105627842622 0.886645255242452
"108" 107 98.571128765694 80.8981987630199 18.3476961829539 -0.0677508364271734
"109" 108 114.487837213915 85.3496954859906 16.527475030999 0.450555661814221
"110" 109 120.706617918467 90.2140250662634 7.89524766659192 0.391085788043799
"111" 110 118.737395539393 96.222941810987 6.32336280971349 1.22369083881304
"112" 111 113.143963546868 103.366655949479 9.0729892068429 0.347593345665426
"113" 112 106.564389314413 108.238219013776 8.18675294422637 0.269182593409082
"114" 113 105.800574407239 110.930416540194 2.79845327523477 -0.657013406518667
"115" 114 100.325153343832 108.171687575355 6.13113540243836 1.76106053823033
"116" 115 87.7907058759309 104.710246881413 13.0036127673525 -0.19727486891594
"117" 116 75.5760611380016 96.8086162875662 14.5476222151748 0.304752565611522
"118" 117 71.4887121157475 80.8343870717238 16.4888574822513 0.746107744558532
"119" 118 62.9846582756154 66.7146225545788 16.4829209103087 -0.291597348177941
"120" 119 48.8744434923788 59.5096606029905 15.8432836859316 -0.55659423660328
"121" 120 33.565865947926 52.5628209313699 16.8110418433161 -0.0461086312679672
"122" 121 20.2824972246455 43.6172941506237 16.0146911935158 0.166676822306153
"123" 122 10.6423029995356 36.88507572256 11.7582358226481 0.0169410524820043
"124" 123 15.923222214175 28.6262094285384 9.80290672270598 1.53008400554806
"125" 124 31.7340649710329 32.1877806555532 16.2070212650933 1.22345485797887
"126" 125 48.2600341944719 36.3803718072444 17.0495008530834 0.0268921356964238
"127" 126 64.642483710837 38.0842271314227 16.4708158608486 -0.14482296157161
"128" 127 79.0666287337711 33.6866788376201 15.0796018063794 -0.399554755125758
"129" 128 88.6175285139095 44.353459227793 14.3178172394547 1.13645795597742
"130" 129 95.1715153906075 59.2191004222593 16.2462928726077 0.315015604798258
"131" 130 104.965486124508 70.8378466551872 15.195957579622 -0.285139128594719
"132" 131 110.139024717289 74.6277259353936 6.41316509451686 -0.238172300301663
"133" 132 99.4877817137511 84.5395305980626 14.5496683533101 1.7598988695446
"134" 133 87.6024072183575 96.8940700623122 17.1434177534542 -0.0552967246025844
"135" 134 74.839321504101 106.521802657651 15.9871696018029 0.15847655457612
"136" 135 71.7143471393836 120.027346513706 13.8623655855685 -0.697139085918407
"137" 136 64.6751906517003 113.974799238426 9.28348278274862 2.05359227770351
"138" 137 59.4552012895253 99.4645113389083 15.4206596443896 0.515288431938756
"139" 138 67.4257143729 86.3413748209435 15.3540154644115 0.891145150643924
"140" 139 84.5136536207416 89.6816921006505 17.4113579960621 1.21802391830569
"141" 140 98.7905205930072 96.6638851565192 15.8927640897734 0.261810669547247
"142" 141 109.331796372671 96.2615205820002 10.5489521903244 -0.493006322260442
"143" 142 108.797811393383 83.1948731886423 13.0775538255612 -1.57348799241764
"144" 143 98.3346726725739 70.0289160622105 16.8172440948553 -0.630664442175176
"145" 144 83.1121199260148 64.491074411663 16.1985740813293 -0.550379970186041
"146" 145 71.7920016103948 55.6513006896308 14.3626835283789 0.314071374787064
"147" 146 77.7005193493252 41.3125137175696 15.508429762597 1.29868067236194
"148" 147 87.5947313307202 28.4468776836753 16.2302193851291 0.264712795313085
"149" 148 86.7365511186773 13.6243739840234 14.8473259950246 -0.713409452920459
"150" 149 87.2238724765626 9.66749277092423 3.98677702416735 0.180373423006386
"151" 150 95.3538150399656 16.8347917091593 10.838179743585 2.17080726271671
"152" 151 94.8536884644229 31.7452167055117 14.9188102797581 0.881774024759908
"153" 152 90.8898385447845 48.0644797718557 16.793762330519 0.204749991737337
"154" 153 84.4816560512596 62.3037126575021 15.614754434252 0.184605249242081
"155" 154 83.3097375553166 77.4060119894437 15.1477007520183 -0.34544125859224
"156" 155 94.7911411794682 89.0093466905725 16.3236027079533 -0.857559806880786
"157" 156 107.412093164603 97.1208875820559 15.0028505506547 -0.219450638167957
"158" 157 98.1029887324634 94.9615577809923 9.55626132534258 2.79829137493674
"159" 158 87.3593997182646 84.0008542603649 15.3480202818835 0.567473039077584
"160" 159 89.3979692494412 68.1907133393539 15.9410263683261 0.903628298188012
"161" 160 100.527432730997 57.8073620653232 15.2210032871423 0.691833389901236
"162" 161 113.343619951349 50.35776480163 14.8240060124897 0.224200212650881
"163" 162 109.247218286424 42.3507307746059 8.99405917872025 -1.51715149024272
"164" 163 94.1727816100147 40.6974580314898 15.1648261405858 -0.988674192636726
"165" 164 78.7388429392195 37.2061366130013 15.823899271073 0.113229119001845
"166" 165 63.4993110124822 31.5362014372385 16.2601198717413 0.13371927973063
"167" 166 48.9928100829403 26.1223877145571 15.4837963123613 0.00100515884108198
"168" 167 41.652492444146 34.5741224547713 11.1942879700916 -1.21285146965157
"169" 168 54.6447878603352 42.1328199663713 15.0310893901074 -1.75901509243706
"170" 169 70.2446669040496 44.3376709250486 15.7549228474309 -0.386509313946307
"171" 170 75.3266816503512 59.4140438732009 15.9098678546808 1.10526566419899
"172" 171 80.5814475140117 76.353501998127 17.7357775653626 0.0243269971679801
"173" 172 79.6584296153472 91.9240871527529 15.597919223368 0.360006282826323
"174" 173 72.2536318482268 106.943521181534 16.7455793723852 0.398833257575783
"175" 174 62.8978532043654 118.814103847922 15.1142755986678 0.209428798667099
"176" 175 54.9156069515465 125.816859565343 10.6186083305918 0.183197680787102
"177" 176 48.7784406049277 124.67142503699 6.24314272020217 0.904642343898459
"178" 177 43.5216212346472 123.815834314334 5.32599149233747 -0.0231725517599546
"179" 178 40.7326122459432 118.98250531254 5.58029034895611 0.886089139743556
"180" 179 46.6526258969768 111.288843812917 9.70767680236651 1.17920730172189
"181" 180 59.1184216920922 117.552819883776 13.9511096699084 1.38059279160964
"182" 181 75.4667743840896 119.986838083667 16.5285534859931 -0.317841151361258
"183" 182 91.2094035530423 118.81012554084 15.7865457133474 -0.222407075631725
"184" 183 98.3644448120239 115.779863395112 7.7702705287241 -0.326003409349785
"185" 184 104.047123551754 111.504750041105 7.11121873159504 -0.24436376435017
"186" 185 106.989191409843 109.163943623522 3.75967258763292 -0.0270971679095184
"187" 186 110.704892299362 102.668132939941 7.48344770391914 -0.379135788715646
"188" 187 113.789072793216 98.6663387129998 5.05237828685189 0.137029606668764
"189" 188 113.718405828146 90.2718071723638 8.39482898019284 -0.665035671567418
"190" 189 120.70654265332 78.9161825752334 13.3335766498834 0.560076839909544
"191" 190 126.74749192906 74.0067406318827 7.78432324272278 0.336704230380095
"192" 191 127.469519415326 62.6680015238417 11.3617044606495 -0.824770980366328
"193" 192 126.154208063797 50.0388079496955 12.6975026790593 -0.167366426403766
"194" 193 123.0584401347 39.9102184914636 10.5911332483464 -0.192854634630809
"195" 194 116.183702224125 27.8647743562553 13.8692013379838 -0.221992957614507
"196" 195 105.216497490368 16.4896514078841 15.8010443250658 -0.248520605789065
"197" 196 93.6590563087216 8.23057687824305 14.2051666218099 -0.183188936180107
"198" 197 83.6442723290211 4.76827012282478 10.5963893014876 -0.287608404627759
"199" 198 70.7789620538136 1.03918287373855 13.3948609619009 -0.0507318573130454
"200" 199 55.5848695424222 2.37791360600707 15.252955360134 -0.370006269013057
"201" 200 46.6333214502068 3.95341279271986 9.0891369741345 -0.0863369917247155
"202" 201 35.3344708246429 8.56293656572685 12.2029395996506 -0.213134263162043
"203" 202 30.1945716561888 14.6042424404147 7.93195689180254 -0.478489271935451
"204" 203 28.7213028972209 27.550197797479 13.0295157601214 -0.591640128983992
"205" 204 37.8440282660551 36.6855947841177 12.9104452385912 -0.898018117898857
"206" 205 52.7903862974699 38.1931067884846 15.0221906141065 -0.685570645503116
"207" 206 67.3974927044328 43.9068102481409 15.6848323168985 0.272340261945385
"208" 207 83.2418844628035 50.0937304772112 17.0094894724563 -0.000589052492333928
"209" 208 100.624977868068 51.4754940985827 17.4379243902904 -0.292950601171042
"210" 209 110.137912731403 64.1801574052495 15.8714964464548 0.848757496647151
"211" 210 124.438622188236 68.3829233652716 14.905486663758 -0.642242218776236
"212" 211 126.527487933933 77.3743980446737 9.23092503565483 1.05669174106407
"213" 212 123.075194468238 88.1681544210917 11.3324095799061 0.537826504071458
"214" 213 118.02255319809 96.1693759504545 9.46301906194527 0.253688848518898
"215" 214 113.793394906936 101.993771059955 7.19787178568871 0.0647879418532395
"216" 215 107.658383921066 108.995931915586 9.30959808181191 0.0914502908746591
"217" 216 102.79645195094 113.341515845949 6.52092648156374 0.121932030989497
"218" 217 95.378152327519 115.581607667921 7.74914064098203 0.436116210081981
"219" 218 86.4180283183579 113.512430733383 9.19594016106939 0.520214780984307
"220" 219 72.2294104953764 110.066671739015 14.6010318393563 0.0112884257490412
"221" 220 65.1785530709727 98.0183225824585 13.9598462676913 0.803078604505676
"222" 221 77.3808218598777 93.4446916754359 13.0312494899897 1.74166133272904
"223" 222 90.6912087535621 104.804985136637 17.4992190335507 1.06512836178084
"224" 223 103.441572646038 110.884862684443 14.1257456577293 -0.261569037473811
"225" 224 105.954938120194 109.721471059944 2.76956423984566 -0.878462963796386
"226" 225 111.502358329271 104.444591880897 7.65632580591618 -0.326894700369318
"227" 226 117.97161144429 97.064001249783 9.81449713078916 -0.0906952200521533
"228" 227 119.262849854846 87.4652690646937 9.68519262554768 -0.585972576805086
"229" 228 116.713966109587 72.5515399615704 15.1299743591385 -0.302992074782579
"230" 229 125.990045957079 62.6461036503151 13.5706789017121 0.921872410652074
"231" 230 125.647277396937 54.5022800663584 8.15103385175351 -0.794663921999262
"232" 231 118.830134198169 45.7270131079247 11.112099332902 -0.618405747026617
"233" 232 104.296437312914 42.1619634802664 14.9645555897979 -0.669780050489875
"234" 233 98.7303692001963 30.8119015332129 12.641401047248 0.874312363139734
"235" 234 93.3382083941023 21.7802769084102 10.5188232004402 -0.0822956318132828
"236" 235 77.8685721571741 24.8081757279569 15.763179138876 -1.22585081448509
"237" 236 65.2109028317906 20.7015927541425 13.3071641032782 0.507008336517704
"238" 237 65.14209065089 9.25262440450448 11.4491751400375 1.25106583906978
"239" 238 64.8993649420665 18.5902687989294 9.34079860646072 -3.109593920238
"240" 239 69.4032868579516 33.506957442874 15.5818135249007 -0.319222709684619
"241" 240 81.8252214813517 38.9008882704401 13.5424868307336 -0.867902695860462
"242" 241 93.6650718981582 50.3760823908926 16.4882424167776 0.36009966454826
"243" 242 93.8959652752424 66.8499077855284 16.4754433896186 0.787022420139378
"244" 243 97.4767486809911 84.6319888872711 18.1390302416596 -0.184697975594019
"245" 244 108.480626611453 97.3342546884113 16.8057396740318 -0.515164170478129
"246" 245 104.712878225723 109.241878587131 12.4894929765594 1.02032438740502
"247" 246 99.5403730891082 113.552978579782 6.73352749567025 0.569533191787632
"248" 247 86.4329507551432 111.124150402036 13.3305561233557 0.878039253888079
"249" 248 83.9031111237147 109.481245761863 3.01649203835308 0.392737252845524
"250" 249 80.9042982361327 102.680193117013 7.43284574121865 0.579546758809991
"251" 250 74.4594439630455 107.595356623434 8.10524391342886 -1.80705513886223
"252" 251 72.1170819300455 122.376435612965 14.9655255834341 -0.762085314827243
"253" 252 72.4663148193353 127.74782343871 5.38272893479889 -0.222089262428945
"254" 253 63.5027366812176 128.560557928747 9.00034834822721 1.54529868832394
"255" 254 53.6735172889444 126.822565020196 9.98169190125671 0.265433594424318
"256" 255 45.658799369689 124.685130552468 8.29483751673686 0.0856128504251372
"257" 256 41.1310439490607 118.673147140828 7.5262549578697 0.664677360157106
"258" 257 33.3496841450599 110.143455691278 11.5457869642503 -0.0940554690552528
"259" 258 21.2460568463109 103.809128958306 13.660947585986 -0.349099100750329
"260" 259 18.0842981486229 90.1848715335231 13.9863186163897 0.860618688687703
"261" 260 28.5562985111984 80.8432951835751 14.0330980291484 1.07042129464628
"262" 261 42.9974308118269 81.2129204408816 14.4458618626614 0.753996667924135
"263" 262 58.8629261851211 81.1063598688063 15.8658532262069 -0.0323061200831081
"264" 263 74.3447497222879 80.0240946886522 15.5196055992459 -0.0630756008506276
"265" 264 88.6307774429557 84.8915579305557 15.092474497145 0.398171232440469
"266" 265 97.6539137638694 95.3323426219144 13.7995280367519 0.529725219632244
"267" 266 104.678935118459 95.448794030159 7.0259864761412 -0.841529309521262
"268" 267 91.9867567078104 92.0477971850375 13.1399456752399 -2.89635827385779
"269" 268 76.4817428034294 97.0565401682063 16.2939547822648 -0.574267842418474
"270" 269 71.5268155939732 104.934777901337 9.30687559983114 -0.696911508371792
"271" 270 64.3874107790871 116.593625449706 13.6711311626703 -0.0119687406233852
"272" 271 56.3127228868157 125.879722807961 12.3057786712007 0.166274830577415
"273" 272 48.7483223998489 125.126025960947 7.60185593552144 0.954373320562941
"274" 273 41.4172325824475 122.796908185026 7.69218223425044 0.208309396798987
"275" 274 37.1147030673271 120.839471981819 4.72687176873959 0.119343812391885
"276" 275 35.4468199659501 116.286314620089 4.84902835633451 0.792700069831345
"277" 276 36.6561892012221 109.045514575389 7.3411006827688 0.516627358022882
"278" 277 30.8635427496683 99.7668979313742 10.9383490408418 -0.723590151885034
"279" 278 18.4743841668007 97.3124895569452 12.6299394638259 -0.817123083979006
"280" 279 10.6232468999408 96.090593754674 7.94565200186144 -0.0411826256246202
"281" 280 7.33612388095271 90.9616352470627 6.09191210661809 0.846454218947764
"282" 281 5.95060953966824 90.4381935807356 1.48109458440448 -0.639628945906951
"283" 282 4.68168302083463 86.6086273907759 4.03432171665595 0.889612256764962
"284" 283 3.5761985845263 83.3151883089264 3.47402314683904 -0.00388102026744043
"285" 284 3.75935640103862 79.2655718464955 4.05375631711384 0.369043091056604
"286" 285 11.9177369558283 75.070985611587 9.17353404958282 1.05069964542426
"287" 286 24.9055980778939 75.4221006119231 12.9926062924081 0.501926554651643
"288" 287 36.8867852410158 71.3975462480177 12.6390618190508 -0.351091799305983
"289" 288 39.2492211185647 68.8642145728234 3.46393889265859 -0.496226547822385
"290" 289 39.7574441575363 75.6875985116683 6.84228463557516 2.316741894598
"291" 290 51.3495236239837 83.8493043515089 14.1770853341764 -0.882994702497437
"292" 291 66.0867395643332 90.6523151006973 16.231650837979 -0.180980400503186
"293" 292 80.9623570870832 97.0237683951825 16.18268870636 -0.0278006423942739
"294" 293 95.1392689261309 105.417393066096 16.4753684149487 0.129887707063626
"295" 294 108.9632645054 102.708693462936 14.0868700326162 -0.728053503792505
"296" 295 117.09704277932 98.7548060610804 9.04386944818669 -0.25898116028528
"297" 296 122.69463475649 89.0731481321078 11.1833597901753 -0.594115362814592
"298" 297 126.981212882416 76.6575932616489 13.134715633429 -0.191764614869676
"299" 298 127.552309316118 63.6940579127984 12.9761088110992 -0.288419101655918
"300" 299 126.248004936472 50.1870604551798 13.5698264629611 -0.140292203329848
"301" 300 121.974723768227 38.0394848752853 12.8772871526626 -0.241993595301666
"302" 301 114.548008920794 24.7781800827276 15.199286109097 -0.172250175015102
"303" 302 104.716227778373 17.4063399293988 12.2885291096498 -0.416914766419373
"304" 303 93.6368263443683 7.66691416224975 14.7515948429186 0.0777519886170983
"305" 304 81.483560384115 2.85704532813078 13.0704518553139 -0.344270739239387
"306" 305 69.8380391163075 1.48745773887617 11.7257808167984 -0.259783815125725
"307" 306 57.3624631993466 2.00156401741557 12.4861643319911 -0.158254338628058
"308" 307 45.2654195650246 4.45865309480801 12.3440573323738 -0.159203077407499
"309" 308 34.9965041901856 9.04726310893703 11.2474870454413 -0.219838051965767
"310" 309 25.418350739919 14.7266499695494 11.1353697122885 -0.114994306678836
"311" 310 18.1421821181899 21.438660972694 9.89917782031261 -0.20986783005068
"312" 311 13.1695579142538 28.4237830011336 8.57431753702669 -0.207047365934595
"313" 312 24.9927699674838 32.5523544466295 12.52331607188 -1.85350145784895
"314" 313 33.5768661848341 46.4727081298642 16.3542946816753 0.682263475113548
"315" 314 40.149906802405 63.2913095924227 18.0574144914662 0.180010655114657
"316" 315 54.9979802611054 68.5556874407169 15.7536966952069 -0.857506863107688
"317" 316 58.2322171713558 67.9691248100947 3.28699621406357 -0.520132482718046
"318" 317 66.4575494148255 72.3691355145128 9.32824660450491 0.670613140248244
"319" 318 79.2765627360996 82.8842885245519 16.5799742266246 0.195781010954133
"320" 319 96.6699354300787 90.669553397251 19.0562263528156 -0.266127906914334
"321" 320 113.56862208757 96.5998741281622 17.9090567791708 -0.0833493821938766
"322" 321 119.23265361474 94.8195960562721 5.93722520661195 -0.642042099869233
"323" 322 124.311060419094 85.7173052727185 10.4231431525653 -0.757352482404811
"324" 323 127.42356117184 73.3673863017257 12.7360967146899 -0.262023654685566
"325" 324 127.06007368527 62.9607131294973 10.4130192387449 -0.281798695871088
"326" 325 127.118082228847 52.7891888951037 10.1716896453827 0.0406170861205138
"327" 326 127.55363519981 56.8198933082281 4.05416877503821 3.02824857705284
"328" 327 127.854040615968 65.8806881531506 9.0657733611552 0.0744988227778329
"329" 328 126.244818423837 80.3209989526435 14.529699654487 0.144123956186968
"330" 329 120.572314972356 93.8704577968178 14.6889458565626 0.285499609029349
"331" 330 114.017968643891 102.645262258295 10.9524722839474 0.245065415069607
"332" 331 106.712201364515 111.023482203339 11.1161506371552 0.0755789112920118
"333" 332 97.0183700505536 117.655419132327 11.7453374993492 0.253668601257972
"334" 333 87.2124860734439 124.803823839007 12.1348691967826 -0.0299173310939048
"335" 334 78.0330775046949 127.419039562787 9.5446788816559 0.352372556188558
"336" 335 66.3727258983755 128.28791644026 11.6926791887574 0.203168855023448
"337" 336 58.7818761707012 127.208993602504 7.66714249756474 0.215566984860468
"338" 337 51.5725714380639 125.843121448723 7.33755282560211 0.046051396455053
"339" 338 49.1659204188561 116.960949582477 9.20244240350274 1.11895612324161
"340" 339 51.853807810335 104.123445253151 13.1158780123457 0.470995981625625
"341" 340 65.8613336904091 101.047059333005 14.3413713295007 1.14820876885512
"342" 341 83.8921540481897 104.219804883691 18.3078343094959 0.39037070339457
"343" 342 101.375223134846 103.741331909618 17.4896152352106 -0.20154022982208
"344" 343 111.681465447971 97.1252485365255 12.2470890344013 -0.543333766646428
"345" 344 115.46265683982 98.9296552504438 4.18966489483677 1.01594131364977
"346" 345 119.111195516604 94.9913152836106 5.36864565512978 -1.26882388491795
"347" 346 123.833330872039 86.4487854920044 9.76080824294454 -0.242244348070563
"348" 347 127.117247465248 74.0037550906136 12.8710096683473 -0.246981609999686
"349" 348 127.584556399877 60.3783774505091 13.6333889211686 -0.223709555188476
"350" 349 125.907092673993 47.9347235880239 12.5562098581139 -0.168280488601689
"351" 350 121.132123536796 35.7422505223203 13.0941486824877 -0.239275324626638
"352" 351 113.573452653246 23.8594797059148 14.0831014979316 -0.193271668080342
"353" 352 102.637738032335 15.8775036331862 13.5388993753414 -0.373739962985019
"354" 353 90.6430839590903 9.08392718676814 13.7849340684001 -0.115177610963108
"355" 354 77.5115282377224 4.7511697983703 13.8278900143914 -0.196632276538835
"356" 355 65.668547818605 16.1779688617764 16.4568503074877 -1.08621752175176
"357" 356 59.75576603142 30.899744419301 15.8647932236444 -0.42136616457388
"358" 357 67.9320862828314 45.0791749479813 16.367909547994 -0.90497541978838
"359" 358 81.2422969566648 56.0151892454245 17.2266687695477 -0.359946965286696
"360" 359 80.6236952148265 73.4794823584202 17.4752454074796 0.918413376099922
"361" 360 90.1886680210962 89.0400359954739 18.2652548374312 -0.586559763977683
"362" 361 103.656832571459 101.977222758201 18.6751775811992 -0.254350549828837
"363" 362 108.143172345272 105.796626481586 5.89195123607663 -0.060020248974934
"364" 363 106.995724304716 111.090195600909 5.41650357950863 1.07898473602338
"365" 364 101.107794898475 114.96524345182 7.04866714632811 0.775263769268564
"366" 365 94.105417575003 118.880410589546 8.0225819968765 0.0722543125601154
"367" 366 87.4390898935454 124.126772674529 8.48317392744705 -0.156942261584605
"368" 367 79.162645071515 126.758882502579 8.68490305294382 0.358850536246836
"369" 368 71.1154032522769 120.101954856788 10.4437917720814 0.999035711341429
"370" 369 65.8116839296958 107.731493420295 13.4594856812755 0.474635555047368
"371" 370 50.1832062715424 108.963873272871 15.6769918674609 -1.24445353592176
"372" 371 36.9083877605404 118.287071764516 16.22167798394 -0.533590799762573
"373" 372 37.8306062128906 120.387187550318 2.29368114340947 -1.3722892024489
"374" 373 45.8247280591201 124.754275596502 9.10919546916682 -0.657032346811826
"375" 374 57.2130680503916 127.69809776344 11.7626687748718 -0.247031098573019
"376" 375 68.2608288193404 128.998183154166 11.1239938884873 -0.13581739252393
"377" 376 78.7447221129526 127.031490609949 10.666766058901 -0.302576530880997
"378" 377 88.3570600472968 122.723159470304 10.5336963015302 -0.23592643507043
"379" 378 97.9859333771827 117.683675076363 10.8679162933728 -0.0608069702963628
"380" 379 106.217868293955 113.03229812307 9.45516049761176 -0.0321472229915825
"381" 380 110.566377028912 104.574889223591 9.50985244422754 -0.581563293058547
"382" 381 117.677993911312 98.4951855283319 9.35616864449298 0.388550095005508
"383" 382 114.246294560662 94.2743053332872 5.43988879060718 -1.54610116675481
"384" 383 102.595868159324 89.6126524166994 12.5484438576156 -0.507544958952065
"385" 384 98.3308815484824 76.8271643799154 13.4780864787774 0.868207482996441
"386" 385 107.295691077318 65.8417160223346 14.1791355697509 1.00643132453629
"387" 386 123.607276830334 68.4629440014533 16.5208554831922 1.04567288154577
"388" 387 128.129932614818 60.2461093266354 9.37927435456551 -1.22697088759063
"389" 388 126.138930516076 48.2937171863174 12.1170857566137 -0.668222656051481
"390" 389 121.208639976092 35.3465486953728 13.8541306743354 -0.198784349948659
"391" 390 112.189596406919 22.0631815001824 16.0558709182938 -0.232627368275494
"392" 391 98.889674401094 11.8196954210557 16.7874039807911 -0.318023595827484
"393" 392 83.6355015280787 5.07869390547651 16.6772567130471 -0.240191297332306
"394" 393 69.7084012699491 1.17144743340178 14.4648089027659 -0.142589047879818
"395" 394 54.0114571423954 1.43503727860931 15.6991571286499 -0.290309397335122
"396" 395 38.0509224856664 6.39691396817781 16.7140326316282 -0.284621216306442
"397" 396 30.2407822596229 11.0976537453714 9.11565931808295 -0.240386060557796
"398" 397 19.1313182407443 19.1874189258063 13.7427978032617 -0.0875957575992728
"399" 398 12.0587760064666 27.552596813405 10.9543167174778 -0.239541700170722
"400" 399 5.61835125431663 39.2850285710082 13.383909217225 -0.199830162713831
"401" 400 1.86313822538947 50.4688310591867 11.79741764062 -0.178086404756634
"402" 401 0.868879704314414 62.1776151476837 11.7509222973251 -0.23923178481984
"403" 402 0.744536526592124 75.0653273267107 12.8883120087654 -0.0750644903923038
"404" 403 2.92265414618508 80.2362642505951 5.61095223964453 -0.408315055938297
"405" 404 6.10679659760431 89.3359865329914 9.64073175478239 0.0620667799869775
"406" 405 11.8952287013741 95.5508967587919 8.49300037293726 -0.413282776426952
"407" 406 21.5385509052273 98.9204581503774 10.2150676502407 -0.484755911923804
"408" 407 29.5030779761766 106.682557582807 11.1213254184385 0.436369964277495
"409" 408 30.3120859226285 116.124814695212 9.47685144096856 0.712798333238162
"410" 409 38.7705193620046 121.640609702573 10.097974589569 -0.907471284423847
"411" 410 51.7408081004694 126.116341856204 13.7208078577829 -0.245573027840406
"412" 411 64.5310529051807 128.046778718135 12.9351052814559 -0.182481487463072
"413" 412 76.2979135958467 127.808393376613 11.7692751724392 -0.170056029740493
"414" 413 88.837088900299 122.896150079386 13.4670357364544 -0.353119343919041
"415" 414 98.3014645447053 117.322992662453 10.9833733402965 -0.158809705092836
"416" 415 102.997384793703 109.085208624657 9.48223353637312 -0.520507353965172
"417" 416 112.75753256943 104.48999223183 10.7877939496891 0.612665093179543
"418" 417 119.877098080192 96.0047122071137 11.0764701128056 -0.432666770508977
"419" 418 124.482220871294 85.4442448215311 11.5208778885587 -0.286890851133018
"420" 419 127.452750666062 71.9255604955048 13.841202013133 -0.19491347852692
"421" 420 127.833647480679 60.8889086655162 11.0432226274659 -0.181799347005059
"422" 421 127.246934143948 54.4900385416128 6.42571174284077 -0.125932782989569
"423" 422 128.335604456441 58.9030811105993 4.54534352552059 2.99116259095886
"424" 423 127.685693319678 69.9425588710368 11.0585918501807 0.300668223112927
"425" 424 124.644235269585 85.7512896742384 16.0986470449715 0.131264980332512
"426" 425 118.323750030551 98.3757884753498 14.1183038512459 0.274100713244929
"427" 426 110.679284321804 106.339966545183 11.0392929257368 0.300748626116028
"428" 427 102.087042715126 115.324864910156 12.4320157036758 -0.00185517479639161
"429" 428 90.3956838844452 121.452026122209 13.1996202909858 0.325011088673073
"430" 429 77.6293823255847 127.947886488138 14.3239190651657 0.0120368366844462
"431" 430 62.3353174924659 128.166435037725 15.295626256815 0.456396792005305
"432" 431 54.668064800881 118.667737680026 12.2070477728962 0.905975431370108
"433" 432 54.8608076535892 101.741108604455 16.9277264176038 0.690496153251836
"434" 433 57.5657931441318 85.1187470363811 16.8410169112151 0.149931186790171
"435" 434 71.6581234229192 73.5470179456199 18.2345465212711 0.721981739664203
"436" 435 88.2170330374469 64.7340503828318 18.7580885189524 0.198407509211528
"437" 436 105.581204283285 58.5842554011215 18.4210320387289 0.148708286082687
"438" 437 123.746098073931 56.7723388518926 18.2550378801796 0.240961738110345
"439" 438 126.051018203423 50.5089897173292 6.67399424518598 -1.11875624708568
"440" 439 123.13044553349 40.1043444271986 10.8067751125763 -0.626277372319586
"441" 440 116.777227562375 28.2871471000784 13.4167630692575 -0.219635761903691
"442" 441 106.468795673913 16.1376911641409 15.9333940997625 -0.210311883149402
"443" 442 91.3463524798699 6.12170761218519 18.1385835905153 -0.282200659805829
"444" 443 76.931155159824 1.83152916331529 15.0400646574078 -0.295724075159893
"445" 444 63.3119911266218 0.505612150964152 13.6835552721839 -0.192216400165318
"446" 445 55.706293164816 1.27780444700602 7.64479708221761 -0.198232278270767
"447" 446 44.6985377589961 3.55439116637691 11.2407084369791 -0.102759900581105
"448" 447 42.5018859157241 4.90584672607487 2.57909120629513 -0.347604624720185
"449" 448 46.0004640202514 3.69460262263621 3.70231833201744 -2.92334150246593
"450" 449 54.915007045352 1.682395124428 9.13882138802461 0.111293356113714
"451" 450 67.7436070088928 1.79330590015761 12.8290793989566 0.230646812618574
"452" 451 82.3694632804 3.54194387763821 14.730017191133 0.110347796329105
"453" 452 99.0427079430491 10.0811447581905 17.9097246136498 0.254768664852537
"454" 453 112.65114604813 21.6798000338857 17.8806709008427 0.332073795104413
"455" 454 122.200968217991 36.0432909941311 17.2484485111272 0.278204521331384
"456" 455 127.078892930286 51.1500959637545 15.8748135702142 0.27442858101041
"457" 456 128.207676848827 66.1860630083461 15.0782776901343 0.237395900730056
"458" 457 126.195937302725 81.6843522666352 15.6283097593741 0.204013927588386
"459" 458 121.154537666899 94.3178924574802 13.6022809867241 0.250603916402229
"460" 459 113.525376550694 104.339423510582 12.5950460096541 0.270993262233988
"461" 460 104.451869362511 114.108220144646 13.3325886598105 0.0978350402012847
"462" 461 91.8998555546842 120.453404303156 14.0646511736791 0.354234995948833
"463" 462 79.1371182218503 127.169112177073 14.421795882438 -0.0163376406061884
"464" 463 65.7449695071679 128.587363974047 13.4670369924416 0.378876044367551
"465" 464 57.3761776105933 119.308238181785 12.4955533401602 0.942444038834528
"466" 465 70.2867007905833 113.562719046009 14.1312631749829 1.8859471959055
"467" 466 87.0096162746042 120.832268803223 18.234644388041 0.828772707302596
"468" 467 97.0960716074854 116.880352277438 10.833015527035 -0.783484021262576
"469" 468 107.27229018056 110.704712543966 11.9035268120266 -0.172034308790429
"470" 469 113.195048036726 101.484074743267 10.9589790616851 -0.454371379843736
"471" 470 121.079291891825 90.5224034388184 13.5025752711639 0.0525632213430664
"472" 471 127.313774674609 76.7556796844883 15.1126257975526 -0.198297813694014
"473" 472 127.925296520383 62.5317187030177 14.2371003006321 -0.382268921615383
"474" 473 125.985451776218 48.7233392267809 13.9439715071147 -0.18253569412403
"475" 474 122.142066174927 36.1120868020607 13.1839030867274 -0.156246817868959
"476" 475 114.004977259453 23.840761429345 14.7240497968932 -0.289711184350655
"477" 476 102.055864783793 13.0048563816728 16.1306579890014 -0.248688555847602
"478" 477 88.3486323297917 4.58928834991256 16.084464767135 -0.185965560049511
"479" 478 76.2887883276017 1.52733575750359 12.442483314649 -0.301971815756831
"480" 479 64.9729917017876 0.33036535081146 11.3789275167426 -0.143255796811869
"481" 480 65.72394005436 1.63627101842698 1.50642392471095 -2.19804768963121
"482" 481 75.5321934773295 1.44240858496986 9.81016910416418 -1.06869444243466
"483" 482 89.466679302676 5.22407560214987 14.438521414799 0.284768721505163
"484" 483 105.285627975867 14.680951424989 18.4301827840545 0.273808581565914
"485" 484 114.650366511483 24.9667582339686 13.910289341063 0.293421643275353
"486" 485 124.118308020933 40.8394968821088 18.4820385406625 0.200724880679038
"487" 486 127.946246164257 57.5059196234569 17.1003730199795 0.312071049602678
"488" 487 128.231202646127 72.7040681511919 15.2008196774928 0.207016887687419
"489" 488 123.658782483324 89.5267291610162 17.4329845292383 0.284137150346976
"490" 489 115.609709499338 102.139320708846 14.9621202192039 0.302629322354642
"491" 490 106.169004938787 112.115506133413 13.7350347005372 0.189807806800157
"492" 491 95.0794642749702 118.719008882825 12.9067486492897 0.275886381356153
"493" 492 81.6042079983325 126.608846917515 15.6151233083416 0.00738921416076757
"494" 493 68.1286925281225 128.942300569564 13.6760565637222 0.358231484089484
"495" 494 53.9920712511696 126.978247718013 14.2724057093289 0.309512161110731
"496" 495 42.073995061829 124.118821339169 12.2562987590445 0.097422662853387
"497" 496 31.5310522813472 119.40394735281 11.549185217138 0.1850559045379
"498" 497 23.0907343868928 113.975152005661 10.0354763255499 0.151050069649078
"499" 498 22.0811231288069 112.928841998337 1.45398745657596 0.231667931372017
"500" 499 22.425100436331 113.636627637341 0.786944025246197 -2.82642043265076
"501" 500 22.1581862418495 111.6634899296 1.9911091383753 -2.82367288147154
"502" 501 25.3337500290696 105.762207940085 6.7014427167945 0.628129878763355
"503" 502 37.7713862457746 103.325915477098 12.674001563212 0.883692702013428
"504" 503 54.7049125635665 103.780259666906 16.9396204856592 0.220256150289081
"505" 504 70.3808743541849 105.625081017333 15.7841421647144 0.0903212943469198
"506" 505 87.8194068664783 114.07619111201 19.3784333219865 0.334124426926322
"507" 506 100.846834959539 114.279304161793 13.0290113834803 -0.43568040696469
"508" 507 107.663710887102 108.879937723047 8.6961460056534 -0.685469865900382
"509" 508 116.230889923582 99.3505134307325 12.8143077841163 -0.168640892247252
"510" 509 121.17885410796 91.9871448190158 8.87138923066136 -0.140610201401872
"511" 510 126.15435007833 80.1551557342414 12.8355570916649 -0.193601966647272
"512" 511 127.577084402659 66.8213619972808 13.4094827781476 -0.291764127725374
"513" 512 127.301280492608 54.107671149563 12.7166820660164 -0.127989250643865
"514" 513 123.37536805637 39.6085747056631 15.0212045504519 -0.242738812923169
"515" 514 116.925601485231 27.8407150371406 13.4194638492087 -0.236941545495571
"516" 515 115.360620893131 26.5823449586327 2.00814827842319 -0.392201924769275
"517" 516 121.141242121189 35.4236664460546 10.5633587189974 -2.82707534495426
"518" 517 126.391924376411 49.0975908275473 14.6473844810628 0.212424062413871
"519" 518 128.336849128718 64.8765768444488 15.8984002973165 0.243989135949558
"520" 519 125.973254771068 81.79530900954 17.0830347526897 0.261446280101555
"521" 520 120.522611831231 95.8038548795118 15.031595585589 0.232265105221921
"522" 521 113.77858319555 105.513135795175 11.821677467185 0.236020415592718
"523" 522 112.80079670471 106.998057745597 1.77793690003735 -0.0247788020857814
"524" 523 106.870975774114 112.83613713032 8.32141497410472 0.210882752702842
"525" 524 102.718348975177 116.057166625904 5.25541057793542 0.117879681252152
"526" 525 96.1769825369677 118.222018292704 6.89028719417252 0.340120570321832
"527" 526 85.6616169523953 124.927882840237 12.4716291119916 -0.24809226015209
"528" 527 72.5376220757911 127.459793216026 13.3659946009325 0.377113572461347
"529" 528 59.7230170148459 122.629491680965 13.6947404425061 0.551048810219638
"530" 529 54.6640827975868 108.347002353388 15.1519740234369 0.869912043914833
"531" 530 66.9875166513847 103.961359019227 13.0805538645505 1.56931061209617
"532" 531 82.1494198284652 112.075089751206 17.1963930619834 0.83326435594406
"533" 532 91.0830839136149 120.503959160451 12.2823529302979 0.264970234050805
"534" 533 93.7606247188537 118.944040346277 3.09880161845404 -1.28385509398819
"535" 534 102.507730589004 114.146866472909 9.9762086122408 0.0258856195608875
"536" 535 109.966133021923 107.148111320219 10.2279196583992 -0.251978203280278
"537" 536 114.502798238668 98.9219697290314 9.3941863281017 -0.31319193099381
"538" 537 122.608342497711 90.1454375174331 11.9468558791227 0.241684212672971
"539" 538 126.254342956756 79.2226231298816 11.5152591587101 -0.423505876686918
"540" 539 128.179602984818 65.4024969290829 13.9535842843929 -0.183750016423596
"541" 540 126.919054107405 52.0468785312099 13.4149739568122 -0.232522238209575
"542" 541 121.974230234607 36.458202990166 16.3541459042326 -0.213061925101078
"543" 542 113.738138879371 23.3915407948921 15.4457392745443 -0.255244449879348
"544" 543 101.632876281869 13.1439856032234 15.8603206134291 -0.305905014818337
"545" 544 87.3891452819794 4.67922311197319 16.5691302375986 -0.166277395919679
"546" 545 70.6200743937604 1.0552920319169 17.156182994102 -0.32336789578968
"547" 546 54.4763950422192 1.50310338842995 16.1498891022942 -0.24056700677443
"548" 547 46.944091623486 12.4547508891374 13.2918839060388 -0.940588153739799
"549" 548 63.2648597371865 20.8749879289801 18.3648540323173 -1.69696887848444
"550" 549 81.4796440702393 24.2283895709186 18.520898219897 -0.294239031732621
"551" 550 99.7957343892424 32.2074538656966 19.9786043455013 0.228776390278344
"552" 551 118.254224228603 38.4359286905288 19.4810098761167 -0.0854066719875871
"553" 552 126.310904013087 49.473242206904 13.6650056278244 0.614817309164559
"554" 553 127.684984333136 66.0943973642396 16.6778564417064 0.548061711668109
"555" 554 125.437036691666 83.1419557541535 17.1951305797982 0.213589918814895
"556" 555 118.96544190454 96.6467945899344 14.9753868420542 0.315767236355611
"557" 556 110.769004596835 107.799408745593 13.8406064550705 0.186914896795891
"558" 557 99.8466937769248 117.206726867216 14.4150791842479 0.225993033637093
"559" 558 93.2365506065746 121.059475979582 7.65099133807933 0.18329742310796
"560" 559 85.5518621342686 124.92118637039 8.60042115590077 0.0620551653257462
"561" 560 73.9382776539219 122.908672506169 11.7866685936201 0.637247301440679
"562" 561 61.9405745823764 112.362895672497 15.9736748438979 0.54949575216568
"563" 562 50.4023885848993 121.013698335947 14.4210305746269 -1.3644251372622
"564" 563 53.4910266085816 126.410817938538 6.21840693795477 -1.44723674444516
"565" 564 62.0786365075347 128.132327060996 8.75846090562171 -0.853170219644799
"566" 565 73.4467200492877 128.279879790248 11.3690410862211 -0.184863121006961
"567" 566 86.263753673099 125.203398144466 13.1810883553197 -0.248552847167757
"568" 567 95.8964618531158 118.361383109642 11.8153390394909 -0.382024569483014
"569" 568 106.565450569935 112.380069046311 12.2312484303044 0.106633723393011
"570" 569 114.296079408248 103.536477407075 11.7461370380789 -0.341482878923172
"571" 570 118.542804821102 98.3553074012574 6.69919393370286 -0.0317426288139399
"572" 571 123.062366978144 90.4510969662273 9.10510761565186 -0.167186120659192
"573" 572 122.200328701789 90.1121477962001 0.92628102094481 -1.71558986619721
"574" 573 118.878051888444 97.566228352992 8.16093378061802 -1.52615110108223
"575" 574 111.624677650231 105.549662594268 10.78641090096 0.318249022730475
"576" 575 105.993779670575 113.799492258494 9.98832826583318 -0.13860416897646
"577" 576 101.42395379257 117.191356101602 5.69104989307498 0.333369935932463
"578" 577 106.086274715012 112.828309700754 6.38540603875711 3.0278516210033
"579" 578 110.2972958768 108.594962046438 5.97109132297596 -0.0357910612094062
"580" 579 112.119003686444 106.466998095668 2.80122293284541 -0.0747408579661672
"581" 580 116.009511664717 102.894951406678 5.28162568508297 0.120033492369312
"582" 581 118.918710921233 96.6232984426002 6.91354259522103 -0.393722938234825
"583" 582 123.890057951061 88.2108634344836 9.77155842518304 0.0994162327508219
"584" 583 127.840613462734 73.1938080711744 15.5280018236575 -0.2764974687157
"585" 584 128.351866660698 59.1667864305252 14.0363355595279 -0.220811068833086
"586" 585 125.304809274088 45.3501273396099 14.1486616735248 -0.253492192277915
"587" 586 118.38991933116 29.7125025406957 17.0982751257085 -0.199284337164875
"588" 587 106.85048165228 17.5054818658031 16.7979158142314 -0.340947697206412
"589" 588 92.3817779713028 7.33607812246172 17.685026398143 -0.200864068196504
"590" 589 77.8532642349052 12.0058305905713 15.2605471560528 -0.923630003464389
"591" 590 79.8965438436354 28.2102573399057 16.3327412835077 -1.38523790043088
"592" 591 96.5420293741205 33.1872645393296 17.3736233759314 -1.15482489373035
"593" 592 115.417471450688 33.5791766356748 18.8795102870051 -0.269779412856456
"594" 593 125.72527932168 46.177739374894 16.2780430703239 0.86431182239448
"595" 594 128.03155276009 61.4553220836016 15.4506773506573 0.535897676940836
"596" 595 126.440927782678 79.383777443125 17.998877726047 0.238315743581756
"597" 596 120.898733459162 94.590701557169 16.1853779359614 0.26100221684728
"598" 597 112.460290402712 105.385225285445 13.701425609668 0.314012077642237
"599" 598 103.458760590876 114.769557356592 13.0035851739017 0.101077406383968
"600" 599 88.7114660457078 121.176628523249 16.0789694115193 0.39636182689583
"601" 600 74.6146653652409 125.957912677625 14.8855791822051 0.0828548753137466
