"time" "x" "y" "speed" "angle"
"1" 0 50.4217847997867 128.404315216765 NA NA
"2" 1 56.4632742449809 128.998882151929 6.07067579078176 NA
"3" 2 61.6033829363934 129.101548443256 5.14113389505749 -0.078127167376715
"4" 3 72.1867477741436 128.712755456759 10.5905038253747 -0.0566906321889983
"5" 4 80.104056578806 127.649502154132 7.98838446082376 -0.0967763497612129
"6" 5 75.8492801909115 128.447601407203 4.32898192751332 3.08966615162725
"7" 6 75.0044302435217 128.341944059422 0.851431094537161 0.309837127879006
"8" 7 75.9823044687461 125.942426166947 2.59112410290676 1.83336216328117
"9" 8 80.3198071362765 115.908029792034 10.9317446000029 0.0210263337739691
"10" 9 77.8908297109142 99.9297547327839 16.161844115137 -0.558869189205933
"11" 10 63.1039280435608 89.6466961730542 18.010934297332 -0.812290555372287
"12" 11 47.4323031768233 75.5201833246962 21.098772268039 0.125948618311015
"13" 12 30.1588105551638 65.2869587953571 20.07716194133 -0.198761937323168
"14" 13 17.1969614594984 61.0286717609457 13.6434064824823 -0.217413465300776
"15" 14 7.82197747654738 51.9342809741356 13.061327209124 0.452790461659421
"16" 15 4.88774944501685 44.3319465623831 8.14893751658066 0.432241144365599
"17" 16 12.1320269148669 28.1533024318332 17.72647968332 0.789344358178808
"18" 17 25.1315650143209 15.6719516877766 18.0214346597411 0.384735516238563
"19" 18 39.9462758266245 5.93853183086025 17.7261140288333 0.183776945796923
"20" 19 58.5616366558596 0.915037930238644 19.2812642161297 0.317708736091753
"21" 20 76.7336546290002 2.22780364707483 18.2193740573996 0.335694745743362
"22" 21 88.5486045679096 4.95703827429876 12.1260778370161 0.154900651383425
"23" 22 96.9272573488465 10.038291276962 9.7990282426665 0.318133887924139
"24" 23 109.712188187978 19.5229909004459 15.9189818615732 0.0931243804566818
"25" 24 118.281393492837 30.435551781004 13.8749870100377 0.266832900331944
"26" 25 124.340623950367 43.6069033623287 14.4982335550342 0.234524378653875
"27" 26 128.227111399392 59.4435355396049 16.306554001682 0.190509169042199
"28" 27 126.343397343434 80.775120999164 21.4145958837212 0.328733045219653
"29" 28 119.701198668316 96.4052264184498 16.9829031280792 0.313760480662255
"30" 29 112.07032547141 107.040368946403 13.089556231482 0.220546122342455
"31" 30 108.160046471942 110.413150430965 5.16390712506361 0.236681197327508
"32" 31 101.923415923736 115.444113082856 8.01287375412466 0.0329300444159008
"33" 32 89.7274659180428 118.015179478206 12.4640113507121 0.471029768032973
"34" 33 73.2136660194381 109.532637143022 18.5649969447706 0.682289708024162
"35" 34 61.8982785152536 93.059544521286 19.9850137576676 0.494396833791305
"36" 35 54.7280125196344 72.8397132124352 21.45353799741 0.261099928115518
"37" 36 57.2002213900326 52.2697186201159 20.7180234150587 0.460392200143086
"38" 37 73.4623410145935 42.4818825530042 18.9804707412694 0.909384512503481
"39" 38 92.5504734845585 36.7325680448955 19.9351804231635 0.249244463984796
"40" 39 105.01036087745 28.9542807449965 14.6884494472124 -0.265515648506884
"41" 40 105.420033223034 20.5080030820805 8.45620705693814 -0.964259500353943
"42" 41 100.358317682983 13.62210097357 8.54614603528315 -0.682351555452707
"43" 42 90.0201211544327 6.83634194029687 12.366278062561 -0.356064659827539
"44" 43 76.3093520396713 1.92440511322831 14.5640761159577 -0.236836456639465
"45" 44 67.6363970807536 0.677462285169498 8.76213524980421 -0.201213807869067
"46" 45 67.8421070038611 0.245524401814881 0.478421265770805 1.87246795935992
"47" 46 68.8130387957673 2.97050039061306 2.89278458998607 2.35484218603302
"48" 47 72.1715183738183 2.36207405986186 3.41314630160168 -1.40773016569579
"49" 48 85.4448173626037 4.35449882869081 13.42200515963 0.328212812831721
"50" 49 100.102250894408 12.3882631175462 16.7147158632188 0.352389313026086
"51" 50 113.509742392275 24.2919906642531 17.9292932870094 0.224672333364418
"52" 51 123.007086007296 38.8787764204135 17.4061441576791 0.267596678218569
"53" 52 127.453466684286 55.2553055922421 16.9694139215373 0.312024610121056
"54" 53 127.605572463308 71.6990577051628 16.4444555920588 0.255868286209998
"55" 54 123.995575988965 84.9024526931292 13.68801350646 0.276141165867947
"56" 55 118.549366151946 98.7007077830483 14.8341850168896 0.109040131048578
"57" 56 112.41819252135 107.344370241985 10.5973671632419 0.241026076878075
"58" 57 103.610335403703 114.431415720196 11.3050679173153 0.276282430033661
"59" 58 95.5260520822415 120.444449593761 10.0753269518313 0.0380395031535185
"60" 59 96.8893168500621 119.098386305309 1.91582285290147 3.00206020966978
"61" 60 86.7262761013832 116.340863801433 10.5304951269485 -2.09759374462264
"62" 61 75.4661036840535 107.752757267643 14.1614637909969 0.38662852688953
"63" 62 67.9279733653213 93.7465523481208 15.9058852299974 0.425480069164549
"64" 63 72.1542059754579 73.9959357316626 20.1977201388002 0.704538899324944
"65" 64 82.8845232498861 56.7852195287184 20.2817272693471 0.346695515061926
"66" 65 85.9609014241641 37.0034798852676 20.0195236205172 -0.403216115972513
"67" 66 93.5426678399031 24.2462555497585 14.8401467219611 0.381946143671182
"68" 67 109.336621798094 24.422146808614 15.7949333448542 1.04570613093149
"69" 68 119.977850594098 33.8742721984071 14.2330047661513 0.715152003485894
"70" 69 125.816897154511 49.3484316197718 16.539167891175 0.48368602557667
"71" 70 128.631959427676 66.9028575823081 17.7787076717057 0.201813964420325
"72" 71 124.998383687988 81.2345477039648 14.7851349131228 0.407310507929799
"73" 72 119.772399739421 92.8544314796234 12.7409814060964 0.174339465050725
"74" 73 110.148655024669 104.847475360105 15.3769165912371 0.253587541032103
"75" 74 92.630422698464 104.148660137889 17.5321649133723 0.934436586304677
"76" 75 73.3060530118186 98.2824178848615 20.1951494660807 0.254856513330046
"77" 76 55.4841148286333 98.5062001356601 17.8233430955321 -0.307282013842
"78" 77 43.7955700945528 111.238089025444 17.2836070512611 -0.81554052242206
"79" 78 36.4330407205713 102.20596184452 11.6527318769083 1.71498263405136
"80" 79 41.048467957256 81.8344231174955 20.8878375779737 0.906711292950286
"81" 80 54.8499462137915 64.8730442444118 21.8670797168235 0.460237928574952
"82" 81 74.7707911378584 59.3036850118284 20.6847244301268 0.615143175714597
"83" 82 94.6848503777725 56.2699510242274 20.1438153615032 0.121435092873413
"84" 83 113.253335147019 53.4121962658881 18.7871069854983 -0.00152639336471429
"85" 84 123.749443901795 48.4525787723963 11.6088804229278 -0.288717291737585
"86" 85 122.849772097469 39.3704887368249 9.12654199408109 -1.22811155816962
"87" 86 120.066727782134 34.2248218595046 5.85006181791852 -0.397054820185908
"88" 87 113.808274807736 26.4770253728288 9.95974819117917 -0.183669336267358
"89" 88 110.386968118929 21.8778037552983 5.73220541729245 0.0398839580004466
"90" 89 105.142267854989 16.0200578915466 7.86257384466871 -0.0906589460644793
"91" 90 99.6716171031902 12.2150461204944 6.66379278084203 -0.232838414228747
"92" 91 100.054118186268 12.5005244598992 0.477289179454855 -3.10815479572356
"93" 92 98.3549232705066 15.8183816435107 3.7276587360689 1.40294696903047
"94" 93 102.854676592953 15.7558225631346 4.50018817399997 -2.05800760998789
"95" 94 113.716835932019 25.9650839199254 14.9068951481694 0.768324957378691
"96" 95 122.429973857848 37.9402986002657 14.8096096894806 0.187364490458951
"97" 96 127.397144745875 54.3696484833738 17.1638085579059 0.335410956953816
"98" 97 127.611168236828 74.9932728366287 20.6247348472373 0.283220590153129
"99" 98 122.603201514133 89.377316404996 15.2309041121107 0.345413021005793
"100" 99 116.973143596242 102.437125402668 14.2216793387587 0.071988569062014
"101" 100 108.290723320322 111.771809906762 12.748362900337 0.342187093429543
"102" 101 95.3424247355337 116.936151630897 13.9401887248511 0.44207606260246
"103" 102 77.7898646950568 121.222919796517 18.0684461224624 0.139973082171271
"104" 103 66.5334896568326 125.813906940668 12.1566089827267 -0.147725213550733
"105" 104 53.3110324530669 127.392732522926 13.3163833199788 0.268418740267013
"106" 105 39.6949371902321 124.289133322918 13.9653277154845 0.342949457683305
"107" 106 25.4366524916853 116.721302940632 16.1422036674014 0.26385010285904
"108" 107 14.4801212445196 104.997710494954 16.0464387576329 0.331248760402971
"109" 108 5.3753445077447 90.4262455812646 17.1820996725491 0.193108776045652
"110" 109 0.865156485910026 73.2083623850919 17.7988004581586 0.302289684239146
"111" 110 1.06196942241037 54.7772871622268 18.4321260087621 0.266869648653427
"112" 111 7.32303267447464 37.6471440628301 18.238495432797 0.339737879202622
"113" 112 15.7229992967043 23.6062959720008 16.3616886159198 0.188717481984515
"114" 113 27.669337969137 13.0794387049165 15.9226169833362 0.309344397139763
"115" 114 41.4736622506335 5.2850865999346 15.8528008126372 0.208311718685373
"116" 115 56.2328118286498 0.655913183053052 15.4680878840864 0.210076810732957
"117" 116 67.4844025607309 0.357116402879241 11.2555574503485 0.277380405077891
"118" 117 82.8412204240174 3.74495133920227 15.7260700889296 0.243679760733858
"119" 118 97.6433514612318 10.2935348010994 16.1860133634042 0.199392595532644
"120" 119 109.15074566009 18.9295704882971 14.3875374417749 0.227283737714605
"121" 120 110.590721230646 20.4997022270443 2.13045612975652 0.184804580802925
"122" 121 117.831489916198 29.0398103948591 11.1965252947355 0.0389382304215409
"123" 122 125.64371491063 44.8571393679473 17.641393233147 0.244489079958364
"124" 123 127.806474553209 63.0950669308216 18.3657161869669 0.340723469170809
"125" 124 126.01515620459 81.4762082979253 18.4682207963721 0.215181961492182
"126" 125 119.32746732493 98.2851221064784 18.0904606346687 0.281517669303259
"127" 126 108.272918141048 111.194805255484 16.9959694241487 0.329474589421851
"128" 127 95.2238107991837 120.531935802934 16.0455978162114 0.241578568950365
"129" 128 82.0617043388347 126.457088340657 14.434281383874 0.198084919827864
"130" 129 74.8925289872099 128.134855186213 7.36287829658952 0.193105345482179
"131" 130 69.1910711746666 129.012589513638 5.76862537679049 0.0771379660346392
"132" 131 61.418171371041 129.855097380827 7.81842636746541 0.0447809855911005
"133" 132 48.5699908977478 127.484960062464 13.0649643084935 0.290390687735869
"134" 133 35.0339213485092 122.484552625167 14.430150844007 0.171442208046806
"135" 134 24.7200088500022 110.963208722507 15.4634458110154 0.486775251350497
"136" 135 25.5194493764535 101.727721432721 9.2700232273251 0.816503670757586
"137" 136 27.4843938458817 100.242195403288 2.46328933583888 0.837110614319034
"138" 137 27.7282787431496 100.155983829889 0.2586740777567 0.307556016997718
"139" 138 31.8074335230255 97.6034099427958 4.8119785086029 -0.219362880053068
"140" 139 39.7072785717171 86.7903506245087 13.391407827937 -0.380691887562523
"141" 140 42.8413776708348 71.2331073144394 15.8697951017582 -0.432163331885259
"142" 141 55.4913326129227 62.7234673293445 15.245830010622 0.779832479761284
"143" 142 74.0727416946492 69.4243007610102 19.7527196138 0.938273346013809
"144" 143 92.2455575520328 79.5728240006707 20.8145084047715 0.163199370986129
"145" 144 108.09434595742 89.4907594342582 18.6962439325003 0.049859692355336
"146" 145 110.1656122861 100.053474196175 10.7638788243798 0.817997369713223
"147" 146 111.502144145523 105.559973844848 5.66637942535532 -0.0444789819057028
"148" 147 101.937886936129 116.68638813223 14.6721542679294 0.948154849928116
"149" 148 88.8601888759009 124.408410510335 15.1873571157868 0.327371137373192
"150" 149 74.3889107469473 128.04588307549 14.9214308076602 0.287128166045907
"151" 150 58.0196453184884 128.837321523112 16.3883869091413 0.19794500963692
"152" 151 44.7033135487321 126.603779762521 13.5023479661326 0.214494043193846
"153" 152 30.9263322518106 120.193732466862 15.1951939766595 0.269298896833363
"154" 153 18.3097463910593 109.378741752647 16.6175287853001 0.273180137808473
"155" 154 7.69480125707277 95.9950689162947 17.0821473705169 0.191598991090131
"156" 155 1.7437467958569 79.97454084929 17.0901248897146 0.314868394554219
"157" 156 0.0818237639195355 64.3486520003568 15.7140189157102 0.24970859947292
"158" 157 2.65121927514472 46.5537801135502 17.9794120805148 0.249357292085021
"159" 158 11.0717739194621 29.1171225741154 19.3634389163047 0.306493929214925
"160" 159 22.8469380945066 16.7276738040904 17.0924817441566 0.310090276016238
"161" 160 36.1290907870938 7.72050768116221 16.0481968368794 0.214909480990771
"162" 161 51.3372204071976 2.13370604438117 16.2018381386378 0.243851513651089
"163" 162 67.6353773500514 0.976486920753083 16.3391883468544 0.281168421120359
"164" 163 82.9176107857436 3.81272486833548 15.5431947963826 0.25438681010259
"165" 164 96.1710577372344 9.16520776466854 14.2934575681154 0.200323309537183
"166" 165 108.985221032597 18.7474494300183 16.0006917442149 0.258256116866219
"167" 166 119.712166943165 32.4591393526343 17.4091300501266 0.264846345101528
"168" 167 123.763267362568 47.827741936379 15.8935634766143 0.406134557296645
"169" 168 120.265931721392 63.8295030921222 16.3794907330017 0.472909110836041
"170" 169 106.642548589327 72.7123284998338 16.2634914820568 0.777821047465117
"171" 170 91.8417136931353 67.6266920831303 15.6501888610717 0.908765588220478
"172" 171 84.9639126428136 52.4578704187019 16.6552483612536 0.814138363219951
"173" 172 76.9942780349101 35.8981016538492 18.3777315610193 -0.022855626811464
"174" 173 74.2408053626711 20.4150160167257 15.726015153346 0.272549983981096
"175" 174 70.5418897438098 7.48975202271575 13.4441223614747 -0.102730085115093
"176" 175 67.7141712972986 2.83138766342102 5.44943576131392 -0.266837419805974
"177" 176 63.5812086505016 1.45673505222891 4.35557688960682 -0.704134561881242
"178" 177 55.2358234919806 1.81591138350802 8.35311086248783 -0.364109149470018
"179" 178 42.710817217634 5.31782417188207 13.0053517964644 -0.229619525964826
"180" 179 33.2161676819593 9.71407771876297 10.463049988113 -0.161000104394421
"181" 180 20.5390994896874 18.8333606723867 15.6163177330562 -0.189964602072636
"182" 181 12.2064543075353 26.43116811476 11.2765089306498 -0.115706371484095
"183" 182 11.2860639524327 28.4975534057799 2.2620934058322 -0.412462342965414
"184" 183 11.2910292238001 28.8382484297895 0.340731203890503 -0.433603924437248
"185" 184 11.1447144613529 29.1852369021202 0.376575370464328 0.413619971792045
"186" 185 9.71996560453255 33.0409742369766 4.11054980512543 -0.0450946984609242
"187" 186 5.82608392037369 41.6797822553507 9.47582811940734 0.0695192223799511
"188" 187 1.69945936610168 54.1852273957592 13.1687200734045 -0.104736447578742
"189" 188 0.10289827227067 62.3598600392177 8.32908315373506 -0.125856340046105
"190" 189 1.50471980271329 58.2986116707107 4.29637543912468 -3.00210589036253
"191" 190 3.7618970916111 56.543112498948 2.85948013729339 0.577410559574092
"192" 191 2.742923682966 51.2357357556122 5.40430890153658 -1.0994598667318
"193" 192 6.2314255378783 38.7515629534346 12.9624155058523 0.462167489673953
"194" 193 16.1973421561122 22.9172245982828 18.709510019961 0.289263598932446
"195" 194 30.2377682846453 10.6984831774053 18.6126625656047 0.29291314152172
"196" 195 45.1765248604262 2.95826351685185 16.8249055992613 0.238089569503702
"197" 196 62.3483813992603 0.760599746853505 17.3119144821208 0.350757666172695
"198" 197 79.5203243994319 2.67227270649057 17.2780241898705 0.238157477687531
"199" 198 95.0770778366256 8.33155970917279 16.5541567856646 0.238031902562447
"200" 199 108.891910776115 18.2104780063226 16.9835990257587 0.271884407680858
"201" 200 114.63550933197 24.5862639777985 8.58135019241706 0.216729079548436
"202" 201 122.525664792687 38.0838481885742 15.6345557251003 0.20429245734346
"203" 202 127.260334829671 55.0230062443237 17.5884102748592 0.256435019244895
"204" 203 127.338306246607 58.2814639009297 3.25939040953262 0.248630227289949
"205" 204 127.522969917507 58.7386685555218 0.493089005688518 -0.359937126082166
"206" 205 127.638084627889 59.0988914574765 0.378169189172013 0.0745529946769333
"207" 206 128.467068018294 65.647919631229 6.60128650205182 0.183397003513915
"208" 207 126.037354994966 78.4478283396663 13.0284752876173 0.313502298711534
"209" 208 122.321606938374 90.4101722575865 12.5261508705058 0.113580774904524
"210" 209 112.357100330604 100.922813803955 14.4847169188325 0.457464847562191
"211" 210 95.9940252398569 95.0682361105502 17.3789040619238 1.15575945182378
"212" 211 78.563433297078 87.1562897332131 19.1422159363414 0.0825024282060951
"213" 212 66.7115718760695 72.2219358834431 19.0657164578971 0.473869763546529
"214" 213 64.476765739431 54.3000661991034 18.0606691861296 0.546767788512462
"215" 214 71.1456675479411 35.3280540778513 20.1099849642034 0.462078530857819
"216" 215 82.0707937607147 20.8712350235699 18.1206512005852 0.309122161749095
"217" 216 84.5828850560246 10.3910512372691 10.7770522347539 -0.411883386395726
"218" 217 91.6181980555089 8.31573860343543 7.33502225823912 1.0486861580939
"219" 218 105.105507619409 16.4888003101158 15.7704298271695 0.831655805034153
"220" 219 115.671758600747 27.7934377137407 15.4738646313088 0.274340352269106
"221" 220 124.596365128239 43.7319444384437 18.2670358373751 0.24120722776678
"222" 221 127.898985481227 62.3951073426582 18.9531250928499 0.335296483373625
"223" 222 126.169238610385 79.2264597532134 16.9200014245121 0.277555925525625
"224" 223 116.411726883209 94.3573420742795 18.0042393596602 0.470353411589138
"225" 224 97.4151839717518 99.134423655726 19.5879848637533 0.751670356921015
"226" 225 78.1701875944461 94.3753325511821 19.8247026132515 0.488789004528998
"227" 226 60.3624104230245 87.5719673254761 19.0631242502731 0.122506160115544
"228" 227 47.9226003797237 74.5239433481196 18.0277509309142 0.444324132373189
"229" 228 39.8665491718364 57.1715851329535 19.1312387652118 0.326888567273494
"230" 229 26.9224541210196 46.1990625099476 16.9689672460335 -0.432996230200596
"231" 230 18.3275769507512 37.3305794178635 12.3499759484211 0.0979154243340144
"232" 231 14.9481701209318 29.7890144110767 8.26411479064892 0.348455772588
"233" 232 22.979116232654 16.7677817915726 15.2986468153436 0.973926581162886
"234" 233 36.5543353757014 7.49841963702097 16.4379940848632 0.419046989364464
"235" 234 52.9444626810744 2.26100039157995 17.2065927318238 0.289806853847062
"236" 235 71.2664883033054 1.08797067738581 18.3595376197787 0.24535648149165
"237" 236 90.0521605034658 6.51837743711882 19.5548152020936 0.345336617268561
"238" 237 103.213865377684 14.690062686057 15.4921565640083 0.274221731357274
"239" 238 115.271790672749 26.6474657933086 16.981550326477 0.225589754611522
"240" 239 124.279082309937 41.5625764255351 17.4238867021371 0.24629890887622
"241" 240 127.701985219884 59.3500936605529 18.1138630257872 0.353175987076892
"242" 241 127.118313030744 78.2470872395138 18.9060053831491 0.220986217174066
"243" 242 121.250778775245 92.6018988311909 15.5076940281915 0.357149724326283
"244" 243 113.7570906753 106.175909817883 15.5051325568699 0.116397567924157
"245" 244 100.936987110711 116.762284959313 16.6260757258549 0.376117569756681
"246" 245 87.706706552994 123.826955947478 14.9983299005898 0.199795603327751
"247" 246 84.7380871805358 124.995452037482 3.19031097087566 0.115467793477462
"248" 247 85.9280048010915 124.198466691339 1.43216255560471 2.92642725912996
"249" 248 78.1569698415804 121.740983507995 8.1503501727448 -2.24515130553281
"250" 249 71.2703961039061 110.217415788374 13.424511567767 0.725852558746455
"251" 250 68.1062845811426 95.6141299361733 14.9421403891672 0.325285683691202
"252" 251 66.1949444839683 78.7786353928255 16.9436447521234 0.100326627591733
"253" 252 66.1381402416657 73.1763514896057 5.60257187854113 0.102907216140545
"254" 253 66.1402069764905 72.4556738489745 0.720680604081018 0.0130068900824215
"255" 254 66.3359047833916 71.775347176159 0.707913846008215 0.277223104184047
"256" 255 67.3406120572171 69.7542893585766 2.25701382540931 0.181249701352005
"257" 256 76.0906183629182 61.8770301919432 11.7734371501324 0.376498391335367
"258" 257 83.0930331043033 47.3912053612208 16.0895286828652 -0.387561163833878
"259" 258 93.6312886425321 37.6302486394035 14.3642300842823 0.373393741030763
"260" 259 109.415277016864 42.7369435090685 16.589533492323 1.06003235390229
"261" 260 116.582335124289 41.3566622524239 7.29876004966946 -0.503165050337947
"262" 261 117.93617572152 31.5251040357111 9.92433480548307 -1.24369589286266
"263" 262 111.414797506756 23.4087725123161 10.4116862811774 -0.813707340582955
"264" 263 102.296173262266 14.0654651406942 13.0555237640165 -0.0963642896150096
"265" 264 97.6677901809455 10.5455258844658 5.81480028160815 -0.14737294795299
"266" 265 90.6573851105726 6.88974936607875 7.90635701212014 -0.169512185369576
"267" 266 81.4016031382045 3.11298297158669 9.99667266237011 -0.0932609293105084
"268" 267 74.3069487421169 2.00775149300829 7.18022685025798 -0.2328800589202
"269" 268 68.7197659842956 1.74016799013259 5.59358669373304 -0.106685700101177
"270" 269 67.5893449833897 1.45398917505164 1.16608316748436 0.200095937043752
"271" 270 66.997086884978 1.31939548533202 0.607359133006565 -0.0244918890639707
"272" 271 66.9523988039034 1.34356164814919 0.0508038189060178 -0.719192373235587
"273" 272 66.3227936715751 1.33588232774297 0.629651963084407 0.50792894489025
"274" 273 57.8067292011705 1.25809910702744 8.51641968749269 -0.00306298644109167
"275" 274 46.0083171655546 3.80777896300364 12.070766087127 -0.221964255297348
"276" 275 36.0767559890372 7.59751209521437 10.630051016636 -0.151700337407297
"277" 276 29.9510085105517 10.6153470960191 6.8287707724196 -0.0932172934784333
"278" 277 19.7805856493107 19.3994357543935 13.4386649163761 -0.254639666493669
"279" 278 9.53870069137143 32.4002845824071 16.5504766620338 -0.191159425048023
"280" 279 2.86720411485307 47.9565438834746 16.9264901858757 -0.262111117076588
"281" 280 0.291233986542137 59.7287652106917 12.050760020801 -0.189715397447482
"282" 281 0.608757722639498 66.7896551016025 7.06802570556672 -0.260361374490743
"283" 282 0.434193145036774 71.7827386948702 4.9961341616406 0.0798861318708233
"284" 283 0.621031781448579 73.3694158262328 1.59763982024902 -0.152161924805756
"285" 284 0.748205680934105 73.8846836592305 0.530729818676542 -0.124760363196781
"286" 285 2.76289029667554 76.9040824679983 3.62983791198638 -0.346428978600004
"287" 286 10.9954460502416 80.0229580582699 8.80354242240961 -0.620253361055123
"288" 287 23.8870502030096 74.0780040861609 14.1963352792951 -0.794225632632756
"289" 288 41.1599034285666 68.162130979908 18.2578479882192 0.102113246918526
"290" 289 56.8582027476075 59.253151398796 18.0501113206227 -0.186215302641065
"291" 290 75.9029907182129 62.8838491986873 19.3877774734354 0.70456849187674
"292" 291 94.3768643797632 67.3566228279557 19.0076224710405 0.0491628373047987
"293" 292 111.165271443342 75.557364208183 18.6842920903577 0.21684395561975
"294" 293 119.094771242026 84.1983618401101 11.7279071931996 0.373923093556048
"295" 294 118.161693139951 83.3718980057918 1.24646588962873 3.03816331608983
"296" 295 118.785124342398 84.9350186413913 1.68285845679944 -2.67518028369768
"297" 296 117.784114145295 97.3555940895298 12.4608473178033 0.459922949922589
"298" 297 111.487121615755 108.453623481954 12.7600302237959 0.435682833149796
"299" 298 102.575316938473 114.79901722579 10.9400312783073 0.435946011021957
"300" 299 93.0605169089892 117.904922064267 10.0088992634924 0.303224730595625
"301" 300 75.6161675421112 114.879734082756 17.7047193470323 0.487235253394502
"302" 301 63.327427654557 101.938730369252 17.8460837478951 0.639533787740565
"303" 302 53.4235354031113 87.6626881910767 17.375052863266 0.153037241205669
"304" 303 59.4372979048077 72.1593032915833 16.6288990245491 0.976545701540904
"305" 304 75.8523041190047 62.4134585555526 19.090152399364 0.664978553946682
"306" 305 86.0627315623779 46.2351251225482 19.1308991227767 -0.472024304490629
"307" 306 99.5978798914749 41.3016068935724 14.4062431746202 0.658279345328308
"308" 307 112.653600884899 55.1253396989495 19.014400840747 1.16349357976419
"309" 308 121.234524491104 60.0733530345462 9.90530594705505 -0.290904841309287
"310" 309 127.649643701293 72.2774064709715 13.7874100091372 0.563778151180793
"311" 310 124.395841688749 85.7968896170175 13.9055259545641 0.720143325311817
"312" 311 117.739374670078 100.049905773733 15.7307667560814 0.200735466243689
"313" 312 107.100490432818 110.807362190961 15.1297298846476 0.342937901374539
"314" 313 89.8959050762429 115.060438763838 17.7224833933179 0.548592526594722
"315" 314 73.1895066452142 104.380893178988 19.8281729474802 0.811127394459386
"316" 315 62.4349769705307 87.1753481396434 20.2901623607242 0.443372431350441
"317" 316 53.2516069839881 70.5738681854395 18.9721749143203 0.053373310790733
"318" 317 51.1721424151662 51.8607062041393 18.8283457646009 0.3946014101888
"319" 318 68.1059365655527 46.0618627717982 17.8991611390162 1.35153950064291
"320" 319 87.282940257736 49.6155208214674 19.5034857434252 0.513155742177923
"321" 320 103.626936848505 60.6503521695315 19.7203886229279 0.410630506834163
"322" 321 114.833042225803 75.1170673532069 18.2992526058491 0.317867736955
"323" 322 121.451754714419 83.2048973842421 10.4508540138058 -0.0267647382145803
"324" 323 119.762711725129 95.0671793094829 11.9819280040219 0.827269935166606
"325" 324 112.249706539997 107.837082418883 14.8160612962854 0.390362582453238
"326" 325 98.3779416094903 117.657501881665 16.9960730968134 0.422959782011888
"327" 326 82.3940900420896 124.858012653559 17.5308546940775 0.192778495858442
"328" 327 66.8442555538066 127.343747546468 15.7472610498087 0.264743612304233
"329" 328 53.9635272848245 127.795704650874 12.8886549322875 0.123441423555795
"330" 329 38.6355734894985 123.747403267483 15.8535457119979 0.293289576362175
"331" 330 23.3758797667307 114.727809791525 17.7260068538918 0.275613585129764
"332" 331 10.9852454669384 100.380969954471 18.9567832624969 0.324601776971406
"333" 332 4.01199324049519 85.9764259952168 16.0036599966281 0.261517258750856
"334" 333 1.17713044142968 69.9233091669995 16.301503212585 0.276057000516637
"335" 334 2.35307850387908 52.8556237335658 17.1081483480891 0.243580973626946
"336" 335 7.59444421835838 36.8101078091078 16.8798843549047 0.246938678173086
"337" 336 17.5410841614188 20.7836912616254 18.8621757363858 0.239729045832435
"338" 337 32.3764584379272 9.39698192168729 18.7014833506949 0.360707130218298
"339" 338 47.6342417953301 3.71355788170627 16.2819305304892 0.298059772840303
"340" 339 66.8384058985949 2.0186901025815 19.2788094988731 0.268544171486247
"341" 340 84.8590756041942 4.66763911990902 18.2143203972782 0.233976969355441
"342" 341 101.286013775375 12.4077669023183 18.1591265144502 0.294381264455564
"343" 342 112.94754354789 21.5355912673282 14.8090666239884 0.223790044248213
"344" 343 113.681593310041 23.4134119487309 2.01619432714656 0.53403371750471
"345" 344 112.35961276265 22.1004349537401 1.86320722332619 2.72541901982367
"346" 345 109.897002696924 20.426355964074 2.97774894835966 -0.184942255491344
"347" 346 112.790142847917 25.1389209563376 5.52978559616868 -2.71842760231605
"348" 347 118.78141800341 33.6929230031372 10.4434826090479 -0.0604061409141038
"349" 348 119.30653593836 34.6643291501521 1.10425483837029 0.115420072079513
"350" 349 120.955586205598 43.3490777827271 8.83992226181268 0.307933350604238
"351" 350 107.994031835262 52.1142552277909 15.6470517139371 1.1638373572806
"352" 351 90.4733286388105 60.9403977585815 19.6182525335973 0.127956878781417
"353" 352 89.5782362873017 79.656104733924 18.7370989724827 -1.05635988434593
"354" 353 100.037483169224 97.804784387329 20.9468474596757 -0.57060676541394
"355" 354 91.803604276906 112.482990363583 16.8299284696851 1.03403589780516
"356" 355 71.549623333896 110.0413396331 20.4006225966141 1.17955058326691
"357" 356 49.5415070016726 102.714008751807 23.1958393324455 0.201421706354628
"358" 357 34.9320028008319 89.0162880714439 20.0266114166035 0.431804608680346
"359" 358 32.7839067220632 68.447374654874 20.6807764820853 0.71354040523049
"360" 359 33.9714189863991 46.9068793439976 21.5732038328997 0.159130445143705
"361" 360 38.6432583678308 27.4039767986153 20.054657586221 0.180041977837509
"362" 361 57.0825628587795 18.0337221010765 20.6835592489946 0.865520589897249
"363" 362 71.8105727067615 6.81526166032769 18.513998183615 -0.180792753291275
"364" 363 89.2374919929056 9.64483681864361 17.6551412167205 0.811916329541291
"365" 364 106.440357650547 21.6045845892096 20.9517100392887 0.446546224026376
"366" 365 114.270812896568 40.6641170272608 20.605382940316 0.573468948230606
"367" 366 113.722217878023 61.7734686721431 21.1164789527437 0.415800191103732
"368" 367 112.167257939227 83.215441518508 21.4982813256202 0.046410317483157
"369" 368 116.646192818244 98.1956966563592 15.6355013237694 -0.362921935389247
"370" 369 105.096485566065 110.979746713978 17.2286875149192 1.02524529095554
"371" 370 86.0316755294671 114.643715336713 19.4136974273303 0.646210383609832
"372" 371 66.7536663585034 107.601355276038 20.52404620975 0.540114161700049
"373" 372 47.592405464205 99.1084021073993 20.9591071514045 0.0669701491347766
"374" 373 30.4897371345024 87.1283414279578 20.8811665832854 0.193832956749735
"375" 374 16.3260836218509 74.6476877848935 18.8779182163865 0.111269117241195
"376" 375 15.2238117779291 56.6593984365164 18.0220297663399 0.78727914771916
"377" 376 24.5375880204071 37.1570324484914 21.6122351233235 0.506745110803918
"378" 377 38.6616190568665 20.79076379667 21.6181174550991 0.266446482946132
"379" 378 50.2232623303155 4.504975357671 19.9724435225718 -0.0946367411391168
"380" 379 68.3349014712211 6.58034818502653 18.2301575622075 1.06753232604213
"381" 380 86.3864832371289 17.4186707210529 21.0553755522477 0.426629604686294
"382" 381 101.708646918094 29.6482347533399 19.6043601345742 0.132899225290437
"383" 382 117.439914882098 44.815826230535 21.8524283084144 0.0935385409469059
"384" 383 128.117907247614 60.8894167280447 19.2971457070639 0.21726320216512
"385" 384 125.72623676301 81.2461283007802 20.496726415759 0.703327479103103
"386" 385 118.221092202431 96.8529483962802 17.3176219028045 0.331290158856123
"387" 386 106.072899644433 109.366280229303 17.4402424292074 0.322351145830493
"388" 387 87.3863302625727 116.014859710846 19.8340990313519 0.458375468420154
"389" 388 67.8805336876573 115.453611114007 19.5138694268829 0.370593132873852
"390" 389 49.633744625394 114.249597391496 18.2864693182344 0.0371239575897104
"391" 390 32.1867904039581 107.028702573031 18.8822015025849 0.326522411953528
"392" 391 17.6527067101782 96.9871707077716 17.6655583274014 0.212177477727896
"393" 392 5.87939479916054 82.1389467936983 18.9494228607778 0.295803918559659
"394" 393 3.69268667210795 64.9164403453879 17.3607724711492 0.54411077248155
"395" 394 10.8047736483674 44.9185018882198 21.2249693449616 0.467983648959213
"396" 395 17.9966770560233 26.1543098481129 20.0952327068653 0.0243169864437812
"397" 396 31.2164944481967 11.1614557801376 19.9887279481715 0.356626966528483
"398" 397 48.1025371464817 4.70757823908141 18.0773607952945 0.483091360219073
"399" 398 68.4113496088761 5.56594495414056 20.3269441148991 0.407310249483815
"400" 399 88.0270468628215 12.9520661929291 20.9602091046946 0.317880724815515
"401" 400 103.578202776018 27.0011587329888 20.9574676770767 0.374575384241571
"402" 401 118.936266639215 38.7963858092029 19.3648523724161 -0.0797651781119727
"403" 402 127.885679386418 54.9127649926278 18.4344695205406 0.408962208023618
"404" 403 127.299606617756 74.0890884480641 19.1852772343191 0.537455403089692
"405" 404 122.954189858886 88.2463490229133 14.8091415616318 0.267257915596146
"406" 405 114.925144767097 103.601198593445 17.3273474721213 0.183988316479442
"407" 406 101.4617220101 114.272244365977 17.1794927228106 0.418787741197338
"408" 407 85.9565785047068 123.780853117593 18.1885435237169 0.12010060261992
"409" 408 71.8053680530266 126.502198371202 14.4104988545535 0.360123481178514
"410" 409 55.7784643429472 127.93586766986 16.0908996078551 0.100769017035468
"411" 410 40.4254583241251 124.261447945342 15.7865814578685 0.324126889470221
"412" 411 24.8572854655182 115.369496815998 17.9286028747949 0.284034814874169
"413" 412 13.3400602163249 102.555016208862 17.2295499265455 0.319717909543016
"414" 413 5.27127352935872 87.782000251777 16.8329236637025 0.232224333454641
"415" 414 6.3934821604978 70.6471651564182 17.1715440760853 0.56530824935327
"416" 415 18.6543799455124 56.8866888218788 18.4304184284567 0.662433692057097
"417" 416 35.524096732927 50.4782427293566 18.0459282334919 0.479922204651486
"418" 417 52.104802280381 51.8523749088743 16.6375489690687 0.445727425838863
"419" 418 69.6135049836509 51.1645266423379 17.5222089243699 -0.121952299793583
"420" 419 88.2958718583235 54.4582574451954 18.970490100194 0.21377417629354
"421" 420 104.958224230409 62.4675990683171 18.4873886692362 0.273568205519072
"422" 421 117.435408647206 75.9365284415338 18.3600705181507 0.375526324942037
"423" 422 117.027021383006 92.8402639967471 16.9086680693112 0.771348393561492
"424" 423 105.805443924743 105.37784998104 16.826017442203 0.705910302134093
"425" 424 87.9622562237476 112.873034272347 19.3534786251368 0.443053340742634
"426" 425 69.0370284425782 117.904700998151 19.5826943143354 0.137818517607624
"427" 426 49.3863276194462 115.248189662486 19.8294502020796 0.394231257221454
"428" 427 32.5198080060053 104.568025223067 19.9636017873434 0.430114275016838
"429" 428 17.5764816616927 92.4606857341546 19.2325419987168 0.116453690941007
"430" 429 15.685915255036 79.8442323560987 12.7573170054929 0.741113844952774
"431" 430 30.9467533645916 70.2291574218641 18.0372627024449 1.15731708333545
"432" 431 49.4075712431749 62.1812766623664 20.1387730873883 0.151118197038323
"433" 432 66.2716221355127 50.4726303533755 20.5301877947672 -0.195784054888844
"434" 433 84.3115487188919 42.3641223223344 19.7784441658886 0.1844698337966
"435" 434 99.9398586077138 34.1932528419317 17.6353956022206 -0.0593225420624979
"436" 435 116.36262663468 42.7301365741935 18.5090705743347 0.961117962546758
"437" 436 122.034629600515 43.7404147573863 5.76127413441458 -0.303109516457956
"438" 437 127.803449347023 56.899111142561 14.3676919449476 0.981359613773995
"439" 438 127.818101880623 73.5180504905184 16.6189458073557 0.412286937108127
"440" 439 123.127247224597 87.5000539996943 14.7478994956765 0.324574049863345
"441" 440 116.238581714959 101.033010291727 15.1853422255059 0.147152218336331
"442" 441 104.996610845529 112.43350093088 16.0110304428707 0.30755269073046
"443" 442 92.152777341073 121.53002482026 15.7388311497473 0.17616388426635
"444" 443 81.8463282961565 124.933773283599 10.8539575969848 0.297258347761924
"445" 444 71.3360631870336 126.882248927235 10.6893512430778 0.135670039446561
"446" 445 66.876522849088 127.807376588329 4.55448802996402 -0.0212410219722323
"447" 446 59.652239849826 119.165797071529 11.2635323677169 1.07903941493425
"448" 447 48.8588077428171 107.751855796384 15.7091130265547 -0.0611591417378289
"449" 448 35.7200196388018 97.9967679112769 16.3642748842832 -0.174671355584251
"450" 449 20.1958739885428 92.8297401681683 16.3614569604454 -0.317356309622502
"451" 450 12.7278354704718 79.5755702841466 15.2133040008376 0.736382030634237
"452" 451 22.5861838996108 64.5112573728097 18.0033485007922 1.09258381333934
"453" 452 40.73632000941 58.2271275088552 19.2072311630615 0.658009286457432
"454" 453 58.984020514839 55.989403252095 18.3843951106672 0.211291458599821
"455" 454 72.6483890400388 67.6594707944896 17.9695699346568 0.828862431104796
"456" 455 90.2269389887338 73.8563745858013 18.6388581972593 -0.367917401580401
"457" 456 109.35493339278 76.0117361516843 19.2490455192178 -0.226716079853739
"458" 457 120.260025702184 80.5793954955654 11.8230516432244 0.284447125897612
"459" 458 121.939907010956 89.6473972383474 9.22229129981586 0.990964396890451
"460" 459 114.671809195449 103.673339498256 15.7972245073005 0.661270301876579
"461" 460 104.670580869212 113.687053543982 14.152704230044 0.306681147554189
"462" 461 90.6369028527686 121.785058338347 16.2025245044949 0.262655340362704
"463" 462 77.3394510454192 127.536652028822 14.4880314242165 0.11513237648347
"464" 463 65.5761358011561 128.496541432752 11.8024138719031 0.326814415853229
"465" 464 50.5298291071559 128.299114644706 15.047601884239 0.0945403765802997
"466" 465 35.3594827081447 121.966126379936 16.4391651317122 0.38234500180686
"467" 466 21.5714891626516 112.386127006851 16.7894357856027 0.211766933960806
"468" 467 11.4384200681968 98.8083982519331 16.9420721110233 0.322434485845505
"469" 468 4.02903474595718 82.5336553881022 17.8820090073022 0.213902428644096
"470" 469 5.79744601778102 65.1738111680422 17.4496839447327 0.528744687461456
"471" 470 19.97961181614 53.1214866027051 18.6116187947307 0.764887542732904
"472" 471 30.4360694688751 38.7219949328515 17.7955856041218 -0.238331579491878
"473" 472 36.2065938790841 24.3233342999593 15.5119431403682 -0.246905310704548
"474" 473 40.6812360870157 10.1278190832158 14.8840543924631 -0.0758118001308129
"475" 474 52.1536813396824 3.25649173236495 13.372813452598 0.725798666775052
"476" 475 72.292463247957 3.08083272979239 20.1395479798885 0.530918867433264
"477" 476 88.5244321968346 8.57152776427117 17.1354762968229 0.334904011349982
"478" 477 102.053177046001 23.4208888992192 20.088067684821 0.50571925422193
"479" 478 106.14178594804 41.0224616201485 18.0701988091995 0.510656279108402
"480" 479 115.164510790227 58.2739564898759 19.4685294467262 -0.253647652745332
"481" 480 117.190285309577 77.0901339028436 18.9249120166918 0.374638413801237
"482" 481 119.507923255627 90.276521838505 13.3885127045063 -0.0667346460064533
"483" 482 112.49121672713 105.307482747314 16.5880666850955 0.610733387199314
"484" 483 95.0184410916071 112.198754897953 18.782638799261 0.758375853965604
"485" 484 75.8094490294976 120.235958110785 20.8226321949589 -0.0206043073772926
"486" 485 56.8548417901583 119.872044006592 18.9581003550684 0.415471147452859
"487" 486 45.5892755336634 103.923900235926 19.5257848192925 0.936599549167386
"488" 487 36.3820724157773 86.9898704194007 19.2752160838983 0.11699859950505
"489" 488 23.7573969056027 72.387166985326 19.3034033092804 -0.214875785961306
"490" 489 21.08233737368 55.59714867913 17.0017839717404 0.554880626934477
"491" 490 28.5753504683568 38.8403664179285 18.3557891954096 0.578488627944383
"492" 491 47.0472397601116 32.5157031248725 19.5246526160487 0.820421319717428
"493" 492 66.4726196070064 32.0119778298973 19.4319098744551 0.303957345062414
"494" 493 85.8042455161997 35.9387621616782 19.7264136497569 0.22632641646235
"495" 494 101.535952875193 46.3939918112091 18.88910912281 0.386166759389638
"496" 495 116.335172429246 58.1408982015896 18.8946211698845 0.0843517144408766
"497" 496 124.564022983424 60.5872293942848 8.58478408274438 -0.381953354094093
"498" 497 127.467827670047 72.9632273112895 12.7120968411886 1.05136712156465
"499" 498 121.850461855283 89.3841166708949 17.3551262184196 0.560070834099869
"500" 499 114.032664136209 106.0014434612 18.3644632601161 0.110130414241489
"501" 500 98.3439453561188 116.590061070935 18.9276179126152 0.537364075120897
"502" 501 81.3650250402505 125.055687738436 18.9723633205278 0.131170149294673
"503" 502 64.1710037019865 127.429033742825 17.3570487421459 0.32535756662356
"504" 503 46.7077094391774 126.84241754399 17.4731441095813 0.170745199996027
"505" 504 31.3155159561154 118.556732727976 17.4806233610342 0.460240752746298
"506" 505 16.1458923425651 106.924577284654 19.1160801639456 0.160350839998513
"507" 506 8.31482387276507 90.7869700417423 17.9373353903299 0.464833070467154
"508" 507 10.2510508353274 74.113663725254 16.785354282052 0.567402431419826
"509" 508 23.1061841609082 63.353581763996 16.7640632494467 0.758273149648282
"510" 509 38.6521466983032 58.384288027535 16.3208710384378 0.387526664851083
"511" 510 51.1197566918122 47.9028338939148 16.2880993275898 -0.389680025837094
"512" 511 60.0813689423293 34.7580898501873 15.9089531429233 -0.273347461144416
"513" 512 75.5472117738298 31.3466349003791 15.8376235390051 0.755311054190515
"514" 513 91.1595795272899 26.7869648153413 16.2645817085367 -0.0670485403268709
"515" 514 107.73205645919 34.6344103898498 18.3365589384494 0.726394339856016
"516" 515 122.65379083479 41.7510286906994 16.5319210261829 0.00277924181773437
"517" 516 126.563510032742 52.5519534683067 11.4867697921726 0.778467363324478
"518" 517 127.929787817014 68.4170592801164 15.9238279758264 0.261400880051239
"519" 518 123.549560504857 85.6555587278202 17.7862940073151 0.334736102812182
"520" 519 114.184065250736 102.078942291444 18.9060844447727 0.269430354186384
"521" 520 97.5646987811614 108.753150690177 17.909450008298 0.670658099726383
"522" 521 79.4741894394613 106.527272788536 18.226932289202 0.504304095967421
"523" 522 66.8071364932653 94.4453020456381 17.5050920412881 0.639336085385011
"524" 523 65.5956082895132 75.9282265215284 18.5566669031394 0.743699878307293
"525" 524 68.2181744191398 56.0841792828391 20.0165947132773 0.19673187042408
"526" 525 70.9236348652161 36.3588665130435 19.9099844322275 0.00490892818028208
"527" 526 73.712184512486 17.8104967051867 18.7568129399507 0.0129155038894239
"528" 527 74.5825861324364 6.64338109071464 11.2009852301929 -0.0714357887163678
"529" 528 87.2900750467326 5.87561406982959 12.7306614402128 1.43266520077924
"530" 529 102.826487061588 15.0095053574677 18.0224323649645 0.591821700832203
"531" 530 113.777017189462 28.5350470280742 17.4027120749844 0.358741251643026
"532" 531 124.415148511862 44.2113315997292 18.9450715491955 0.0843508453673913
"533" 532 128.103618937673 62.2522048390751 18.4140685705312 0.394556180689157
"534" 533 126.333471204563 79.7354329652849 17.572611892093 0.302575934595246
"535" 534 118.335380717589 96.8222224826208 18.8660495983541 0.33688773198879
"536" 535 108.648490251896 109.930907983411 16.2994933189029 0.198610528730651
"537" 536 90.9841533243331 115.136604082126 18.4154302410412 0.647805413831909
"538" 537 74.6943659441806 106.958627464345 18.2273551139913 0.751859186882633
"539" 538 63.1012212577938 93.1068972835017 18.0629851553499 0.408658993607185
"540" 539 57.8833740521334 75.3787700687184 18.4800547619632 0.410623210479012
"541" 540 43.73181118078 62.6750930040318 19.0171013213295 -0.553017363121169
"542" 541 33.4997693714551 47.9484716810164 17.9323187340417 0.232033650518666
"543" 542 28.6590877173335 30.6245955203165 17.9874646381256 0.33475367289125
"544" 543 36.5353209785281 14.8726656373414 17.6113129954275 0.736134389880004
"545" 544 52.2562844878199 17.177919949719 15.8890808766656 1.25273314549903
"546" 545 67.2073836593496 30.0642919390025 19.7381343972298 0.56576488502104
"547" 546 82.1125854937061 42.4610424131147 19.3867084374915 -0.017585640605462
"548" 547 99.3385288465527 53.3108434911756 20.3580772134544 -0.131696253438152
"549" 548 116.811572656858 59.3186121443494 18.4770274716171 -0.230912810901668
"550" 549 127.361016035873 67.9885884631768 13.6550080547788 0.35674986975036
"551" 550 124.491306480578 85.1121806252999 17.3623915825694 1.04892325413498
"552" 551 115.76442395247 101.115350603895 18.2279984645381 0.333199621097587
"553" 552 104.04316064276 113.408234803898 16.9853765201202 0.262354499053924
"554" 553 86.069063180962 119.285562159847 18.9106096256888 0.493167587374178
"555" 554 69.5077638191584 112.53540921499 17.8841047114538 0.703058422512383
"556" 555 59.6948738243518 96.4922884462748 18.8062365732687 0.634820599007469
"557" 556 53.2097218159876 78.7755847956255 18.8663399952539 0.19804814899706
"558" 557 46.0427311187501 62.1857799100666 18.0717287992933 -0.0568959000437391
"559" 558 36.0808065602197 46.7607510742912 18.3622290448179 -0.165642532410648
"560" 559 25.9046086054704 33.2570364312459 16.9087348425315 -0.0723544419857055
"561" 560 20.4393953248162 28.0717125281473 7.53366711390176 -0.165879865608786
"562" 561 20.9550499657478 19.3582213275426 8.72873579687981 0.870781423062469
"563" 562 36.8123929827217 11.1626811152398 17.8499917907387 1.03466612566234
"564" 563 56.3774879607388 14.6675648823659 19.8765477817426 0.654279700809789
"565" 564 74.5868273945043 22.1651261983003 19.6924723765271 0.213328729153397
"566" 565 77.4177470211277 34.4503656943384 12.607189036713 0.953728948099216
"567" 566 74.2319675517322 51.8925860564719 17.7307710489095 0.407135457469563
"568" 567 66.1127325087828 69.6364133400424 19.5132105085718 0.248483978817403
"569" 568 58.2926799941275 87.8350169125469 19.8076347230339 -0.0232901600719754
"570" 569 57.6445335443542 105.292740887691 17.4697515784473 -0.368740480561035
"571" 570 71.8891466650257 116.069614752628 17.8619711470593 -0.96022097404057
"572" 571 79.6191802374558 122.029630572505 9.76090198721817 0.00913423862817156
"573" 572 75.9272300973259 125.343780388083 4.96125839251507 1.75324762035042
"574" 573 62.8841840866171 128.624135461082 13.4492296672493 0.485133836522935
"575" 574 48.4602888545704 127.536656275745 14.4648319950008 0.321643930052602
"576" 575 33.1819523688141 121.32046551158 16.4945019139251 0.311156862654956
"577" 576 18.3060426699959 109.579078772929 18.9513284999746 0.281766649521301
"578" 577 10.6207278821953 98.4589546754267 13.5174414491593 0.297881111833441
"579" 578 4.67834619080283 87.4524822682124 12.5081707302453 0.109684853631668
"580" 579 1.47070321584409 73.2931676591246 14.5180977973676 0.272275734866836
"581" 580 1.18673347877 56.7378201491749 16.5577827617943 0.205628136174671
"582" 581 6.52768734405652 39.7398459994304 17.8173206006544 0.321594134640663
"583" 582 14.9609663766749 23.8707835153862 17.9707356378224 0.184030427197164
"584" 583 27.1959489858555 13.2932182601685 16.17342530744 0.369450996020381
"585" 584 42.6212680615702 4.60270711305683 17.7049555940047 0.199804551235831
"586" 585 59.7510818610415 1.30510641456637 17.4443312044699 0.322887276235515
"587" 586 78.1411938783378 2.57667768442775 18.4340205463443 0.259214424869898
"588" 587 95.1098191671776 9.50058108815831 18.3268841469914 0.318385013991056
"589" 588 109.452459189885 19.9827388733761 17.7647672277223 0.243705305766134
"590" 589 120.508519166288 35.0538777501029 18.6915940797843 0.306754868512213
"591" 590 125.883834883663 46.4885204614275 12.6350731298677 0.19348179825147
"592" 591 128.190432510161 63.3388483174532 17.0074672266661 0.303393041716847
"593" 592 125.803489668496 82.0593957100197 18.8721061571491 0.26286149378412
"594" 593 118.05361197799 98.2390024562721 17.9399074323469 0.319879564869072
"595" 594 108.161739635327 111.475923221069 16.5246848616565 0.195067885241146
"596" 595 98.1321655146405 118.7146122353 12.3689520852457 0.303864874098398
"597" 596 84.8113374760731 125.419364474588 14.9130198894562 0.158857539203644
"598" 597 74.9903070688331 127.487321196833 10.0363879590723 0.258774417433637
"599" 598 58.7055386569716 128.571400645151 16.3208121880692 0.141060363536547
"600" 599 43.9184924654975 126.010832547649 15.007106451636 0.237934692864833
"601" 600 30.0474041132305 118.57722968038 15.7373931661082 0.320495696458621
