"time" "x" "y" "speed" "angle"
"1" 0 15.6480584126814 97.2569216929492 NA NA
"2" 1 8.88994910764054 88.4053055469315 11.1365681327473 NA
"3" 2 5.04838516207168 68.4138944178458 20.3571641561399 0.462231608365846
"4" 3 14.0762666078178 48.0115747633838 22.3104749093625 0.606440056451906
"5" 4 30.3658235783402 36.7297084657302 19.8148977654196 0.548472238833216
"6" 5 53.407591457147 34.2657795254362 23.1731312688559 0.49920223820065
"7" 6 74.5578768027489 41.4357107536633 22.3325431605513 0.433369543699953
"8" 7 86.0322547089072 61.9293974830055 23.4872847322494 0.733544322600099
"9" 8 85.8807383744199 83.7158171077482 21.7869464878627 0.517365317409373
"10" 9 76.4825909119671 101.839795014411 20.4157721109738 0.471420935983203
"11" 10 64.1570362099236 109.595612925367 14.5626924083759 0.530773393634586
"12" 11 54.4368524867149 119.276707462968 13.7188032662803 -0.221735906079852
"13" 12 50.2607262423873 120.391247042955 4.3222944004218 0.522578486321175
"14" 13 37.6650215273857 117.260787928645 12.9788886863968 0.5044031975757
"15" 14 23.4635007095372 108.743737752088 16.5596901314539 0.296621210644152
"16" 15 12.8675057731515 97.2299043374101 15.6474748311946 0.286667530828637
"17" 16 6.88189409764836 80.7178866077038 17.5634357867717 0.396142025029123
"18" 17 15.4304672140217 69.9389154771708 13.7573369864537 1.01827367454735
"19" 18 34.2008374842358 69.179703352255 18.785718062708 0.859864585859252
"20" 19 53.057002811619 74.0272050070232 19.4692897442764 0.292054291540558
"21" 20 71.0313443280048 82.854331547821 20.0248624443448 0.204870083242055
"22" 21 89.9360769727031 87.3705440425421 19.4366944634368 -0.222000820910547
"23" 22 106.684860989246 94.7365463232184 18.2969876108533 0.179835433443919
"24" 23 115.682307527227 97.3097405688948 9.358171446913 -0.135777615254292
"25" 24 120.81188118849 88.9895952791743 9.77432062029794 -1.29687099703783
"26" 25 126.484752950531 76.9287854261337 13.3283385438606 -0.112829102038822
"27" 26 127.765429197904 66.6399236801752 10.3682596262842 -0.315817080393102
"28" 27 127.114071602006 52.2774975063617 14.3771886095988 -0.16915563190839
"29" 28 123.796507396072 39.5830835950963 13.1207612893087 -0.210302800372028
"30" 29 121.284526109551 34.2760147881956 5.87154403074794 -0.186459544292169
"31" 30 117.469496150801 27.6903196278707 7.61090233355331 -0.0829698560690164
"32" 31 111.66336213377 19.3831693447369 10.1350845112559 -0.0849562468999299
"33" 32 108.594724201086 16.2659294254231 4.37421118334101 -0.167532503383305
"34" 33 108.272353968166 19.6941407359496 3.44333491788048 -2.27029243198862
"35" 34 104.930686379309 18.9249701185384 3.42904734774994 1.70327274117991
"36" 35 102.972384177758 19.2508726004019 1.9852354873621 -0.391144814122224
"37" 36 101.87582701368 19.0859460943441 1.10889060167843 0.314194541813921
"38" 37 97.3966414157956 21.8844589469399 5.28155070092505 -0.707727230546175
"39" 38 82.0565307176449 34.3790529065735 19.7846878784486 -0.12508070857919
"40" 39 60.3196770540165 43.9243702940455 23.7403431150767 0.269744725556769
"41" 40 41.331781803056 54.9223505965585 21.9430111150661 -0.111214260803894
"42" 41 23.9530052541453 70.1836809920592 23.1285555056428 -0.195623904026321
"43" 42 16.0780754591246 84.8169199562176 16.6176473021505 -0.356477321007161
"44" 43 30.5010180562726 99.5410417165717 20.611187126761 -1.26876803608891
"45" 44 43.0160385032738 116.571250386809 21.1341842553879 0.141316881317379
"46" 45 63.8246125154664 120.966785915926 21.2677569341158 -0.728871353091832
"47" 46 78.1859522150112 123.436724532717 14.5721883990167 -0.0378574001725543
"48" 47 89.6274792198761 119.523380432216 12.0922620816778 -0.499875931354612
"49" 48 98.9483065619756 115.051763090499 10.337948732315 -0.117755525455159
"50" 49 105.378045029102 110.803443531312 7.70647492908492 -0.136568722300968
"51" 50 116.767947646274 99.5939752513712 15.9806777311743 -0.193533122550516
"52" 51 121.580161215266 89.7697283070087 10.9395259247103 -0.337903257267487
"53" 52 127.165731470915 77.5903722487324 13.3990786651567 -0.0254881735163229
"54" 53 128.308572087698 65.7887326034413 11.8568454064593 -0.333454167180863
"55" 54 127.801280380525 53.6251036976418 12.1742027679092 -0.138217904951709
"56" 55 124.285944143007 46.2519676555691 8.16827545799704 -0.403215141677515
"57" 56 117.084585435322 36.855895416922 11.8383166350045 -0.209032153615303
"58" 57 116.091920109833 26.6338757099266 10.2701057121449 0.557121823022834
"59" 58 108.125659966253 16.1503060776442 13.1668725561579 -0.552987758709769
"60" 59 98.0281476389895 8.1042142521303 12.9112102013652 -0.248191088018606
"61" 60 89.2826166369776 4.33186985317242 9.52443671675656 -0.265577599249389
"62" 61 86.305569288363 6.31597308873278 3.57763561102218 -0.995097167065527
"63" 62 76.0197425459397 6.65082557141172 10.2912758179104 0.555320971971795
"64" 63 61.8713245386767 2.38486389794058 14.7775559923747 0.325389467628611
"65" 64 50.3528871261138 3.15503045464082 11.5441568315831 -0.359610641960643
"66" 65 39.4218156573375 4.95344191764173 11.0780236164105 -0.0962976902346741
"67" 66 29.9951204229491 9.06491337760053 10.2842977693227 -0.248216281540686
"68" 67 21.5761859611353 15.3151707601949 10.4854267829684 -0.227344035942997
"69" 68 11.8784631194453 26.7074156079567 14.9609181197409 -0.22695079783237
"70" 69 7.00000932345526 36.6547670883984 11.0792198694248 -0.24926284317628
"71" 70 3.31973588287381 49.2524656868622 13.1242684586679 -0.171731305972548
"72" 71 3.39856357893254 60.4573216614779 11.2051332530028 -0.291263965404853
"73" 72 3.66542526553201 75.1360645273055 14.6811684576146 -0.0111431224518548
"74" 73 7.15492352153394 89.3110497454226 14.5981781059308 -0.223195381476227
"75" 74 10.693539630272 92.2853641127034 4.6225912560418 -0.630452090512659
"76" 75 20.7369039285624 103.144675802573 14.7916806619776 0.125443189933482
"77" 76 26.9984898175456 112.623965642082 11.3606511127894 0.162623389941074
"78" 77 33.9546666960988 117.578196027864 8.54006999275291 -0.368166318531445
"79" 78 36.011285816816 115.387781130754 3.00459641702183 -1.43576206513022
"80" 79 46.6569727718702 112.628701662378 10.9974165265221 0.563297398028542
"81" 80 61.4380493586306 113.095626508174 14.7884496778837 0.28517255952553
"82" 81 78.2905180388637 112.217133511741 16.8753503834148 -0.0836601701552155
"83" 82 94.6089522169559 106.409764085069 17.3209940154305 -0.289820287979673
"84" 83 110.011065950289 106.21805783799 15.4033067469191 0.329455486361242
"85" 84 118.706090067785 92.819882523107 15.9723055997618 -0.982698877764912
"86" 85 125.882062469021 79.5022394173421 15.1279277429471 -0.0814228177020517
"87" 86 128.259475746367 63.5430558260309 16.1352915930415 -0.346347676365373
"88" 87 126.986972678455 48.776849604033 14.820934864185 -0.233845175452092
"89" 88 121.905871806012 38.3103608631907 11.6346453593615 -0.365986803050904
"90" 89 116.098669737288 27.4275997170015 12.3352375750126 -0.0382252809424511
"91" 90 109.026062023605 16.6639440581422 12.879365784624 -0.0911614845861823
"92" 91 98.1698972093275 7.77365906073959 14.0318737811383 -0.303289410338294
"93" 92 98.9914890609707 8.40721070333755 1.03749739976781 3.11230946684322
"94" 93 97.2432651104932 10.2883226030711 2.56804769432777 1.66271005598472
"95" 94 86.8261228082027 6.34834563942 11.137336854934 1.18358790828995
"96" 95 77.8668284090678 3.27924937033221 9.47039112388176 -0.0315596637867528
"97" 96 64.731324919011 6.15999609879438 13.4476820921243 -0.545923505669806
"98" 97 48.6995769826559 4.97523606404838 16.0754657237281 0.289658795923108
"99" 98 34.6838950899314 6.70383874120799 14.1218768629928 -0.196480539221942
"100" 99 20.964286206404 16.025280163932 16.586649393842 -0.474069404086811
"101" 100 10.105635960029 29.3368242847632 17.1786929669849 -0.289752974226024
"102" 101 4.87367294640557 42.4801791924141 14.1464205792276 -0.305419509153144
"103" 102 2.16449341757209 55.7829435157373 13.5758311849157 -0.177932806122788
"104" 103 4.44969599194186 67.7620166379144 12.1950950661475 -0.389409237051493
"105" 104 11.3112120160403 83.0681183363731 16.7737041631394 -0.232926544192766
"106" 105 20.4413656275775 98.8614018602123 18.2424644561703 -0.102735652084939
"107" 106 36.8989222561321 109.698172098473 19.7049932600584 -0.464327829402217
"108" 107 51.0342738105812 121.340846941735 18.3128381490634 0.106695210675766
"109" 108 59.5753260736197 124.291084052469 9.03623111532143 -0.356412687880366
"110" 109 72.1676408350097 124.654704950009 12.5975637012499 -0.303719060013871
"111" 110 85.8579770579725 121.579806081163 14.0314043827194 -0.249805507931723
"112" 111 95.9018706177106 117.526445715166 10.8309523171317 -0.162638451174435
"113" 112 99.3413851070852 115.777792183094 3.85850347905082 -0.0867704468483741
"114" 113 101.5408478663 113.614575834685 3.08498645040723 -0.306744048959323
"115" 114 111.066748988343 106.475083643901 11.9044168664069 0.133920504966707
"116" 115 119.642888888128 93.3113719029224 15.7109351211278 -0.350198765375761
"117" 116 126.197715578288 78.9107494702093 15.8222526647626 -0.15027754305037
"118" 117 128.490882183838 62.7722625308477 16.3005942766746 -0.286002310617813
"119" 118 126.653170824518 47.6659971362918 15.2176357299987 -0.262205563600919
"120" 119 122.614290367151 35.7503298391923 12.5815612101229 -0.205744489413231
"121" 120 116.196163580096 25.1413682954598 12.3992909672732 -0.217265606786119
"122" 121 107.572902952026 14.6873270435117 13.5516641914212 -0.145657205410334
"123" 122 97.9577792948395 6.71759728789957 12.4886826895587 -0.188970620125074
"124" 123 97.996268526991 6.8969576836444 0.18344364953128 -2.47428307818162
"125" 124 100.038248518941 9.77637677603382 3.5299768550432 -0.405464012916096
"126" 125 104.012069330911 12.7972633834631 4.99169387488779 -0.303951251419834
"127" 126 108.889302845546 16.4417644112827 6.08849689973272 -0.00825805954656961
"128" 127 115.629944570857 24.6934991931528 10.654922701706 0.24411244449799
"129" 128 121.658857530312 32.8519739989236 10.1443828116394 0.048538630373194
"130" 129 118.146749656348 32.2895724423348 3.55685215172273 2.36598849442914
"131" 130 117.320709353845 32.091338643494 0.849493508134714 0.0767426519506062
"132" 131 117.323908924425 31.7593256982865 0.332028361796467 1.34490610296379
"133" 132 117.320319839335 31.8051132431197 0.0459279957502688 -3.07300357278376
"134" 133 117.396451949879 31.8837845728698 0.109477287053307 -0.847222441463032
"135" 134 117.286821710512 31.9054476923807 0.111750078884728 2.14470467751229
"136" 135 117.212009223091 31.9846004237865 0.108913099134152 -0.618492045824506
"137" 136 117.064860813164 32.4170809332718 0.456828245217864 -0.42925966327339
"138" 137 112.807640224761 31.7675841303743 4.30648037674591 1.39423629834923
"139" 138 97.2495655253636 27.2287338194574 16.2066298315516 0.132461829542054
"140" 139 84.6492986197678 11.595555524748 20.0789190368014 0.608552445717294
"141" 140 65.2935230087146 2.9527612778875 21.1977343576857 -0.472451954795768
"142" 141 47.879254915176 2.95555970253711 17.4142683183882 -0.42011918372254
"143" 142 31.3332475597923 7.55783851651276 17.1741471312546 -0.271132063949894
"144" 143 19.777048931702 16.7249333736177 14.7506391336455 -0.399326205309996
"145" 144 11.5876228434239 26.366346524994 12.6500413916676 -0.196031142239717
"146" 145 6.04817884258245 35.8069979194002 10.9458365869933 -0.17351516456166
"147" 146 0.936028429172192 50.0350916520042 15.1186220639679 -0.185695527624204
"148" 147 0.0758338738637858 56.0299243501059 6.0562326368141 -0.202418978208454
"149" 148 0.72252348767053 61.5489003040067 5.55673492586608 -0.259160297036866
"150" 149 2.00473420487726 74.4009922681665 12.9158945558773 0.0172060989417059
"151" 150 3.70574595310172 81.4442408722481 7.24574301686828 -0.137534168956698
"152" 151 3.30471868932367 76.8930625503784 4.56881242597575 -2.99250888221629
"153" 152 1.39480313338889 70.4491466598801 6.72099913960846 -0.200254012425497
"154" 153 0.128920336454932 58.9601071985014 11.558567688113 0.178402932291138
"155" 154 2.54119962523201 47.4980081930024 11.7131893598168 0.317169006241504
"156" 155 7.6782527856044 33.1555617013888 15.2346672604718 0.136505896347608
"157" 156 13.2120681282899 23.0903362532329 11.4861601751476 0.158750393116731
"158" 157 21.9302095232355 15.2672398159162 11.7135318008627 0.336769193312618
"159" 158 30.6818295518286 9.69468623487932 10.3751726028244 0.164340086952472
"160" 159 44.6574901170505 3.97732898853569 15.0999093413377 0.178679613342382
"161" 160 50.7956105386875 0.526458112424652 7.04166401599138 -0.123842695496649
"162" 161 58.2123337250726 1.42012487082216 7.47036967616241 0.632079329673731
"163" 162 71.0499586682826 1.46498620693396 12.8377033273871 -0.116420862857686
"164" 163 72.9485148613529 1.67583823058997 1.91022883292166 0.107111380786722
"165" 164 75.3812891744025 8.38813076943416 7.13955614763671 1.11248030291919
"166" 165 74.1243216034837 16.9223848695004 8.62632369661834 0.493943771475325
"167" 166 72.416385775687 19.0066696020626 2.69467765015846 0.540246075039947
"168" 167 67.8779434217482 21.2274822042422 5.0526693553037 0.429238434544463
"169" 168 58.9936661734907 23.5239966411498 9.17629341198461 0.202123173247728
"170" 169 64.0551006578601 38.3525429463736 15.6685642151963 -1.64677193281682
"171" 170 75.6373033878884 53.0446909270737 18.7084641904745 -0.338651407899349
"172" 171 93.5750240161982 60.4782956239322 19.417010586814 -0.510345950472
"173" 172 112.412740915753 60.1226297744585 18.841074178089 -0.41174662734394
"174" 173 122.835711498249 56.9132791213261 10.9058813205696 -0.279820717143111
"175" 174 125.570196216517 48.0445776214977 9.28069356069358 -0.973016174664104
"176" 175 122.738143282397 36.1784009799015 12.1994537546245 -0.533364414734226
"177" 176 115.257525343708 23.0605426028542 15.100922261402 -0.28398310504708
"178" 177 105.224400140939 12.6069170200397 14.4893715930025 -0.246609206140672
"179" 178 97.0521853443038 6.0355314967881 10.4865724799643 -0.128676817345679
"180" 179 99.01240704242 9.2723300725184 3.78408960327513 -2.79257097213915
"181" 180 100.035185589407 12.1056586820423 3.01227936382463 0.198106708832926
"182" 181 100.441182970382 13.335391458056 1.29501991249596 0.0275403590170733
"183" 182 100.711662541446 13.6381737824177 0.406000411710111 -0.410225023589294
"184" 183 100.799658647596 14.3115487271611 0.679100236272782 0.59916578882285
"185" 184 106.146292644769 16.077465893407 5.63071563282729 -1.12184820721731
"186" 185 115.579903664556 24.635178643489 12.7368545718932 0.417746839895111
"187" 186 123.727009117708 40.7430080911813 18.050969413877 0.365779001289602
"188" 187 127.759511797059 58.1465093693023 17.8645720518721 0.2405767824069
"189" 188 125.231961963475 75.343542053395 17.3817847558587 0.373619567952869
"190" 189 120.569818678178 92.5706034459319 17.8467706948589 0.118366935397138
"191" 190 108.934043564446 108.236212532016 19.5141633316764 0.374552810214368
"192" 191 97.6057240438134 116.623087271943 14.0950520064582 0.29465167550046
"193" 192 91.955550657324 119.793293153101 6.47878573702837 0.125982790387458
"194" 193 79.0080698670353 124.331448910837 13.7197710074321 0.174186430921716
"195" 194 75.0795310218251 125.467063336597 4.08938107570321 0.0557271637310147
"196" 195 70.5509850219425 126.252314206488 4.59612312734507 0.109704402117252
"197" 196 66.1399367787007 126.46572116653 4.41620755114623 0.123350595432072
"198" 197 63.6754051437713 126.357885964981 2.46688966317114 0.0920693624334767
"199" 198 62.8253357571912 126.201966467676 0.864250456546317 0.13767640515658
"200" 199 62.4453603164248 125.18972872212 1.08120608077938 1.03028777074392
"201" 200 63.1124439854101 125.637917608924 0.803662802226012 2.5214930184975
"202" 201 56.8392283659666 124.978107845506 6.3078192057106 2.65479473673881
"203" 202 46.8897713332533 123.42085941055 10.0705867720795 0.0504627362400838
"204" 203 41.695908020266 122.413682538578 5.29061635024034 0.0362831406974294
"205" 204 35.6528874203231 120.034466827386 6.49451810157745 0.183535363256041
"206" 205 28.776655980952 115.947003831058 7.99936950978903 0.161241685467556
"207" 206 21.9128880778247 110.690470897522 8.64537149631827 0.117243983443289
"208" 207 14.3865375782843 102.994399556741 10.7645467124408 0.142986611386222
"209" 208 9.50460048705129 96.0534071822862 8.48591096494653 0.161279431182399
"210" 209 5.04593654627196 86.9474981840775 10.1388985013394 0.157640350203443
"211" 210 2.73160796489249 75.2319349183207 11.9419654754374 0.260297410749773
"212" 211 6.95861782260734 70.6677531352285 6.22088158433586 0.942095606304383
"213" 212 18.3465663317399 71.6559968789881 11.4307478733342 0.910295683010304
"214" 213 22.2360949184776 76.8767322997931 6.51033877467967 0.843930037944654
"215" 214 19.787585983132 79.7679337622932 3.78869923631177 1.34298497371263
"216" 215 18.1396602710043 85.2743853084669 5.747753281331 -0.411893017295572
"217" 216 32.3910554845729 87.3080432386838 14.3957643114376 -1.71984298231215
"218" 217 48.2599786712225 97.4383846147192 18.8267506356992 0.426418376817132
"219" 218 62.3228473349621 110.095665084468 18.9201221968434 0.164682233489273
"220" 219 78.0991334339209 115.263208334255 16.6010453380085 -0.41630480734722
"221" 220 96.6841159196295 115.364886826792 18.5852606252896 -0.311066794130814
"222" 221 104.871685060457 110.115446249227 9.72588889578874 -0.5755978705356
"223" 222 108.079984367466 100.809630477652 9.84334250231285 -0.668667819820756
"224" 223 101.399715525713 93.2147085573413 10.1147827843075 -1.05341429851366
"225" 224 86.2187490453006 91.595789218026 15.2670443474371 -0.743143744295343
"226" 225 68.4954922412897 88.4655435430287 17.9975628829783 0.0685752593254301
"227" 226 57.2778979404506 79.4430679230967 14.3958149547181 0.502551176759262
"228" 227 56.9844847416507 60.0419313664754 19.4033551478577 0.878307669185369
"229" 228 58.7257611466968 39.4979078327113 20.6176852841105 0.0996785511368122
"230" 229 56.0976198614637 20.0117533318891 19.6625874148103 -0.218619449827781
"231" 230 49.3273760347 4.70514034461138 16.737042827696 -0.28237597544689
"232" 231 53.8506228321888 2.96666173507044 4.84583011122177 1.62029895465233
"233" 232 61.6194131653196 2.54438504947159 7.78025840440711 0.312634509868198
"234" 233 74.4382638960685 1.8443970428508 12.8379483277755 -0.000249876062506355
"235" 234 86.6662612159621 5.04479160390738 12.6398751497697 0.310536798571073
"236" 235 98.6563434134082 8.47283753799409 12.47050801001 0.0224927939645701
"237" 236 108.441221542037 16.2180233676857 12.479252522831 0.391087431372258
"238" 237 115.559343517566 24.9328187322565 11.2523472531225 0.216338498307763
"239" 238 121.633568008186 35.9520351105709 12.5825010532308 0.181098622969575
"240" 239 126.698148829544 49.6059335931686 14.5629297419563 0.148600307877205
"241" 240 126.902137137484 63.557267461073 13.952825087541 0.340573461132902
"242" 241 126.218188938979 77.8533187883469 14.31240261767 0.0624256832664514
"243" 242 120.964605766875 90.9112082998658 14.0751062035514 0.33470824099084
"244" 243 112.043918521333 105.007414317994 16.681777034785 0.181705907672064
"245" 244 101.712191578213 113.254151576974 13.2194272586164 0.332937245398249
"246" 245 90.2891319820102 119.632784760837 13.0833196029404 0.164370382874231
"247" 246 75.1942331125583 124.499766114968 15.8601223002988 0.19736758957692
"248" 247 61.3823146608336 125.67120580007 13.8615064929078 0.227290462946983
"249" 248 57.5167015179655 125.694894042919 3.86568572224429 0.0784833293210597
"250" 249 52.9870225997073 125.531650464704 4.53261950403312 0.0421509369852342
"251" 250 47.108561358127 124.292823645293 6.00757841873524 0.171677741936508
"252" 251 42.2502158577584 122.281303810787 5.25830134602095 0.184844921718328
"253" 252 39.8987436741922 121.465220668306 2.48905868262017 -0.0584996025601497
"254" 253 38.7030713868638 120.932693070583 1.30889948468984 0.0849585139352191
"255" 254 38.5527383215106 120.810741850954 0.193577195215786 0.262532508681762
"256" 255 38.5799642086342 120.749887179359 0.0666673832136483 1.30994208088668
"257" 256 35.8350784580844 119.295069492724 3.10658852842127 -1.50411262777731
"258" 257 29.8120687090138 116.583888331121 6.60508514164893 -0.0643985376108471
"259" 258 23.1463530593249 111.617580129752 8.31239930907351 0.217359117327648
"260" 259 17.3652683676056 105.006873292678 8.78193515681883 0.211920544012284
"261" 260 11.5281059768231 93.2197491320251 13.1532794676848 0.258736189140259
"262" 261 9.73114189178853 80.232922807505 13.1105582606597 0.32231722724403
"263" 262 18.6283990524734 68.0798650803222 15.0618059044589 0.769441708359191
"264" 263 35.6824443541334 65.7490197456973 17.2125913541516 0.803017351859634
"265" 264 52.6938652990403 72.3459752771371 18.2457738900988 0.505773782278159
"266" 265 63.3575045279058 88.3497479430136 19.2310670828338 0.613092186653896
"267" 266 67.360741093812 105.175003625568 17.2949452669256 0.354175802466642
"268" 267 65.5104323513872 111.664285793274 6.74792008654493 0.511349194558015
"269" 268 65.7789932727337 117.995732737941 6.3371401579578 -0.320153775541473
"270" 269 72.791482891393 110.130683748244 10.5372674950446 -2.37104544317494
"271" 270 89.7597907296623 106.123501593583 17.4350503215479 0.610732709342545
"272" 271 95.2040843064022 93.1434926804682 14.075544889427 -0.941739183323493
"273" 272 108.961216886918 82.1662315783733 17.5999704017209 0.500168262236113
"274" 273 107.37967851146 77.9891985182601 4.4664156566898 -1.25926431222095
"275" 274 95.0220333086662 72.624021869496 13.4720642601862 -0.799247104140529
"276" 275 76.0643442583652 66.910216392322 19.8000390696302 -0.116863659000659
"277" 276 59.1241834786053 56.3849750920454 19.9436644494728 0.263209147691843
"278" 277 42.024436331061 47.2152713281823 19.4032167340096 -0.0637241013780818
"279" 278 38.7325312592103 28.6819576582369 18.8233991242459 0.902784995369064
"280" 279 55.1768452036592 19.3565122560545 18.9044807665454 1.2307127403766
"281" 280 74.5443518451915 18.4567584966343 19.3883952491533 0.469447707296301
"282" 281 93.4833979391687 18.1559339925401 18.9414350652757 0.0305410026623438
"283" 282 108.727815589915 28.1125000690163 18.2078411006253 0.594453976837039
"284" 283 117.556935516822 45.2362564406095 19.2659386212399 0.516170131652504
"285" 284 119.177382887836 64.4323031580372 19.2643208875862 0.391838689071328
"286" 285 115.615652545108 84.1637943655221 20.0503782584109 0.262802852301785
"287" 286 113.672934883691 101.695804156528 17.6393174251139 -0.0682273055464935
"288" 287 101.660459698242 111.536946702479 15.5289293478577 0.774071644697632
"289" 288 94.785484055978 117.101508400392 8.84475194517071 0.00592255938892437
"290" 289 97.4163033045233 113.403971319359 4.53795002001216 2.86964526294555
"291" 290 98.3827215846279 108.991656611422 4.51691104340145 -0.402783824675953
"292" 291 100.696540317319 99.5579502373125 9.71331936470048 0.0249008083701996
"293" 292 100.864390794289 84.6343264040155 14.9245677357963 -0.229276498776992
"294" 293 92.1729117695173 67.5265289427386 19.1890213823976 -0.481307289306462
"295" 294 91.0528915301332 46.4992705657075 21.0570662769308 0.416845594028921
"296" 295 101.163389694736 28.8471055944645 20.3425932788425 0.573365983753751
"297" 296 111.763800842706 22.1509085813846 12.5382523081965 0.48724799795542
"298" 297 107.561548047947 15.7718605201142 7.63879458547321 -1.58990690292604
"299" 298 99.5415641588442 8.30583637239746 10.9572650855842 -0.238646756111021
"300" 299 97.5093832011872 9.86043628335186 2.55862078624465 -1.40266822493945
"301" 300 93.3810845721061 18.0583191330745 9.17867816129584 -0.451261521466395
"302" 301 80.8049588666865 29.9732205893471 17.3240819228957 0.345881878535174
"303" 302 63.3807555570512 39.4596970434699 19.839256450032 0.259839697729325
"304" 303 43.5676691928684 44.5655394700763 20.46040122187 0.24635342383192
"305" 304 22.9736285554563 45.2663522102299 20.6059614741012 0.218196212546397
"306" 305 3.74444985303889 48.3495770395901 19.4747936810095 -0.124970932869709
"307" 306 1.40646852274478 55.1703338989832 7.21033153438605 -1.0815852624694
"308" 307 1.73758463269546 67.8082784983391 12.6422815019544 -0.356417540481788
"309" 308 4.33305739896384 81.7657211395157 14.19671384378 -0.157661986381047
"310" 309 10.4924161313116 95.3912630760047 14.9530295611548 -0.240697136951901
"311" 310 17.5901893676909 105.542801441567 12.3867718192655 -0.185623496531685
"312" 311 25.3179880732265 113.355536465141 10.9889809073388 -0.169755965479937
"313" 312 30.7035777325169 116.766295483436 6.3747825891663 -0.2263093503241
"314" 313 36.5985862993698 119.858155739487 6.65663021702549 -0.0815088160140565
"315" 314 44.9969325666997 123.385557186162 9.10904940111625 -0.0854077027358881
"316" 315 52.7149570157063 125.346859346737 7.96332892454775 -0.148785443576154
"317" 316 64.3526552132298 126.188588790118 11.6680987222639 -0.176650166113438
"318" 317 75.0266708162282 125.718178067761 10.6843762260959 -0.116244243773561
"319" 318 85.9004868906094 122.806411190602 11.2569206431593 -0.217597354307878
"320" 319 91.3804448760316 120.457822491681 5.9620305600271 -0.143257726702758
"321" 320 96.154952212152 117.731143417188 5.49824509074852 -0.113994518561049
"322" 321 93.7530121151106 117.621135335906 2.40445794467753 -2.57693321604981
"323" 322 92.4265599530545 119.321330877513 2.15641837729242 -0.95402816286582
"324" 323 87.6395122106615 121.795489063782 5.38862550365429 0.431228430294251
"325" 324 80.2999162257513 123.887826157855 7.63200784439729 0.199323293966036
"326" 325 68.8646029494757 125.994212067502 11.6276932934666 0.0955505129234148
"327" 326 64.1549613689659 125.592902801824 4.72670846822452 0.267163044866434
"328" 327 57.7034686396521 124.976133181719 6.48090759081428 0.0103065945177529
"329" 328 54.2151760888511 123.571604412773 3.76043694040597 0.287469412657082
"330" 329 51.3668752669445 119.224457657578 5.19716292637426 0.607985340779627
"331" 330 52.3187331439276 113.204045172178 6.09519482152322 0.736837275319751
"332" 331 55.8853308262223 110.858742725909 4.26861366158032 0.832307874856696
"333" 332 61.8835212582032 108.144056031747 6.58390555109669 0.156680406698361
"334" 333 59.4108996750407 100.964950162549 7.59298482644885 -1.47748978655068
"335" 334 61.5048050147662 109.345132215979 8.6378174801487 -3.05474886485317
"336" 335 74.1586543379727 118.65149883533 15.7075893232599 -0.691817052606586
"337" 336 84.7979909322092 121.573611300736 11.0333233627019 -0.366086246530114
"338" 337 100.155764915292 112.285645092079 17.9479118007811 -0.811964051515256
"339" 338 112.116042044092 104.028173052791 14.5338939543855 -0.0603377575215044
"340" 339 121.554755086209 88.0288735880304 18.5759760781098 -0.433543335009158
"341" 340 127.468695938868 71.4230433474731 17.6274868993558 -0.190862539091441
"342" 341 126.477140055225 55.4955108891074 15.9583668739217 -0.404305033404425
"343" 342 124.506054663546 40.9953941929522 14.6334740175875 -0.0729337245449514
"344" 343 119.00563526894 30.6347440799098 11.7302039317924 -0.352949509757521
"345" 344 113.778612932522 21.7587089908458 10.3007650884636 -0.0441543002443889
"346" 345 102.813079540666 11.4233236236638 15.0686135147223 -0.282761173166251
"347" 346 91.0556227815598 4.60174228107732 13.5930777035878 -0.230096263714157
"348" 347 90.7668894728643 6.46339869987188 1.88391389006749 -1.94265479773964
"349" 348 85.0326414601411 9.01844652288734 6.27772806430126 0.997757911769818
"350" 349 71.4520544997407 9.43625547643918 13.5870124203471 0.388414038230037
"351" 350 59.3003949656612 20.3376451681905 16.3249234804824 -0.700461316389527
"352" 351 43.0053575825871 30.2204183913315 19.0577398947466 0.186039057987957
"353" 352 24.6791904406245 38.4904953756055 20.1057846263449 0.121266913703929
"354" 353 14.1797132966574 54.1450880511186 18.849543552376 -0.556098368227581
"355" 354 13.992512395418 74.2955939502636 20.1513754411182 -0.581497286229574
"356" 355 8.28674968746247 87.1930424045126 14.1031877499204 0.407221510545886
"357" 356 12.4644322563239 96.1853490441637 9.91537242607065 -0.851427025275707
"358" 357 20.5480400289297 108.135232264409 14.4272112204273 -0.159835758081473
"359" 358 33.7765784399406 118.618082829499 16.8785184320668 -0.305929483475705
"360" 359 45.634603195287 123.711442925244 12.9056215721418 -0.26441533467156
"361" 360 61.5520882365559 126.233739348528 16.1160885231476 -0.248546040518194
"362" 361 76.6544402173232 125.084752962191 15.1459963378767 -0.23308774554596
"363" 362 91.7952368541029 119.227263060698 16.2343435574836 -0.293201008660757
"364" 363 104.04413523746 111.410584307989 14.5305188595887 -0.198867534511119
"365" 364 116.470329720515 99.0200630983131 17.5480860830496 -0.215958468238377
"366" 365 124.33751958923 83.8854162602915 17.0572627153967 -0.307463356928724
"367" 366 127.965884070589 66.6696746284336 17.593941819401 -0.271653695480068
"368" 367 126.999138755291 49.591408090165 17.1056068134631 -0.264264992221147
"369" 368 122.957186735476 36.3319241753086 13.8618645866572 -0.239340047244978
"370" 369 116.414155304766 24.9601932128627 13.1197380075028 -0.226231032179726
"371" 370 106.234987066445 14.0552403109424 14.9175555577029 -0.228870975663697
"372" 371 93.1751381075796 6.0792759887045 15.302799145842 -0.271540293991685
"373" 372 79.3365296404541 6.55901705960524 13.8469215279609 -0.582920545346951
"374" 373 68.6986098572447 19.2726506233483 16.5771473935395 -0.839401921089858
"375" 374 65.0205927801772 37.5336783036163 18.6277465507429 -0.497987123317876
"376" 375 53.7034722519042 53.9063012304125 19.903266027326 0.406056199561082
"377" 376 49.3552500567168 74.0807703643919 20.6377382747386 -0.392526920177446
"378" 377 59.6316139775363 91.7775008759358 20.464064264738 -0.738385623826426
"379" 378 70.1535748152537 100.821104925986 13.8743804937207 -0.334711934117239
"380" 379 83.2866458516628 109.563330348159 15.7766935756346 -0.122673545266031
"381" 380 98.4092513533164 112.503614168767 15.4057932643655 -0.395274984332694
"382" 381 111.26456986977 105.333115331161 14.7198936049002 -0.700834047939456
"383" 382 118.834385230421 93.0955576551533 14.3895768689687 -0.508032240065683
"384" 383 125.449554174323 81.1505897268828 13.6544029149491 -0.0482049360666803
"385" 384 123.810676730205 83.4898678617263 2.85624604489803 -3.03622901070416
"386" 385 121.108903507367 89.8778371041064 6.9358294088911 -0.21099200702524
"387" 386 114.63606067573 102.407501724795 14.1028433243089 0.0767098264275968
"388" 387 105.050700928332 111.794027055493 13.4158853330995 0.319037871562489
"389" 388 98.2266880792008 116.812824718449 8.47086072054103 0.140786816150018
"390" 389 88.1168839223259 121.729766198743 11.2420840421604 0.181460095654612
"391" 390 76.7880795078505 125.192413562598 11.8461696859299 0.156039108900637
"392" 391 65.4219676057769 126.323357437472 11.4222385642472 0.197457098973464
"393" 392 54.2483967559069 125.707287716346 11.1905418742058 0.154255512557353
"394" 393 43.5260441558466 123.029717212724 11.0516165822872 0.189633202752928
"395" 394 35.1654545741882 119.145773725183 9.21870246658132 0.190176954869645
"396" 395 32.1102811154817 117.842948512489 3.32136092552659 -0.031807370462531
"397" 396 24.1734166969495 112.244306355126 9.71280653592764 0.211255737712241
"398" 397 14.5465498799205 102.759259358783 13.514535923799 0.163638719081392
"399" 398 8.82452910687958 94.8179148244037 9.78807819445825 0.168442872993936
"400" 399 4.08579073078516 84.5076987727305 11.3470787619215 0.193554039789779
"401" 400 3.35131153062822 80.350786542257 4.22130062745162 0.255937942530605
"402" 401 5.42337390292562 83.1221295964447 3.46031570795001 2.67446522870518
"403" 402 6.59889481879612 83.9575060836702 1.44211764397297 -0.310951537753155
"404" 403 6.02244030523186 86.0292664756219 2.15046295663709 1.22434207846656
"405" 404 7.58542760504284 90.6512199586257 4.87907607016138 -0.597473038454534
"406" 405 7.63567687685742 87.2417037361469 3.40988648794412 -2.8007621853901
"407" 406 7.74841935435278 86.8051133233114 0.450912469124139 0.237976265943157
"408" 407 7.72061345495111 86.8051132991198 0.0278058994016764 -1.82350860351155
"409" 408 7.58882476442481 86.6532914366198 0.201042624544166 0.855916365495988
"410" 409 7.64608845739778 86.6283981222279 0.0624404326884067 1.87560599505017
"411" 410 7.70212725854246 86.5675567377963 0.0827165116122144 -0.416395437430471
"412" 411 7.27850182220259 86.473916717592 0.433851315196809 -2.09758154504746
"413" 412 7.14306038042482 86.5523660461198 0.156520545927061 -0.742540307577483
"414" 413 7.0312572275827 86.4407408291198 0.157987765525493 1.30959583429985
"415" 414 7.22010607642481 86.4754429691198 0.192010745088841 2.538719703283
"416" 415 6.67925751998035 86.281609025092 0.57453351413596 -2.97919317334976
"417" 416 6.98441456304547 85.7308427410163 0.629654127761259 1.73262224236572
"418" 417 6.62575356442481 85.1704979128698 0.66529996119204 -1.07531844220817
"419" 418 6.55777206795422 85.0404074150022 0.146782224733896 0.087823439617991
"420" 419 6.45982435332433 84.5090849741567 0.540275199270939 0.299240450108942
"421" 420 7.31961233050181 84.3382359515975 0.876598399615437 1.55694117144377
"422" 421 12.7150308491607 86.8747561664064 5.96191880115962 0.635618614281863
"423" 422 24.844060393702 89.2906919550902 12.3672997629798 -0.242850150848492
"424" 423 35.0803666853607 89.3074095486831 10.2363199429574 -0.19497981075934
"425" 424 46.2325101845811 79.8069727630735 14.6502083174461 -0.707225384983084
"426" 425 38.184756891094 63.6324895105968 18.0659968326544 -1.3268966917636
"427" 426 26.0371596904385 48.1641397336015 19.668095041789 -0.204032530636363
"428" 427 10.325144986355 36.6880574113238 19.4568206942714 -0.274231448964226
"429" 428 6.90587897433925 39.1884826660675 4.23597763396903 -1.26224905767831
"430" 429 5.46028831589466 45.0982890853044 6.0840401268102 -0.699488839665462
"431" 430 18.1115489143856 50.6096278294506 13.799610483041 -1.39985007162377
"432" 431 27.9615461295395 67.1073909337321 19.2145422163406 0.621703973981556
"433" 432 35.5600527321743 85.4054232082253 19.8130080429166 0.144652900881674
"434" 433 46.5519643433074 102.965578859993 20.7166886200778 -0.165692573099039
"435" 434 57.0192052562104 106.527741215747 11.0567686499043 -0.683487630339561
"436" 435 75.349383618869 103.171367089603 18.6349318775661 -0.509121391082376
"437" 436 89.6235241187021 102.202604314751 14.3069769106864 0.113335810002913
"438" 437 91.6493790536359 102.196026552306 2.02586561359693 0.0645175671086364
"439" 438 89.9541523187681 91.0159440565184 11.30787505658 -1.7180323263368
"440" 439 84.7488751653803 74.3260205750813 17.4828045822118 -0.151838334369539
"441" 440 74.2726310713335 59.3955300677631 18.2392773186651 -0.309523172048859
"442" 441 55.6748145404267 57.953888944884 18.6536084671157 -0.881589942639892
"443" 442 35.6042111698155 60.4761958794204 20.2284737914751 -0.202378292960991
"444" 443 16.8664454497505 54.6589467722399 19.6199962119016 0.426037816299566
"445" 444 5.27719125646959 51.2331650858182 12.0849821232595 -0.0136064282236417
"446" 445 17.4935580125608 60.8996630294927 15.5782155336994 -2.75960998566206
"447" 446 30.5240704352622 76.0750387616413 20.0021569489408 0.191897454512449
"448" 447 42.9061608163591 94.0882497868023 21.8584522243144 0.107288884349789
"449" 448 56.5120731422158 110.326983181394 21.1853088832692 -0.0951961699175496
"450" 449 60.4827362279109 124.329029044681 14.5541558909374 0.421085522278848
"451" 450 74.7329056757648 124.304344931964 14.2501908267212 -1.29620563303848
"452" 451 90.9990641274764 119.381764944762 16.9946963640598 -0.292133014747706
"453" 452 105.498793322174 110.261882295236 17.1293434276002 -0.267583249422518
"454" 453 115.651204309109 101.070747953364 13.6948311175422 -0.17429559474043
"455" 454 123.087992513717 87.650027995233 15.3434527729181 -0.329045781193833
"456" 455 128.068167712968 71.6719506883781 16.7362211815888 -0.203861537464468
"457" 456 127.873513405355 54.3892518439447 17.2837950012968 -0.313407434696575
"458" 457 125.877252932861 44.2245000906734 10.3589205074503 -0.182659988792387
"459" 458 121.824866575705 34.2107680594508 10.8026230324305 -0.190614379798417
"460" 459 115.569230843573 22.865292013426 12.9558019869111 -0.119363023888599
"461" 460 103.879215695866 11.3280210906008 16.4245266141918 -0.288074263076803
"462" 461 97.5942561092101 6.67189390321389 7.82177968182525 -0.141211590497603
"463" 462 87.8115204531255 3.20799423308554 10.3778860006046 -0.29730306949441
"464" 463 88.5935751193608 5.4490140548212 2.37355837138936 -2.24686316502902
"465" 464 86.872836759859 7.74635276758641 2.87031455820275 0.978628939468458
"466" 465 86.6183161443569 10.1617898184269 2.42880976823807 -0.537884559862645
"467" 466 88.5499923550177 14.611295119554 4.85071854549314 -0.514565784239124
"468" 467 93.6575124857793 23.3507272051983 10.1224717863634 -0.119305939841646
"469" 468 86.45261796093 37.599478774947 15.9667600473803 0.997044782296111
"470" 469 75.2928314068881 53.7378313806974 19.6210922417511 0.136845179141177
"471" 470 71.7625207103814 74.0814648977571 20.6476758568683 -0.433180499910415
"472" 471 67.5013566146693 95.5621151013604 21.8992203655781 0.024007081743901
"473" 472 63.8889317344127 114.181009707949 18.9660973815587 -0.00419156244878586
"474" 473 59.9305457334169 124.461473839689 11.0162045413505 0.175905019226901
"475" 474 64.6507933643806 125.507036414722 4.83466015309523 -1.72035346950817
"476" 475 65.646340221169 125.508154482724 0.995547484622017 -0.216863135577811
"477" 476 66.3630443700062 125.418709044352 0.72226402610543 -0.125282180310912
"478" 477 66.6407672276806 125.517099026562 0.294636342418917 0.464636400125014
"479" 478 66.9140106844248 125.26665179912 0.370655905641396 -1.08237296504255
"480" 479 67.0784374746687 125.332317840461 0.177054224279948 1.12185313660863
"481" 480 67.2485512065301 125.33750200162 0.170192706349927 -0.349492211105305
"482" 481 67.2485512065301 125.33750200162 0 NA
"483" 482 67.4166868717419 125.369841292656 0.171217498115619 NA
"484" 483 67.3548832782026 125.565797098564 0.205471073495426 1.68629708934234
"485" 484 66.9315210698794 125.48518326787 0.430968849379571 1.45343657523783
"486" 485 67.080359346243 125.40651193912 0.168350855293884 2.46719086504351
"487" 486 67.3485125746573 125.418709044352 0.268430481289103 0.531695141958883
"488" 487 67.4416062113813 125.45895949162 0.101422500973532 0.362638196867417
"489" 488 67.9546325561839 125.290467536979 0.539986638020124 -0.72542126352281
"490" 489 78.1454417261808 124.354279498025 10.2337207106493 0.225720027074832
"491" 490 92.633623871669 119.069881005258 15.4218121279958 -0.258135330077097
"492" 491 106.196179891155 110.312316645683 16.1442825574197 -0.223613861144969
"493" 492 109.917092275109 107.264464867689 4.80984297349523 -0.112929718075366
"494" 493 105.932531707611 108.954840426397 4.32828978298995 -2.85652437955823
"495" 494 99.2585075668288 114.695577170985 8.80333213064243 -0.309144251843817
"496" 495 90.7874109250816 120.608985151922 10.3309182681326 0.100935018344399
"497" 496 79.1001474061584 123.676210475352 12.0830459630609 0.35277486871085
"498" 497 64.1179815425072 126.083168527532 15.1742789295212 0.0973600593235852
"499" 498 47.9446838288361 123.939169975005 16.3147874251636 0.29108938304247
"500" 499 39.0144417566295 120.610425762489 9.53046491523736 0.225000610686078
"501" 500 28.2218813904503 115.003936585443 12.1619110402089 0.1223114262565
"502" 501 16.7267423505751 105.184481277713 15.1181984405079 0.227835110241183
"503" 502 9.54643311359304 95.9298315425265 11.7134701288591 0.204006614801923
"504" 503 4.60714148322557 84.6466279923804 12.316951090422 0.247221500914884
"505" 504 2.57424248664206 73.0257498243259 11.7973508775096 0.239442757293923
"506" 505 0.831122284935726 58.3609683003666 14.7680156142609 0.0548733741100333
"507" 506 2.34179502015758 46.8513692290723 11.6083161093623 0.248816546002937
"508" 507 4.32287662165701 41.1900791204417 5.997907135483 0.206109337883026
"509" 508 11.816597300798 26.2267062570057 16.7349447882925 0.12767419511387
"510" 509 18.2319299352552 17.4288078602031 10.888503524874 0.16575783173183
"511" 510 15.7132680411738 20.8141311138213 4.21948708591299 -3.13199478612569
"512" 511 9.28856106935617 28.9739511226958 10.3855439073238 0.0273387907256491
"513" 512 2.49078938879088 44.3199109541867 16.7841646491813 -0.249994403778911
"514" 513 0.965176946024918 62.7594123445897 18.5025053669009 -0.334442796931555
"515" 514 3.64152042770715 81.2157335112441 18.6493593841353 -0.226553898574719
"516" 515 12.3803134673431 98.7697185487476 19.6088983496393 -0.31789939281334
"517" 516 25.5391880528679 113.164644543488 19.5030734693693 -0.278663454609329
"518" 517 39.9647551056531 121.636220872314 16.7291539023803 -0.299227568399715
"519" 518 58.859204637295 125.803620559552 19.3485772928388 -0.313913698061413
"520" 519 74.5769006685173 125.427285053672 15.7222007665239 -0.241025256106686
"521" 520 92.4225519632661 119.55934526323 18.7856324758583 -0.293740814787267
"522" 521 102.343101585561 114.139579508562 11.3044754696488 -0.182331572907972
"523" 522 113.532047788523 104.108655436982 15.0270407886111 -0.23086846554846
"524" 523 119.595250447121 95.221071688582 10.7587904229079 -0.241229981941756
"525" 524 122.763654330407 87.9966642204996 7.88865301762627 -0.185378974061492
"526" 525 127.364559229651 75.248793853387 13.5527312667447 -0.0669417947908848
"527" 526 128.747040465598 64.648017697108 10.690542992911 -0.216684545439241
"528" 527 126.944770738413 48.2085053717596 16.5380089994173 -0.238875620001202
"529" 528 121.717534677827 33.6819649242878 15.4384058181253 -0.236219984842934
"530" 529 112.806750692527 19.542293400118 16.7132397231683 -0.216913751266167
"531" 530 99.7942385552598 8.80499203261437 16.8705397892045 -0.318577770951775
"532" 531 90.4483369307969 3.3139827631578 10.8396060800841 -0.158689673212483
"533" 532 95.4169432148427 6.45507917688392 5.87822550487667 -3.10904152837292
"534" 533 99.4327236550979 8.83131628985868 4.66615423677943 -0.0294393579892026
"535" 534 108.126614088756 14.9655572581636 10.6401430032531 0.0801489457283027
"536" 535 118.101269204132 26.3380489990645 15.1270391375034 0.236324441997942
"537" 536 123.844698587882 35.9957143516921 11.2364354289725 0.183495784802785
"538" 537 127.029414813994 45.5442454411625 10.0656278198353 0.214587496258193
"539" 538 128.386369921579 54.1265972904178 8.6889637142997 0.165115204638543
"540" 539 128.596781490964 67.3761872544619 13.2512605907449 0.140932560188463
"541" 540 125.846880735051 81.379187537271 14.270457984512 0.209791074637987
"542" 541 119.910752453738 95.1456015480888 14.9917235063033 0.213201658157749
"543" 542 110.234431917038 106.495993422904 14.9151793432334 0.298835883081336
"544" 543 104.231018649492 111.781074066622 7.99831533959227 0.14299719307274
"545" 544 103.63028366605 112.059996030017 0.662329209679411 0.287166852407764
"546" 545 100.718420772178 113.832294424329 3.40881021929802 -0.112070846220399
"547" 546 99.3798423641138 115.362848068262 2.03331911206611 -0.305455351880983
"548" 547 95.8532386596464 117.215363564456 3.98355963329293 0.368529082896506
"549" 548 95.8532616272411 116.830730750504 0.384632814638126 2.05453609556973
"550" 549 95.8751874503754 116.882685497023 0.0563918203825661 2.74219102920248
"551" 550 94.3702244252101 118.642910270363 2.31588103316926 1.10672201177318
"552" 551 94.5398591055554 118.679798275724 0.173599106320698 -2.06405438309362
"553" 552 85.6182136212521 122.305905921652 9.63039016901403 2.54142543806699
"554" 553 69.9339259103205 125.556771741615 16.0176468177659 0.18167010806516
"555" 554 54.1440938603477 124.946278505457 15.8016296044979 0.243019508807723
"556" 555 51.0458025683786 123.265367280163 3.52489311571402 0.45844437220866
"557" 556 61.2699412115194 125.525115596355 10.4708869465149 2.86202770077331
"558" 557 76.7773159433492 124.438274434776 15.5454139470101 -0.287494888116488
"559" 558 96.3809775152521 116.859911204952 21.0174959561991 -0.298912227248649
"560" 559 113.345317228908 103.855009918364 21.3756000943658 -0.285158913181969
"561" 560 123.394603034552 87.5026394072382 19.1934407164696 -0.365707589261829
"562" 561 127.768021545997 67.3149553725599 20.6559767660659 -0.337705359619265
"563" 562 126.988027923054 51.2413258366985 16.0925435064799 -0.261829468961235
"564" 563 121.236126889011 33.7966726886334 18.3684590796756 -0.270009367238404
"565" 564 112.014930242182 19.7184074456781 16.8293796632705 -0.2613811757647
"566" 565 98.6857960154876 8.67712044472539 17.3082592386017 -0.29912306354356
"567" 566 90.4234437725217 3.83834441326714 9.57497875033976 -0.161999621386812
"568" 567 83.1345154646797 4.28206842412681 7.30242198689408 -0.590596249968794
"569" 568 67.3579563224338 2.97774080680875 15.8303849890671 0.143288846245955
"570" 569 51.777844553202 2.95951645062578 15.580122427918 -0.0813177217274987
"571" 570 35.2140392720887 5.78682602294798 16.8033724236649 -0.170232392354548
"572" 571 21.502425438719 15.578442004604 16.8488604198527 -0.451071196423588
"573" 572 10.1530992046304 30.7710132828321 18.9636870890609 -0.30906402650108
"574" 573 2.57877271200601 52.4929180099169 23.0045988182671 -0.306086382869093
"575" 574 1.56355933113191 70.4711730712888 18.0068962694977 -0.279102993604325
"576" 575 7.01502147159192 89.7919172321847 20.0750988640071 -0.331415809923993
"577" 576 21.0380868081017 106.154908376596 21.5497990854698 -0.433536520328921
"578" 577 36.1471759898342 119.431242106291 20.113319298509 -0.141332170507772
"579" 578 55.034161978823 125.097330592771 19.7185901748802 -0.429464440377112
"580" 579 72.437464135551 123.442019643896 17.481847164869 -0.386285920035962
"581" 580 92.6351326883117 118.732849476902 20.7393852037346 -0.134232510795437
"582" 581 108.134366534338 106.806039556258 19.5569692104114 -0.426808815097269
"583" 582 121.65234051298 90.3426224164313 21.3021061026174 -0.227455488476726
"584" 583 127.749311155962 71.2267545280091 20.0646319714317 -0.378721526502117
"585" 584 125.827682073231 56.0367294768305 15.3110913845823 -0.43458604003609
"586" 585 114.285021697413 48.6621828490644 13.6973335549871 -0.876429989059774
"587" 586 98.7361630853608 42.3051510139625 16.7981801957855 -0.180423031588569
"588" 587 79.7475426112961 43.6756606165007 19.038014709489 -0.460156146375202
"589" 588 59.59344542839 36.5645740072877 21.3718316019416 0.411249264979722
"590" 589 36.1575480948766 37.3717255014673 23.4497926933595 -0.373626100945992
"591" 590 14.2297354784584 43.2741853529227 22.7083244304549 -0.228517258784553
"592" 591 1.50404252545467 57.2228312844129 18.8814190265511 -0.568269156279874
"593" 592 2.79844549190882 74.6608211590705 17.485964940724 -0.813675726826158
"594" 593 9.43777231663346 93.8896461815669 20.3427719947723 -0.258370633602015
"595" 594 21.7837708730624 109.842258597098 20.1719984938407 -0.326169467156208
"596" 595 39.3227485777605 120.207347943578 20.3727959810723 -0.378406496466393
"597" 596 58.102357303346 125.308729264372 19.4601591788514 -0.268512549325216
"598" 597 80.1976862250286 123.832731736673 22.1445733501262 -0.331946391858183
"599" 598 98.8457315353239 115.077677211981 20.6009847731887 -0.372240128171611
"600" 599 114.372977604723 102.172181542862 20.1902746134196 -0.254506957418547
"601" 600 124.549007682838 83.4776119510412 21.2847015570842 -0.378866759972994
