"time" "x" "y" "speed" "angle"
"1" 0 100.511929334658 99.0453894904558 NA NA
"2" 1 95.5422090768299 81.2791490134431 18.4482362335295 NA
"3" 2 105.895971289206 63.4191123865732 20.6441589865888 0.798128548716497
"4" 3 111.711078463025 50.0707866891357 14.5599886802112 -0.114520934345222
"5" 4 93.5237186990539 39.2857662694233 21.144661752739 -1.44639407358071
"6" 5 74.1543920092481 36.4098071244603 19.5816740198565 -0.387849987709475
"7" 6 53.917394246762 32.0708452821796 20.6969241267304 0.063806521514338
"8" 7 34.9248092289638 36.4649956155805 19.4942771810298 -0.438570629654208
"9" 8 20.2166162873568 34.8113574957057 14.8008600641667 0.339320534216098
"10" 9 21.9539773366265 35.1044660637538 1.76191261082468 -3.0864170001827
"11" 10 32.0429682000456 48.5508680923917 16.8105164750495 0.759960629571742
"12" 11 48.1365483894492 61.7461435756738 20.811502069588 -0.24033245812876
"13" 12 66.2783588781832 74.6545455132339 22.2654918739907 -0.0683424966552194
"14" 13 82.0311078833881 89.1475846772413 21.4055433341561 0.125352225480078
"15" 14 93.4966372609351 102.902794242761 17.9070978692463 0.132162460164108
"16" 15 105.69507381462 98.6559362731405 12.9165652155829 -1.21095931741576
"17" 16 106.564828288522 83.2980111603276 15.382533491452 -1.17920072799484
"18" 17 107.550393377444 66.061131355727 17.2650329841199 0.000543646127531618
"19" 18 103.922715942126 45.7808354042713 20.6021952095728 -0.234120426837666
"20" 19 104.071622379551 33.809673165567 11.972088308749 0.189443038633752
"21" 20 112.708214048408 32.3359024083407 8.76143343862338 1.38934353132495
"22" 21 113.787259513513 31.8302605295002 1.19164291018801 -0.269199791434513
"23" 22 115.312130941395 33.0355920736133 1.94372246033386 1.10710380869418
"24" 23 105.738390993226 35.2325374388847 9.82257937270818 2.2471324730471
"25" 24 91.9141566374659 32.7042448836995 14.0535304734288 0.406460145464764
"26" 25 77.7032972059626 32.0104364371009 14.2277860520363 -0.132105630429277
"27" 26 69.13062931544 48.199621557044 18.3188523005396 -1.13258800550852
"28" 27 59.0869945977561 64.607673358368 19.237951093014 0.0622888899117757
"29" 28 63.9608758394154 82.3644639066695 18.4135365678092 -0.817163457146615
"30" 29 76.4741882342894 94.4839100124552 17.420217019393 -0.533503764137694
"31" 30 85.7858031879437 108.580366993131 16.8942674435198 0.217620415646799
"32" 31 91.278326357465 113.693942300186 7.50442957116961 -0.237346295953421
"33" 32 90.1033865801431 111.834225371186 2.19977965631607 -2.88394341498181
"34" 33 90.7330354439866 112.240205921826 0.749184823149625 2.70695118433233
"35" 34 94.4101298173893 113.052290730156 3.76570109897612 -0.35533134788677
"36" 35 96.4047305925213 104.471788877686 8.80928171262626 -1.55975583661974
"37" 36 101.513937725254 87.6864819269007 17.5456697494632 0.0670744602118366
"38" 37 109.777531483195 72.5250152596943 17.2672248290537 0.203551078573731
"39" 38 105.051461814047 57.7945388422537 15.4700572074705 -0.809487825618038
"40" 39 96.7607172448013 46.0681864153537 14.3611902971982 -0.304959389146349
"41" 40 95.9958069017581 25.9326735432975 20.1500363883948 0.577450785707158
"42" 41 87.7714124496247 12.5187313378728 15.7345006147242 -0.512042951550643
"43" 42 86.0596870539047 12.0836071900116 1.76616444715791 -0.771853879299303
"44" 43 99.3326657032162 17.3423854666981 14.2767892464807 -3.01329448371509
"45" 44 111.757098806178 28.3997622306448 16.6322613865296 0.350018328481322
"46" 45 117.666372397345 32.3852510338488 7.12766689567637 -0.133876819000335
"47" 46 123.076218375562 40.7622169383683 9.97196025230325 0.404009895662637
"48" 47 125.170925666955 46.543722155124 6.1492764784151 0.225816526464558
"49" 48 127.218399041479 54.0726360897819 7.80235171309722 0.0820739765304697
"50" 49 127.202774973341 59.8296795918678 5.75706470316374 0.268240516451228
"51" 50 127.444493270573 61.5159891235971 1.70354558847652 -0.145085683220072
"52" 51 127.567230105762 69.0791943475875 7.56420105436843 0.126145058572306
"53" 52 126.261028562799 78.1071700167106 9.12197934404121 0.159913414783236
"54" 53 124.588787243808 84.0110831259757 6.13616989910598 0.132326592332302
"55" 54 121.00069121216 92.3022408263483 9.03425310386956 0.13241323897605
"56" 55 117.685716148447 98.9061395743569 7.38921770872847 0.056797783483921
"57" 56 114.935750339649 103.255316276879 5.14564378278584 0.0986041776355028
"58" 57 109.045299246647 108.987877731572 8.21946925968353 0.235153073972909
"59" 58 103.467876399953 114.032894244426 7.52062744894248 0.0364956128030031
"60" 59 98.7195042269612 116.7869548223 5.4892520401095 0.209734622322311
"61" 60 90.7265983590088 122.426965702913 9.78244687935407 -0.0889080203511993
"62" 61 79.4831297695467 126.336188177306 11.9036803668663 0.279878641892113
"63" 62 64.6654321880141 128.277263684851 14.9442944210741 0.204358501259727
"64" 63 49.1825525657127 126.037395399489 15.6440586592626 0.273926091302685
"65" 64 35.5401545943195 120.721087053647 14.6416582680358 0.227916439734765
"66" 65 29.8440249208008 117.475628199022 6.55582919504473 0.146304489780489
"67" 66 26.7772853684741 114.466278969969 4.29663522587275 0.258061563635224
"68" 67 22.8453592031555 110.184282883436 5.81339262862918 0.0520383105356673
"69" 68 19.9256204018692 102.937334992188 7.81301020133664 0.359807679622458
"70" 69 22.1345123339059 94.6334727035337 8.59263245323338 0.642984309514225
"71" 70 23.0341539310941 94.1870929682775 1.00429570916075 0.850226195347977
"72" 71 23.07322414974 94.1461468017623 0.0565956759596589 -0.348255427702572
"73" 72 23.3377699036862 94.0194841850166 0.293305087599669 0.362300002601951
"74" 73 23.0527933664063 93.9062054415039 0.306665453763296 -2.31670316459121
"75" 74 24.1718902270554 93.0889695019417 1.38573170723149 2.13249174238044
"76" 75 31.0667665006395 87.9278971181356 8.61254822795901 -0.0118145169559809
"77" 76 41.4807728816819 92.3096897220222 11.2983023206084 1.04083782235675
"78" 77 50.1707113904302 98.1804471683773 10.4871742752642 0.195875238438473
"79" 78 67.7268938423067 103.911208230974 18.4678413638451 -0.278629298770503
"80" 79 76.9320803850058 109.139809182786 10.5864879539524 0.201042789325329
"81" 80 76.0101295013466 96.8144349435597 12.3598075862396 -2.16202052908141
"82" 81 69.12491027857 79.9620577012595 18.2046384875528 -0.313202442642784
"83" 82 61.6614407109547 64.0872294957895 17.5417658330028 -0.0516151199682179
"84" 83 56.5196541197751 44.3695613933811 20.377055840969 0.184389910817193
"85" 84 66.2060862281531 31.6289451929638 16.0046951909917 0.905137387654634
"86" 85 73.5950584298115 19.7067739155371 14.0262282230533 -0.0952200916927402
"87" 86 71.2702111489538 17.441413574208 3.24603948764915 -1.35318460997061
"88" 87 73.1573748919096 22.5592088487881 5.45465081056903 -2.69651167367348
"89" 88 86.7015138512958 31.4460032734994 16.1993461379847 -0.636843812482271
"90" 89 101.929943389122 41.6534321117778 18.3329394718101 0.00982875225324362
"91" 90 112.267834042949 51.6206413758227 14.3602661425111 0.17663933311189
"92" 91 119.01498876194 61.9505637008216 12.3382086237229 0.225054009960207
"93" 92 121.154275533306 78.027228977113 16.2183758217664 0.44630706067422
"94" 93 121.680091013374 80.83820907219 2.85973617909032 -0.0526299944404163
"95" 94 111.784909461345 78.8519282449819 10.0925680315839 1.95381639475592
"96" 95 100.601890068443 69.0920938936624 14.842987883416 0.519447411960703
"97" 96 91.2306708974363 56.0511508269443 16.0588276290773 0.230149196882922
"98" 97 80.6451415563378 47.7646026576243 13.443225505574 -0.283519775622798
"99" 98 66.800856589131 37.2383634830137 17.3915478728702 -0.0140960260870603
"100" 99 64.0341976318017 20.2742342768608 17.188254172813 0.759050618734584
"101" 100 64.0128604317841 15.6800792467819 4.5942045793046 0.157021083500707
"102" 101 65.2282088270227 21.5557085240689 6.00000759382196 2.94226787027503
"103" 102 79.3064136097603 34.5873492519961 19.1838346001645 -0.620014404463999
"104" 103 92.6647199385275 49.8348180509478 20.2713998714491 0.104530948886118
"105" 104 99.1489841157959 67.2155582283302 18.5508978498153 0.36237349803177
"106" 105 98.2038313596113 85.7250020170886 18.5335593748673 0.408098089802213
"107" 106 102.790127649745 98.0054023963503 13.1088652115988 -0.408442951693239
"108" 107 111.813078268449 99.5889786208501 9.16085975912602 -1.03963636369948
"109" 108 116.306361165627 96.4662755023229 5.47182473773891 -0.781079058634192
"110" 109 121.144964983668 90.0886211913803 8.0054082605353 -0.314419533433824
"111" 110 126.193606998397 77.8792771206534 13.2119971552479 -0.256938368212352
"112" 111 126.864574040042 60.4758544709827 17.4163519915637 -0.353560681494543
"113" 112 123.944362168337 43.8032815721814 16.9263795432304 -0.211926485424019
"114" 113 119.671841177838 33.3581915412666 11.2851380748387 -0.214888309808775
"115" 114 117.062241886967 28.0018232295954 5.95824554287466 -0.0650716110500045
"116" 115 115.097084759672 24.9332421830119 3.64390342550546 -0.116253898827641
"117" 116 112.88591845541 22.4271779533264 3.34209729786744 -0.153358707663732
"118" 117 109.989598912373 19.3381048057848 4.23450585148274 -0.0302409291428309
"119" 118 108.344136905002 18.8772672748666 1.70877630121846 -0.544521379899518
"120" 119 107.523754284402 18.893873146232 0.820550668237623 -0.293308514459961
"121" 120 98.6631111472488 21.6247809648913 9.27193908079638 -0.278729732401594
"122" 121 87.3348448131762 15.2262691397535 13.0104024423579 0.81312405629469
"123" 122 84.3258277828154 12.6521059709665 3.95986104662028 0.193513206634185
"124" 123 70.4506087231199 17.2331494300323 14.6119014207046 -1.02656059104123
"125" 124 56.5210064655098 15.7507375769536 14.008260561446 0.424914553126372
"126" 125 42.9667339624334 17.9918518306336 13.7383003383133 -0.269883879185024
"127" 126 41.8672895590369 22.0589677210469 4.21309976884144 -1.14292006138904
"128" 127 49.0494610342641 34.1921953436224 14.0996028185476 -0.798488728362498
"129" 128 62.583443177358 37.0770399167734 13.8380273471627 -0.826310004918766
"130" 129 78.8075299597017 33.0729642692576 16.7108830919269 -0.451975573500562
"131" 130 88.6854235322799 29.929622724886 10.365972096034 -0.066124336558475
"132" 131 93.763504235555 37.0532668498018 8.74832608259564 1.25958629254623
"133" 132 102.514729018004 51.1354551732306 16.5798661987803 0.0632626365932573
"134" 133 112.193252436058 62.6073730722725 15.0092876525229 -0.144773517324447
"135" 134 115.60086984141 78.3604285264687 16.1174009233574 0.487775777160822
"136" 135 121.912636720935 81.431621633311 7.01930397126237 -0.904908071615884
"137" 136 126.871114912213 72.2845820188177 10.4045586010409 -1.52690557835575
"138" 137 127.04417835896 60.0559121307392 12.2298944471404 -0.482595248212449
"139" 138 125.828775417371 46.5005682779219 13.6097226745638 -0.103574476733868
"140" 139 123.204652190827 37.9825339883905 8.91307639739066 -0.20941781222448
"141" 140 121.047638306635 34.1774186717393 4.37396976093909 -0.216863565797485
"142" 141 118.37979454633 30.0151379786284 4.94388216866461 -0.054287422004949
"143" 142 116.226450887971 26.0039684389559 4.55262231982763 0.0773109348182544
"144" 143 114.165585906578 23.1298081240023 3.5366597217696 -0.129384609867434
"145" 144 112.707404755669 21.5436008253914 2.15461037383364 -0.121304143452826
"146" 145 110.550853530423 20.0105232497777 2.64594785284234 -0.209427080590769
"147" 146 108.972805380009 18.8975931841827 1.93102286261232 -0.0037537938749149
"148" 147 107.447810289024 17.9931775038637 1.77301374792597 -0.0789437365557863
"149" 148 105.044503679347 16.4193200419643 2.87278783944996 0.0444903923612691
"150" 149 100.69722699038 14.4933673451476 4.75479846058792 -0.162753857830151
"151" 150 97.3254170267504 12.1401148688801 4.11180004960043 0.19228991958987
"152" 151 95.6997459254122 9.58404620171983 3.0292397661731 0.394994391232461
"153" 152 92.8376424446767 6.81220884137205 3.98430906013299 -0.23494510158122
"154" 153 88.8896296798744 5.79736101859993 4.07636123208281 -0.517772171315288
"155" 154 86.1845663782919 5.40203642936239 2.73379754122794 -0.106490350656861
"156" 155 83.2771817926062 5.28575739792109 2.90970891022381 -0.105142096489837
"157" 156 76.9413200876636 4.69897463908908 6.36297552645157 0.0523764340242839
"158" 157 72.9317128842738 2.49577716131819 4.57504415842414 0.410094100072933
"159" 158 66.6865933326309 1.1349352621049 6.39166714472575 -0.287892594260568
"160" 159 59.8099790877379 0.981701058818164 6.87832132094185 -0.192271319547467
"161" 160 49.917979429325 2.98711180935282 10.0932318669691 -0.222299418100446
"162" 161 42.3822152149185 5.8392499150826 8.05744587752748 -0.161798646891001
"163" 162 36.2240136348753 9.53796183068932 7.18358660664005 -0.179053648965105
"164" 163 29.6195122299395 13.4401290609122 7.67113732769949 0.0072191245778552
"165" 164 21.7034737917189 18.4027673126286 9.3429889742408 -0.0263182321207942
"166" 165 14.515755412222 25.8481216368735 10.3487485483274 -0.243031629681431
"167" 166 8.56966786345364 35.2605868949958 11.1333040636182 -0.204373064085767
"168" 167 5.03713181025787 44.8528262445059 10.2220285024753 -0.21056293248002
"169" 168 8.7549927167935 53.9292470921672 9.80835894144412 -0.74162731189484
"170" 169 17.4142201528478 64.1526932650807 13.3978009926918 -0.313978296013434
"171" 170 17.436526871615 67.3408661416272 3.18825091240463 0.695751441642441
"172" 171 17.5352590691447 67.4373542448076 0.13805071852181 -0.789896251491164
"173" 172 17.60747926941 67.6927324892051 0.265393679348102 0.521292378308064
"174" 173 17.5460428629455 67.7312394212197 0.0725066607453825 1.2865205934448
"175" 174 17.7397030590624 67.6029035960723 0.232323816205505 3.11622743444354
"176" 175 14.1484497355233 73.1568998414845 6.61392279421851 2.73002409173422
"177" 176 8.37203342498065 81.7444852812704 10.3495704779631 0.0181452891420381
"178" 177 10.6186344142351 90.2726997721749 8.8191642692374 -0.84971128740238
"179" 178 19.7152692937473 100.2813274467 13.5248435872075 -0.480119555385544
"180" 179 36.4268548948601 99.5560608004153 16.7273161329466 -0.876468933509947
"181" 180 50.3837199649001 101.635361794935 14.1109027070954 0.191264567079945
"182" 181 63.0211682862232 90.1952028202942 17.0464758070154 -0.883605580191823
"183" 182 72.1581599059302 76.0972406678429 16.7999152590287 -0.260040000919312
"184" 183 76.1510631208504 59.8713168451011 16.7099934166695 -0.333756014313878
"185" 184 89.4495833764969 48.4021692514197 17.5610930045794 0.617838123294841
"186" 185 95.889836548055 33.2259260270689 16.4862130071893 -0.457793673481685
"187" 186 100.720764955342 25.7610944038711 8.89165791284318 0.173043076443471
"188" 187 108.164657797602 35.288953447348 12.0909734347324 1.90399816553115
"189" 188 115.880028141856 53.9540828481351 20.1968808259377 0.271251354262963
"190" 189 120.551148104962 61.0589871357158 8.50288343124901 -0.189626600771996
"191" 190 107.579767784758 60.1034927327736 13.0065243999093 2.22591999094727
"192" 191 92.3821582061828 49.5254898143957 18.5165191827192 0.534528099733932
"193" 192 77.4165770082649 45.7287935825094 15.439673664579 -0.359603567249562
"194" 193 59.63846494284 43.6283033514749 17.9017688461638 -0.130848330934102
"195" 194 42.6296356291286 42.1999815818888 17.0686958406447 -0.0338263892270157
"196" 195 27.2715284362441 40.5929883943787 15.4419520674309 0.0204767218965198
"197" 196 30.3434094506576 25.6549523748635 15.2506187771857 1.66935505838489
"198" 197 39.246189843384 18.1419727699518 11.6492214875042 0.66704513660128
"199" 198 57.9153283475893 19.5016272992982 18.7185841592887 0.773637622877504
"200" 199 75.3336323745503 16.3143139769064 17.7075204755138 -0.253684770527205
"201" 200 89.3592444315949 12.5741732917826 14.5157309812229 -0.0796167580797564
"202" 201 105.085289080868 19.5138530848837 17.1891720551549 0.676184479825219
"203" 202 104.885128197188 19.9692369653721 0.497432264699823 1.56933683332499
"204" 203 109.737053803548 21.352833956039 5.04534664044386 -1.70712911860469
"205" 204 114.353746904951 25.3018972377702 6.07527414983529 0.429822393830928
"206" 205 118.379165301784 31.1167679494514 7.07224961827036 0.257668347669896
"207" 206 123.349785032521 39.3420560882603 9.61053721048022 0.0619320590465359
"208" 207 126.716646854273 48.0338185154244 9.3210778677701 0.174017589642671
"209" 208 126.665506681075 57.3145847727159 9.28090715608104 0.375074917860307
"210" 209 128.589720642754 62.9361366282019 5.9417543397751 -0.335302129450266
"211" 210 127.941690900175 62.0605192367919 1.08933390813191 2.83426039556476
"212" 211 127.799183390069 67.19434000848 5.13579829298744 -2.47671710882116
"213" 212 127.456197103526 79.1836192496553 11.9941842705385 0.000848507159660261
"214" 213 126.330220643381 83.1655488504271 4.1380655304506 0.24697697137031
"215" 214 121.966981807448 84.67073746562 4.61556561070237 0.963032232795502
"216" 215 116.516568156431 94.6185556733821 11.3431078660953 -0.737379341581635
"217" 216 115.13416602953 101.147456669286 6.67364846652716 -0.292575706342816
"218" 217 110.966659848685 107.032467563386 7.21120385171935 0.407524783474681
"219" 218 105.524952245384 110.326783834978 6.36118710124961 0.410249383293818
"220" 219 91.7165583045211 111.114427374554 13.8308396553314 0.487388875842043
"221" 220 82.0357077714807 102.205391521159 13.1563591802649 0.800883185949786
"222" 221 74.5094643996941 88.1427586151565 15.9499838100338 0.335487132013204
"223" 222 60.7160102435414 76.8396540327698 17.8331026677429 -0.392899905326977
"224" 223 50.2843169008581 60.94342398704 19.0134256687885 0.303557869884503
"225" 224 49.9444675365395 42.0844683373971 18.8620175428193 0.562728591896172
"226" 225 61.1421817190147 24.9751629855782 20.4479126693702 0.597537448665048
"227" 226 68.4770419375291 9.00485571576541 17.5741539972022 -0.148973589109574
"228" 227 69.0022804839876 3.71527829148876 5.31559073463177 -0.331572779535988
"229" 228 74.0450810976448 2.79833601958368 5.12548740697972 1.29195705097238
"230" 229 82.6047510111786 3.49089447257196 8.58764148293706 0.260600445703738
"231" 230 87.2275948218565 4.24018084675461 4.68317360007699 0.0799524055751528
"232" 231 90.491803956611 5.93237160559121 3.67676091685422 0.317578972662735
"233" 232 92.0834196633247 6.99477771181394 1.91362151231564 0.110315448334238
"234" 233 93.5131786400016 7.79705084314935 1.63946726367165 -0.077236307293828
"235" 234 94.9858843162995 8.4894044852246 1.62733388543802 -0.0718820468449277
"236" 235 96.7105009883758 9.06059477102265 1.81674461831968 -0.119634203121292
"237" 236 98.5787432415917 10.7016330200848 2.48663138635109 0.400916755732956
"238" 237 101.54565414173 11.4398773107764 3.0573787665414 -0.476871314918896
"239" 238 102.814815284484 11.6991182418495 1.29536707794362 -0.0423834197713177
"240" 239 103.78260981966 16.6314469285658 5.02637966493987 1.1755533732387
"241" 240 93.8222212902931 17.9969488765179 10.053553363155 1.62830544273368
"242" 241 84.2376456502926 23.2713421843798 10.9399869727943 -0.36682968534091
"243" 242 86.9743568534703 37.2492994667595 14.243345042427 -1.26106465967386
"244" 243 91.7166611645703 52.7897702567156 16.2479439484679 -0.102840526882809
"245" 244 104.180868682934 62.1792479943214 15.6050876718403 -0.628994350731394
"246" 245 115.732795615304 63.4785485792773 11.6247665723184 -0.533615431568451
"247" 246 107.398841879907 74.7721027706559 14.0356386081058 2.09452951363788
"248" 247 96.0618709915435 86.9917635749916 16.6687437768001 0.112207455960798
"249" 248 81.0525109352782 89.180773876338 15.1681460764991 0.678029637256974
"250" 249 63.366585836825 84.3532824740409 18.3329381122434 0.411287539002042
"251" 250 53.5443788058579 69.5514322196086 17.7643047123668 0.718468352811246
"252" 251 37.1401079713628 60.3907073322724 18.7887993781649 -0.47563749602771
"253" 252 26.5811630072867 52.0694733096719 13.443744062324 0.158130385282687
"254" 253 35.0052434772205 34.17659387046 19.7767607658609 1.34339062404328
"255" 254 52.025887272246 20.7515223367472 21.6779810149019 0.462930379362222
"256" 255 72.6899009778751 17.6361172582193 20.8975407938289 0.518207050269631
"257" 256 92.7714513283709 18.7861553195261 20.1144538086907 0.206843701655737
"258" 257 108.727336683581 25.3471661829688 17.2521633721347 0.332915564236079
"259" 258 117.454162199702 31.8268578781476 10.8694014579178 0.248564087671564
"260" 259 115.564041963876 31.5583971246606 1.90909027603244 2.64399707457884
"261" 260 116.045493537132 35.0063311881285 3.48138548905644 -1.85062404667191
"262" 261 115.91815014957 36.0553062114396 1.05667636383446 0.259544515487183
"263" 262 109.860893957926 33.9960437622594 6.39772728442037 1.77769777289225
"264" 263 98.8128228456009 29.3589112734818 11.9817725325372 0.0696845095506573
"265" 264 85.3303494852115 31.9900488666811 13.7368108725408 -0.590122860621738
"266" 265 70.8641991179388 41.817582928803 17.4885657556791 -0.403999781041307
"267" 266 56.0674347648836 44.0036269944613 14.9573735654641 0.450052939821164
"268" 267 40.651014649135 39.8187280401477 15.9743353052036 0.41174653876119
"269" 268 21.9262988247747 42.9348824020122 18.9822390857879 -0.429977567354725
"270" 269 17.2462312246333 41.0657431968865 5.03951526538334 0.544882324724979
"271" 270 14.2601603360184 46.9965079550722 6.64007454542281 -1.48433626789002
"272" 271 27.2490655164925 59.8568652404556 18.278414791635 -1.25680548690569
"273" 272 42.8670408523281 66.4275031081422 16.9438612948479 -0.382193877675672
"274" 273 61.0906176191006 66.7367282157381 18.2262001070332 -0.381264564638334
"275" 274 78.301105744325 67.1243181966135 17.2148519453919 0.00554998167729332
"276" 275 98.2351819603957 69.6817716360977 20.097461598004 0.105081762476649
"277" 276 115.617532200703 71.8753917298396 17.5202188625706 -0.00206400787213544
"278" 277 120.4575292537 68.4483178183038 5.93046432146318 -0.741658446966773
"279" 278 125.326053080335 76.4415179150973 9.35915445101178 1.63984869413688
"280" 279 124.239812662402 85.5888658776604 9.21161728437289 0.665267280238974
"281" 280 119.420276523212 92.9923632449337 8.83400825583646 0.458868826452585
"282" 281 116.980465769714 100.035037251005 7.4533169574805 -0.243571478946807
"283" 282 113.944168862888 103.67001853616 4.73626306805645 0.362404264817606
"284" 283 111.282485376242 106.497985373057 3.88354933194821 0.0592197564654606
"285" 284 106.215886323936 111.290678184348 6.97426199251362 0.0580554655823222
"286" 285 100.164601309277 115.61372722159 7.436854395982 0.137297411000385
"287" 286 93.2323308777248 120.27658239296 8.35455514586763 0.0282064437284472
"288" 287 81.4544965456912 124.923604682873 12.6614453249139 0.216314917535494
"289" 288 68.6541756003049 127.64928062137 13.0873039861766 0.16600048117351
"290" 289 55.9375684995747 127.262034005977 12.7225019589496 0.240247152405228
"291" 290 54.5231043906021 127.033663461777 1.43278114903477 0.129629778138702
"292" 291 44.2748703942008 123.084220408657 10.9829140247402 0.207765521102777
"293" 292 33.1638899191621 117.913280187013 12.2553053773665 0.067740434247612
"294" 293 27.1749803961287 114.584853210794 6.85167595637005 0.0716802587333544
"295" 294 27.9118933834655 113.163357879774 1.60115262452312 1.54180216291774
"296" 295 24.7291739433482 100.724292612303 12.8397837895704 -0.728755309282975
"297" 296 16.5339258319025 94.8574578886453 10.0787817360467 -0.698999456944684
"298" 297 12.9591260709452 93.5417266564458 3.80924428283696 -0.268635929137341
"299" 298 9.57928203207274 89.0257314018616 5.64070552914512 0.575639525382181
"300" 299 12.4112814389116 77.0337066612236 12.321886138916 0.87439474335481
"301" 300 24.5367098857019 70.9443511640729 13.5685763950723 0.873484517410668
"302" 301 35.3673698232122 70.1663933317572 10.8585640427661 0.393697710310838
"303" 302 41.6164526186773 59.8831021358418 12.033167230807 -0.953033426929469
"304" 303 56.7082592359745 56.8017496779739 15.4031607127726 0.823333843589851
"305" 304 71.6158528930374 54.5187104812905 15.0813996902707 0.0494403019838406
"306" 305 84.5529954756353 68.03817763388 18.7121791967802 0.959370508918945
"307" 306 101.43264676853 76.0434135125249 18.681713766206 -0.364565973061046
"308" 307 119.632693428968 76.0067822914195 18.2000835242177 -0.444851884963452
"309" 308 124.478347841392 80.9814581362224 6.94462140404428 0.800548300999793
"310" 309 121.404308158251 90.1681583460242 9.68737222977945 1.09516746471869
"311" 310 118.29743872892 91.4981651583996 3.37957923000428 0.84340810809936
"312" 311 108.499141805883 83.7658434424622 12.4818036241058 1.07257119056673
"313" 312 108.79605361941 74.5292331270665 9.2413812140549 0.934840653059908
"314" 313 104.69426868077 65.8850772646973 9.56797106265392 -0.475186899506601
"315" 314 91.4033293332273 54.1526097647237 17.7285042340856 -0.40454552746662
"316" 315 77.5163105339189 47.9764656518995 15.1984883207086 -0.304724947633424
"317" 316 62.1096705425096 54.6572342519055 16.7927729964922 -0.827629866899374
"318" 317 51.8997078259049 67.3990137445959 16.3277764351061 -0.486107533918219
"319" 318 56.0285201450712 85.2845869026867 18.3559477652427 -0.902403615846795
"320" 319 71.2436377036846 95.07213571791 18.0913215142732 -0.772289489494181
"321" 320 89.4907805511337 101.215678500026 19.2536058963225 -0.246870952956422
"322" 321 95.3974619638658 104.396345137787 6.70861577168354 0.169196327384266
"323" 322 104.721561377102 104.988991935663 9.34291496776809 -0.430485147207506
"324" 323 114.51501019934 100.122648281244 10.9358557231103 -0.524638177370042
"325" 324 120.974266861279 90.2839947604647 11.7694987032905 -0.52868960990096
"326" 325 126.877650121719 75.4650824119675 15.9514920026964 -0.201845055290088
"327" 326 127.690448980218 58.4163388707468 17.0681076373068 -0.331459922039339
"328" 327 123.428850098633 43.0116286072697 15.9833139032305 -0.317531597187071
"329" 328 118.70422455016 32.5251100453347 11.5017024010835 -0.153412568674193
"330" 329 117.497408738625 30.0549928351142 2.74916049644205 -0.0311535755503746
"331" 330 116.016101048345 27.9581193391436 2.56732369041914 -0.16057381135929
"332" 331 115.071042377705 26.0982599896466 2.08619574605622 0.144898623794089
"333" 332 113.251906161266 23.1529451026211 3.46181113836299 -0.0831532328265158
"334" 333 112.590377882942 22.8824739811486 0.714684749084217 -0.62938992071742
"335" 334 102.250940869639 23.7243376757836 10.3736537551813 -0.469362537621059
"336" 335 88.3117084189604 23.6065372965978 13.9397302069802 0.089694157324847
"337" 336 82.6637004949519 17.5527675766442 8.27937928421511 0.81160870940738
"338" 337 69.6449571636023 19.1103197820883 13.1115844504104 -0.939132748262576
"339" 338 58.4560305806863 26.8677755994609 13.6150724873711 -0.487152350158614
"340" 339 56.1690454787435 41.7801281544965 15.0867014148947 -0.812394600597105
"341" 340 69.0361669910952 52.4566374253886 16.7197687252267 -1.03035196616415
"342" 341 86.2033479114957 55.7396584286387 17.4782815992174 -0.503663745619141
"343" 342 100.277207515428 63.7119989002358 16.1750343661538 0.326439146941336
"344" 343 117.395158367021 67.4417759210744 17.5195741381667 -0.300862039078018
"345" 344 122.871112174451 70.8358357627481 6.44249270934613 0.340325794358478
"346" 345 124.823072520088 81.8594098659263 11.1950585170065 0.840681816568105
"347" 346 120.71404267943 93.4739792222015 12.3199978718808 0.515295291867045
"348" 347 113.56240918986 104.037946028062 12.7570865108167 0.255070776226167
"349" 348 105.484654530161 109.525357314862 9.76533680795478 0.378970973850855
"350" 349 104.6123605951 109.451169748137 0.87544303309841 0.68155878771676
"351" 350 105.26135374435 107.651640238461 1.91298159007579 1.83207904750942
"352" 351 106.146682193591 108.406124238302 1.16320787869177 1.93044350002853
"353" 352 109.168523506647 107.238041815473 3.23974404356494 -1.07462960829852
"354" 353 111.178119797173 104.20591669081 3.63761735515294 -0.616642405125596
"355" 354 113.456833204371 102.366990193234 2.92817100860402 0.30650152492117
"356" 355 116.314414985142 100.213979339884 3.57788056933635 0.0332981199752029
"357" 356 118.709433483928 92.9850143908888 7.61538231760781 -0.60517127372195
"358" 357 124.489070147921 84.5198105611946 10.2500671142212 0.279129016443752
"359" 358 126.674902337341 72.8513206914885 11.8714581328386 -0.413874671122948
"360" 359 128.152483567225 61.7392656786389 11.2098623051089 -0.0529860389250659
"361" 360 126.66533252279 51.5661998194088 10.2811909429402 -0.277352485639815
"362" 361 124.335853684762 41.5525416904311 10.2810418139826 -0.0834079980360984
"363" 362 120.77021482103 33.6799293328361 8.64244212242799 -0.196711980958962
"364" 363 117.221054047562 29.9833862664976 5.12454611036127 -0.339783383310267
"365" 364 115.232001693928 26.8637567911693 3.69978611933645 0.197456930604715
"366" 365 113.942456695343 24.2464184715386 2.91777075569379 0.109818226944805
"367" 366 111.737956863382 20.9782145439187 3.94220451291229 -0.135641175197178
"368" 367 109.366891979073 18.0891891978739 3.7374344322936 -0.0938183679389806
"369" 368 106.762414820857 15.164579542145 3.91620261299798 -0.0403183206269669
"370" 369 103.168766633004 13.0359641849855 4.17675838860655 -0.30847470823006
"371" 370 100.024309787805 10.8476063566424 3.83099449701843 0.0732383127595486
"372" 371 97.2076122217535 8.88481697718062 3.43312209610002 0.000605547981402677
"373" 372 94.8739098054346 7.344497193595 2.79620314062439 -0.0252067027903456
"374" 373 92.3667358759261 6.4349790154926 2.66704788654153 -0.235393420413685
"375" 374 90.2223624676931 6.40507489999435 2.14458191031742 -0.334057845004513
"376" 375 86.6213191180262 6.31137690746965 3.60226213926515 0.0120693271658965
"377" 376 83.0769171791459 5.59129141091063 3.61680912223656 0.174419657387088
"378" 377 81.7474309756301 4.98061946480237 1.46302897821687 0.23015155420236
"379" 378 77.9179019886143 3.37126101871474 4.15395316179513 -0.0327447823318548
"380" 379 75.5466419066085 1.91308114116147 2.78373183547116 0.153491334484285
"381" 380 71.6040673055853 0.947995848544833 4.05897574600519 -0.311266616961841
"382" 381 67.5734709074307 0.0326464380639679 4.13322777839353 -0.0167523764347843
"383" 382 60.0885832694196 0.629566820480969 7.50865213580953 -0.302894229258032
"384" 383 50.5201858012152 2.29530347340939 9.71230707434898 -0.0927783183945192
"385" 384 42.5548457537477 4.95388941914027 8.39730440692888 -0.1497829023447
"386" 385 39.750213676434 6.60469104315102 3.25439811500279 -0.20985082961355
"387" 386 32.7196875099269 9.81208752734966 7.72759279367066 0.103987534721776
"388" 387 29.6167948447556 12.1131592177618 3.86301356663287 -0.210090264762646
"389" 388 24.0897744481322 16.184619669169 6.86474651185781 0.00319645500406966
"390" 389 18.8899439860364 20.5496843753156 6.78911089343717 -0.0634448568193471
"391" 390 14.3746479038054 25.7522613600246 6.88873761962483 -0.15765915723119
"392" 391 10.2417492282124 32.1525468872169 7.61869452677458 -0.14142006963775
"393" 392 6.29762762390615 39.4421988464799 8.28825198197679 -0.0774205365003919
"394" 393 3.78004325402688 47.9091216824627 8.83329006485965 -0.206933882614275
"395" 394 2.77270711146411 54.0361070780066 6.20924118885079 -0.126065890312207
"396" 395 1.73239749824973 64.2533712990655 10.270089203813 -0.0614828375253789
"397" 396 5.29230253457868 75.6092543208388 11.9007984216135 -0.40525158937394
"398" 397 10.4550234799008 88.9626646756865 14.3166775358049 -0.0651381376174374
"399" 398 15.6689269426482 100.371422237725 12.5437051315877 -0.0597465940366776
"400" 399 27.3923454400816 113.219609015208 17.392942382905 -0.310987771378034
"401" 400 44.1187383147295 118.307648038995 17.4831450175491 -0.535842915157024
"402" 401 60.1981508280928 126.500674707757 18.0464177267941 0.175948198130616
"403" 402 79.1203574961644 125.755878578075 18.9368589386942 -0.510587285761484
"404" 403 95.2875874847854 118.77801678051 17.6088012303755 -0.368111401218768
"405" 404 109.974853166719 105.819517016963 19.5866916382931 -0.315494676219899
"406" 405 120.049436948912 92.1483597933417 16.9822783576701 -0.212770743880724
"407" 406 127.231230637377 78.3016641878853 15.5983697793662 -0.156611143719386
"408" 407 127.610225308069 61.8121943832629 16.4938246443317 -0.455487718449726
"409" 408 125.511255047561 50.1749839176398 11.8249881004467 -0.201428520683484
"410" 409 121.232726502342 35.8956735940261 14.9065257464748 -0.112669993671274
"411" 410 111.97921126363 22.2237433715916 16.5090647912045 -0.303884399942389
"412" 411 98.0918808955639 11.2627243528161 17.6918592206068 -0.30762212484996
"413" 412 82.8660492909582 2.61781696836384 17.5088655182901 -0.151780713063668
"414" 413 65.9511021976299 1.36123015337386 16.9615578763774 -0.442238235657355
"415" 414 48.5321097076354 3.37760927423973 17.5353096387133 -0.189396915942325
"416" 415 30.9019268769222 11.3312130779183 19.341229539775 -0.308553342611142
"417" 416 19.5388549885467 19.5637380376382 14.0318876118932 -0.203181266327789
"418" 417 11.0245474485258 31.5887315564153 14.7341067599189 -0.32770829288371
"419" 418 5.49763009417431 42.635227194006 12.3519990816524 -0.15219551855998
"420" 419 2.80788925757491 48.722520490969 6.65506164143659 -0.0478479143544247
"421" 420 1.12135233915438 56.8815560291165 8.33152253132342 -0.212228367867514
"422" 421 0.638294404767915 66.7802694391798 9.91049303226334 -0.155075653749312
"423" 422 0.855691418749303 73.9344850611062 7.15751790963212 -0.0791393023823849
"424" 423 1.21090805610328 74.8879046719727 1.01744179874714 -0.326261653137818
"425" 424 2.7059392226925 78.36071602637 3.7809439155195 -0.0498769619626223
"426" 425 2.95639618012872 78.2854662801885 0.261517134866115 -1.45614921545699
"427" 426 2.94980362669677 78.2022448823883 0.0834821107338127 -1.35797887446745
"428" 427 4.61717497825622 79.8343660813009 2.33322669964602 2.42456335344709
"429" 428 9.14412644388994 82.7440153258103 5.38138906772939 -0.203461028688578
"430" 429 23.1197776907733 82.5031367043882 13.9777269355489 -0.588487919377464
"431" 430 39.7693717386849 84.0613022728592 16.7223461840444 0.110547894163772
"432" 431 55.835698860334 83.5742118367754 16.0737091012859 -0.123622197856035
"433" 432 73.3270798639513 77.3157531907327 18.5773171916166 -0.313300590478001
"434" 433 91.9009520318701 77.9868406260491 18.5859916511341 0.379723793211095
"435" 434 107.72026933281 70.9903156247604 17.2974611420711 -0.452528214125402
"436" 435 116.813260676342 66.0315956352469 10.3571905219497 -0.0828408364021669
"437" 436 122.472144784092 66.0163372398271 5.65890467878495 0.496557682346139
"438" 437 126.625251920972 75.4325986006459 10.291466217486 1.15810067128389
"439" 438 123.079436478861 87.2156838764706 12.305035788931 0.70769647342192
"440" 439 112.633332191434 93.1168406048641 11.9976975089746 0.76427006662016
"441" 440 100.911062127301 81.0666592021855 16.8112607288667 1.31341283919272
"442" 441 86.162057939689 70.5896052492538 18.0914837439842 -0.181548038229722
"443" 442 67.1004466463848 65.5982468977298 19.7042808366698 -0.361539165397978
"444" 443 49.8102154781755 64.1862193340658 17.3477928189918 -0.174618464576381
"445" 444 50.1048600931324 45.7385417728394 18.450030429571 1.50528150309969
"446" 445 56.5166519631953 26.9900697331301 19.8145471512414 0.313550758335213
"447" 446 70.3028091676546 11.5131625170528 20.7266202609381 0.398163405285481
"448" 447 73.5065359517129 6.05341782386776 6.33029836750645 -0.197034642799444
"449" 448 68.5402929726136 1.74847869482863 6.57237173569674 -1.38725660066248
"450" 449 57.1660428981918 1.30541379336191 11.3828762297759 -0.675256152854723
"451" 450 43.7597304944218 5.61960206020197 14.0833743353366 -0.350271032589193
"452" 451 36.2801812096388 7.52572279208277 7.71861086906211 0.0618045773806611
"453" 452 28.1960270831363 13.006960393744 9.76716507421223 -0.346290307532655
"454" 453 19.6258472111055 18.1052932184115 9.97200985910286 0.0591678467125543
"455" 454 20.5802460521733 18.2948832472772 0.973047546051549 -2.40884154680092
"456" 455 21.0517036297894 17.7632583840272 0.710561216727454 -1.04140461035461
"457" 456 19.1062178746754 18.9756517373214 2.29233777320515 -2.8535754103415
"458" 457 17.7555707238376 21.2092780104272 2.61023639810174 -0.469645315828837
"459" 458 14.6773671722131 32.4911042864237 11.6942268332283 -0.277496729289704
"460" 459 12.5376052313883 31.7215967843939 2.27392237314342 1.6496553269738
"461" 460 6.92942973928304 36.5979509073992 7.4317199814849 -1.06093282521966
"462" 461 3.38233782945815 45.1703206230097 9.27725086207446 -0.462754625027912
"463" 462 0.578299477409822 56.5073540836863 11.6786539793017 -0.149862334038442
"464" 463 0.284814619303252 62.0295175738242 5.52995686906778 -0.189371530192013
"465" 464 0.589182513782359 63.9655161409384 1.95977811679227 -0.209035306617806
"466" 465 1.29997457283806 65.3849842062032 1.58748698877289 -0.308305181490179
"467" 466 1.32768187370651 65.4082369129386 0.0361715757458157 -0.408346336514796
"468" 467 2.98223782981394 72.3415040800298 7.12795545876624 0.638331260991229
"469" 468 6.32076737252476 81.088857298847 9.36279700956422 -0.130339418431642
"470" 469 9.26339634728388 90.7409803902861 10.0907158049062 0.068680852976433
"471" 470 16.2277728172652 100.224799978449 11.7662812135551 -0.337487723332638
"472" 471 28.9106257872407 110.61481531822 16.3953401373283 -0.251041645760367
"473" 472 45.5626898532619 110.642821466602 16.6520876169693 -0.684667750052489
"474" 473 58.3502569124502 97.8724727688964 18.0721796459149 -0.786406304621877
"475" 474 60.0619664888118 79.3935924420404 18.5579893255728 -0.693704854618764
"476" 475 59.8020627711985 60.029056639076 19.3662798907462 -0.105787836872628
"477" 476 72.5205230477055 44.8511300948218 19.8022394185067 0.710882034141172
"478" 477 82.1945870061791 27.7979835894532 19.6060531266801 -0.181441187958377
"479" 478 89.9053452640627 12.2243996232325 17.3779259540501 -0.0562858104307797
"480" 479 88.9676717535646 8.56649904114578 3.776171113803 -0.710672836854607
"481" 480 84.359230452313 5.14909293456254 5.73728121364066 -0.681784254838332
"482" 481 74.7702151606181 1.26111622026017 10.3472497406468 -0.252867743315578
"483" 482 60.7613271055901 0.610221154104034 14.0240011738966 -0.338776083632452
"484" 483 49.1768205791906 3.21030304240366 11.8727089278755 -0.267215517905596
"485" 484 37.8172827373555 6.91863409448112 11.9495112524273 -0.0947577020075282
"486" 485 31.1532647758063 10.7777792775961 7.70078807241239 -0.209367866354051
"487" 486 21.6549340192595 16.3505176820418 11.0124339037811 -0.00567652043082272
"488" 487 15.3666527650541 22.630965565534 8.88743533024306 -0.254186929379761
"489" 488 12.9089682913931 27.1167802653725 5.11495322494367 -0.284807923001514
"490" 489 6.88745665224059 37.4649123897378 11.9725703540957 0.0257860713508151
"491" 490 5.26388019467666 43.682590601902 6.42615926223253 -0.271580242725081
"492" 491 5.02557620841095 44.1626748430517 0.535975436443172 0.20532772254143
"493" 492 4.96489084347647 43.5403431215378 0.625283523787139 2.58364005308722
"494" 493 5.07485717745338 43.9044731097964 0.380372505522523 2.94550989603416
"495" 494 5.05464637195116 44.1853153307604 0.281568516945775 0.365129456225657
"496" 495 4.41203284447968 49.0151656184461 4.87241274392341 0.0604324012236164
"497" 496 2.62476996165593 53.7257306457855 5.03822701841756 0.230362907051274
"498" 497 2.26507149767592 54.2233295840053 0.61399323148309 0.263273026465739
"499" 498 1.46180432109695 55.6356411547194 1.62476525373417 -0.10877690429721
"500" 499 0.377344804213661 63.1827902766386 7.62466473441593 -0.374418149686508
"501" 500 0.217405288917813 70.6208209721419 7.43975008154186 -0.121214788175439
"502" 501 3.93679037485706 79.6450862997242 9.76069619033966 -0.4124392949391
"503" 502 6.02885167667659 82.6814366958251 3.68729497307614 -0.212369076963454
"504" 503 6.38417630250428 83.5147888712063 0.905942292826769 0.200269883715122
"505" 504 6.91139100757151 84.2850420512572 0.933405221014761 -0.197187632396121
"506" 505 7.10095071438097 84.5879881118226 0.357364237239531 0.0411088884623848
"507" 506 9.09896055769469 89.5527242778874 5.35169585576484 0.176509306782113
"508" 507 12.1911343937722 97.8362162459048 8.84181984756138 0.0253345648280388
"509" 508 19.9291407724401 107.049423091201 12.0316217980167 -0.341316887863048
"510" 509 33.8520795436226 115.328725877138 16.1986134791632 -0.335727867601838
"511" 510 47.8332355314865 124.007825768693 16.4559866821947 0.019074810533207
"512" 511 65.6579633375535 122.656805585934 17.8758545780223 -0.631202717932988
"513" 512 82.4143105143683 122.04088631723 16.7676631423556 0.0389092414928089
"514" 513 100.256900377824 111.151914825951 20.9028159149284 -0.511203051498536
"515" 514 115.644815270039 97.1030833044957 20.8364486381023 -0.191995425270025
"516" 515 122.502067174903 77.1063550763326 21.1397976224415 -0.500504590481622
"517" 516 126.636817572228 59.7532641608984 17.8388880025495 -0.0964422643663024
"518" 517 123.402273660208 38.5681690046445 21.430598010749 -0.385420268931985
"519" 518 113.243705604704 23.8625817175837 17.8731866883236 -0.453012263254114
"520" 519 99.4139592477973 11.6217410035362 18.4688945441535 -0.241746796635065
"521" 520 81.8530981706744 3.21562353169427 19.4691204917021 -0.27807664775978
"522" 521 63.7867099103261 0.715786348947588 18.2385188739079 -0.308954083255624
"523" 522 45.1063772115669 4.70908305356521 19.1023885497976 -0.348096741676996
"524" 523 28.4638860585458 12.9102629876035 18.5534865750041 -0.247259138057306
"525" 524 13.5670511549864 27.1411976586365 20.6018249617629 -0.304681343970623
"526" 525 4.42317664219038 45.9833043101054 20.9436249052328 -0.356445516824645
"527" 526 0.196675544247097 62.6201703780471 17.1653320414592 -0.203028586492347
"528" 527 2.97181484113699 77.6261373997324 15.2604208452142 -0.431651043419038
"529" 528 8.78782532699912 90.0128153425718 13.6841429556725 -0.256112435162221
"530" 529 16.1738250110411 101.09183107631 13.3153137762912 -0.149019881688316
"531" 530 25.6039802198637 112.994912629596 15.185887452719 -0.081992350421924
"532" 531 40.6964810370361 122.073049183532 17.6123861020663 -0.359280467186127
"533" 532 59.8557836163605 127.756857207056 19.9846078013652 -0.253131369229823
"534" 533 77.505962036457 125.970002890763 17.7403958977497 -0.389283645635383
"535" 534 91.8383947758553 120.571342338363 15.3154877163421 -0.259344397694266
"536" 535 104.037060899716 112.929040033851 14.3948685202388 -0.199429869945755
"537" 536 113.059979650529 103.588364021204 12.986966202968 -0.243032387502313
"538" 537 119.980473549421 92.8467168366194 12.7779583675435 -0.195761474010432
"539" 538 126.335497945325 77.0384674667476 17.0378133342454 -0.190099548983698
"540" 539 126.225167378709 58.871701764946 18.1671007290125 -0.388308349049992
"541" 540 124.140682568151 40.8416377456846 18.1501593784768 -0.109027481829686
"542" 541 114.979966075523 26.0064189224453 17.4356658660257 -0.438085733308183
"543" 542 102.673715698499 13.4372904577507 17.590531222905 -0.221644404829121
"544" 543 87.3289393392855 4.77955661658648 17.6186979308555 -0.282275224268619
"545" 544 78.2046838713696 2.99076443327159 9.29794683351555 -0.320097644598158
"546" 545 64.4500124729338 1.40234931056623 13.846084207493 -0.0786201260685485
"547" 546 48.0579373315073 4.15825574661145 16.6221282550222 -0.281539173070415
"548" 547 31.8276842332781 10.8021919749931 17.5374742833562 -0.221978382977913
"549" 548 20.0697144718768 19.5899371924673 14.6790435286932 -0.253281246266095
"550" 549 9.41379957419999 33.5826560396905 17.5881978338875 -0.2781287431564
"551" 550 2.01021470032142 51.0777321958136 18.9971250112555 -0.250512378067139
"552" 551 1.12147828877696 64.7448091010387 13.6959425941606 -0.335392865387283
"553" 552 2.25450618688404 76.3352398934642 11.6456789485154 -0.162381961054291
"554" 553 7.57192075769614 84.3241907169331 9.59678242838132 -0.48981523520498
"555" 554 12.8784713784207 91.8198063366521 9.18388441831063 -0.0287831756666999
"556" 555 23.796105099768 105.481830642357 17.4884428753156 -0.0581615163272219
"557" 556 41.2633050898197 111.686521118394 18.5364845479364 -0.555273412599321
"558" 557 59.1296424257208 111.145476525233 17.8745276595495 -0.371590794174509
"559" 558 75.3071556098183 103.153733050759 18.0438326467368 -0.428565027405271
"560" 559 86.4925745239311 88.2276388940867 18.6521281107021 -0.468849059287127
"561" 560 103.891515992424 80.3793335087185 19.0871438839351 0.503936483768889
"562" 561 107.278467166185 64.3192509349589 16.4133387989591 -0.939198214708358
"563" 562 98.1167765197444 47.5506470879876 19.1081828146408 -0.707890974423436
"564" 563 81.9149033349778 36.9104745970511 19.3833424705891 -0.489664029168046
"565" 564 72.7290104521814 19.4405705844372 19.7377347804694 0.505624461863652
"566" 565 69.075036436031 10.8199166288605 9.36307645661953 0.0831767007113372
"567" 566 64.6328406178351 3.64498855124014 8.43876155642654 -0.153458313273581
"568" 567 58.0329068002885 2.26777120887566 6.74209566856665 -0.810711670138557
"569" 568 48.3864006764313 5.40552956542758 10.1439936860058 -0.520199129220538
"570" 569 48.3184708289203 7.19573486934139 1.79149364898232 -1.21838946891167
"571" 570 48.5025677349719 6.62790314027611 0.596929261597221 -2.86600224691922
"572" 571 56.4800853299029 3.3355679023942 8.63019456883991 0.86587087817586
"573" 572 63.1999825984288 2.10629814966269 6.83140713356496 0.210478577686898
"574" 573 74.0525168386888 4.57458694700615 11.1296877325066 0.404564013879079
"575" 574 78.2152152319526 4.72126944417653 4.16528194342912 -0.188411851591822
"576" 575 82.9894208578024 5.7154239241196 4.87661588480033 0.170077911697111
"577" 576 89.7429004472827 7.73345897657333 7.04854254711277 0.085067778280185
"578" 577 98.3232032418375 12.1241770414231 9.63846466877603 0.182611622928743
"579" 578 99.959941172716 12.270024442973 1.64322321031414 -0.38410624642832
"580" 579 103.832960614698 13.7788992995043 4.1565590252812 0.282622985753255
"581" 580 108.588677822549 17.3279421003717 5.93401642763452 0.269611945951735
"582" 581 112.16993730804 20.6632270626065 4.89382726316836 0.108741151200793
"583" 582 116.579914214118 28.100911290557 8.64679379809894 0.285746534146318
"584" 583 121.454284677596 34.7813193540794 8.26966379669708 -0.0951505829929199
"585" 584 125.309736849503 44.0743799632601 10.0610877610607 0.237087501775109
"586" 585 127.863251962503 55.4090383368973 11.6187314229818 0.171678371274897
"587" 586 128.455596170615 67.026669412406 11.6327221005021 0.17064202119861
"588" 587 126.491922305941 78.7401538806135 11.876941249065 0.217040204614527
"589" 588 123.523989314014 88.861083531413 10.5471248803168 0.1191523338668
"590" 589 117.984456544001 99.0720524623159 11.6168115168455 0.21182304602755
"591" 590 110.007083850992 107.829082829865 11.8458455139911 0.241768682121141
"592" 591 104.37444005887 112.791946581238 7.50710947726368 0.109686032417116
"593" 592 97.243138276964 117.184341131211 8.37547580661823 0.170216904796491
"594" 593 86.6778757462616 120.989094684728 11.2294666812661 0.206390597206711
"595" 594 81.9059826227208 119.501537128489 4.99837888376012 0.647847217193793
"596" 595 81.5807446846971 119.451982699631 0.328991425039377 -0.150985395939696
"597" 596 81.3103338364222 119.432691244425 0.271098113436303 -0.0799801359768504
"598" 597 79.9002291128397 118.589308631286 1.64307320701618 0.467800123634968
"599" 598 74.0670834599364 112.284162786723 8.58955483882583 0.285243070380975
"600" 599 72.6027160500322 98.2440134762375 14.1163084612058 0.642609699839168
"601" 600 75.0407307266019 82.6347940724928 15.7984697346739 0.258861660451199
