"time" "x" "y" "speed" "angle"
"1" 0 81.5529193289602 75.1620234786355 NA NA
"2" 1 82.6112992421706 64.3259118223396 10.8876757789897 NA
"3" 2 80.9799558755478 60.1735610347942 4.46131126941992 -0.471709434279457
"4" 3 81.110230157626 53.186961312105 6.98781418425328 0.392990843221256
"5" 4 71.1657768479448 57.3357827601249 10.7751970300306 -1.98468556146729
"6" 5 75.1816789623786 66.327437244941 9.84770634041386 -1.59559538060014
"7" 6 88.8644423098729 66.09871022148 13.6846749641632 -1.16746706271589
"8" 7 95.1726452929399 60.5810963713783 8.3807808391826 -0.701929800118784
"9" 8 97.144712067001 52.3249063464968 8.48844632947092 -0.617685634918818
"10" 9 103.806437892906 40.7243267176332 13.377295642436 0.286810465685693
"11" 10 101.162567607291 32.0777371764651 9.04176756948518 -0.81801868445129
"12" 11 86.7536120222755 24.2142887261618 16.4149877423512 -0.774492504918597
"13" 12 77.2583359423425 13.5507503602796 14.2783513864447 0.343724724192312
"14" 13 84.1253470809215 10.8868116582192 7.36562362503704 1.9282458018686
"15" 14 92.1170514273219 12.3485635052782 8.124288080974 0.550969380106036
"16" 15 93.3330954129249 26.3082753823447 14.0125771600242 1.30299583572829
"17" 16 96.9248576170697 43.4884117299042 17.5515765859326 -0.119204728786317
"18" 17 97.0649126924838 55.0808600828497 11.5932943652725 0.194015359766447
"19" 18 89.9087025859878 55.0806940027113 7.1562101084232 1.58290052540773
"20" 19 80.4546142493464 50.886997977239 10.3424790370144 0.41748358815284
"21" 20 69.3558074027649 54.1586163779201 11.5709550330731 -0.704160461092959
"22" 21 55.329824523928 59.5975889982748 15.0436238613704 -0.0832726191780808
"23" 22 41.4733016508893 61.092020582645 13.9368774082076 0.262491147875349
"24" 23 37.7843824429796 47.7940330339254 13.8001665848056 1.4076313510139
"25" 24 49.4059800458756 47.4494162107231 11.6267059650819 1.81175198905066
"26" 25 59.8456824857394 42.8483807415841 11.4086333283691 -0.385469476859519
"27" 26 73.15184484493 37.6397597523907 14.2892858232385 0.0420048698446342
"28" 27 80.3759970904782 35.891599125858 7.43266044179459 0.135684875002626
"29" 28 91.7765589157256 33.9970256306744 11.5569121593937 0.0727466541781961
"30" 29 87.0047754219607 38.239620428646 6.38510206113749 2.57950967695442
"31" 30 83.1048044439728 35.8575229044934 4.56991928197009 1.27508247176352
"32" 31 71.1824819912242 41.1292035392925 13.0358118037439 -0.96464452638977
"33" 32 63.2202518113355 50.8249776933477 12.5461207504143 -0.466935285118469
"34" 33 53.3698844097185 60.0902984937087 13.5231618891604 0.128455703577474
"35" 34 43.2817899543007 60.1370078629342 10.0882025904818 0.750172025770596
"36" 35 36.6042402689023 52.2848116559433 10.3076018100258 0.870697096253562
"37" 36 31.6931621731456 40.3457007031897 12.909727278482 0.314482325920202
"38" 37 23.0003762690896 38.1405493706825 8.96812238838283 -0.932113864247001
"39" 38 22.4009586835531 44.8313312558703 6.71757870642448 -1.72988173426291
"40" 39 33.686068815331 55.5524017652524 15.5658299988629 -0.900373552481827
"41" 40 43.4793999036955 68.7353583475155 16.422535676812 0.172095961224656
"42" 41 48.3999706216826 84.7669974783893 16.7697784545079 0.341126307637265
"43" 42 51.9933376756478 101.436933810338 17.0528315565408 0.0854901453454229
"44" 43 58.3748132827672 111.078600230492 11.5622213385564 -0.372359470853685
"45" 44 68.324691064704 117.977244520539 12.1074919333477 -0.379883856361764
"46" 45 69.8016669643872 116.68288446386 1.96388028264677 -1.32584066936933
"47" 46 73.9025354179701 114.787248850603 4.51780438397265 0.286602727753515
"48" 47 83.6294804860498 114.616700393699 9.7284401182097 0.415464231545161
"49" 48 91.3673136734289 110.856088362138 8.6032706157383 -0.4348558231904
"50" 49 97.5816660224374 110.728650866085 6.21565888969366 0.431883546827644
"51" 50 100.308442812986 102.247996940644 8.90824352319648 -1.23920286942978
"52" 51 112.253208968756 87.9101066632225 18.6615255572378 0.383505825731101
"53" 52 119.440602450112 80.9758219745561 9.98713818865608 0.108724472527976
"54" 53 119.566422010909 67.735548496768 13.2408712828309 -0.793817160491458
"55" 54 120.818785615736 51.0835672831328 16.6990087411785 0.0655642590839806
"56" 55 116.801571317972 46.069035286937 6.42522698859985 -0.750486911376885
"57" 56 104.301252498491 42.318927353553 13.0507195242521 -0.603918483872756
"58" 57 101.934619702163 39.4324292460183 3.73266956981947 0.592582228611908
"59" 58 107.404367891346 35.1506801132483 6.94633146985182 1.59338450762723
"60" 59 109.453307566294 39.0409858940153 4.39688899785323 1.75020277837363
"61" 60 108.242929052096 46.808263234792 7.86101860042169 0.639348958020965
"62" 61 113.765315658599 60.5843008642856 14.8416968908851 -0.535842490161491
"63" 62 123.005889767553 60.5137506127766 9.24084342476692 -1.19717571106313
"64" 63 120.709806324036 50.8774588442635 9.90606471952936 -1.79707454231006
"65" 64 118.360777200675 37.6111404483395 13.472681307165 0.0586622215457898
"66" 65 110.124246142632 24.0089879527829 15.9015406920988 -0.369226135946246
"67" 66 105.295955756764 26.8991059767358 5.62718137637755 -1.56569423410524
"68" 67 89.8215498602059 29.24593300612 15.651352496103 0.388863050170643
"69" 68 79.6760164244737 24.9102712480758 11.0331233826024 0.554368443158221
"70" 69 75.2713254775514 18.4507364913572 7.81836885872972 0.568471765632235
"71" 70 62.8527070428335 16.6874544170621 12.5431753356416 -0.831284348719378
"72" 71 50.789673079907 17.2295606227758 12.0752087985671 -0.18595342896554
"73" 72 44.6984590107173 16.5793939589877 6.12581468274995 0.151245066249887
"74" 73 42.2103267186428 18.3374629979024 3.0465733289147 -0.721465471158031
"75" 74 45.4817307767191 20.9068757375604 4.15980364174981 -1.86067829138675
"76" 75 48.8208962713109 22.6861876011426 3.78364598081759 -0.17619500852886
"77" 76 52.4014769100468 26.6050035857781 5.30826491727052 0.340879586942688
"78" 77 64.2729070175619 25.3310670892327 11.9395882255146 -0.937371319717233
"79" 78 67.8827921176933 37.9672846140283 13.1417374715105 1.3994325520787
"80" 79 73.6706041565697 53.4694104407985 16.5473464140441 -0.0790627959383907
"81" 80 79.8174811504282 68.0318160252265 15.8065731005492 -0.0420881518856282
"82" 81 90.5399107431327 76.4296751426458 13.6196378118704 -0.506963794165797
"83" 82 93.3927103866759 90.4576751143728 14.3151405516318 0.705751822373528
"84" 83 95.7912564842675 99.4483955062284 9.30516397205331 -0.0600796554208695
"85" 84 80.1480136976852 104.422348699396 16.4149704613741 1.52365175104747
"86" 85 62.6587147038293 104.410688211672 17.4893028810031 0.308519672523569
"87" 86 44.1390654691628 102.867254773423 18.5838530599386 0.0824814462279217
"88" 87 32.7588468581455 100.128269355208 11.7051876001942 0.153039214334857
"89" 88 35.2027415613676 101.941590476152 3.04314883107886 -2.73943148246677
"90" 89 38.7193254840353 101.731483190358 3.52285502919269 -0.698025163165046
"91" 90 40.4084544605194 99.4393436936455 2.84728996970557 -0.876040932298216
"92" 91 40.8926667552074 97.9922317270409 1.52597332552612 -0.312183299765762
"93" 92 40.5373842919809 97.9574477590898 0.35698116631367 -1.79609773649838
"94" 93 40.5140524724362 98.1533899451539 0.197326415066115 -1.54987342530896
"95" 94 41.8292178581473 97.5243092510539 1.45787602746664 -2.13547364864429
"96" 95 41.2338241293052 96.7896037863785 0.945666861092382 -1.80567678081279
"97" 96 41.3373349115988 97.0293576930987 0.261144438651487 -2.86811546108981
"98" 97 42.5317150914893 96.549722297182 1.28708745900629 -1.54509768580686
"99" 98 45.8590265931567 96.7204897233427 3.33169076340616 0.433142920231347
"100" 99 51.8022686917504 97.3661016726113 5.97820553607312 0.0569273450271847
"101" 100 58.7755511482243 92.9083781284963 8.27634988467277 -0.676991611630829
"102" 101 71.1982962555144 89.929409641436 12.7749304987384 0.333430888525483
"103" 102 80.0868754120686 81.0131375126897 12.5899463102981 -0.551598099177607
"104" 103 91.1930399890265 72.2944301673237 14.1195874367708 0.121405569981544
"105" 104 94.1339787568152 69.7695812987758 3.87607825577477 -0.0438705097848041
"106" 105 96.9966851893161 61.3614323409007 8.8821200744247 -0.533219829273029
"107" 106 96.4611910174453 51.2769731165474 10.0986668355657 -0.381209139916363
"108" 107 95.9821936792946 43.9724154120425 7.32024601419902 -0.0124302755486799
"109" 108 100.340041240612 40.6401379797546 5.48588263212174 0.983459201535343
"110" 109 106.287875581755 42.2829594453133 6.1705425788488 0.922304631986695
"111" 110 110.487914764436 43.8635910024537 4.48761910766477 0.0904564876418975
"112" 111 110.043577381925 42.3757797812645 1.55274529121597 -2.22095832341749
"113" 112 109.261514026956 42.5968636821986 0.812712238394623 -1.55608119159947
"114" 113 108.391216000871 41.3366517956856 1.53151972012041 1.24191354576857
"115" 114 106.173336965251 41.3121879435221 2.21801395322528 -0.955379453630161
"116" 115 104.885435896309 42.7884402615774 1.95908398746582 -0.864463502623839
"117" 116 102.547095611823 45.5355399287305 3.60754651630818 -0.0121704448168049
"118" 117 101.698032139731 52.4561733056493 6.97252286603362 -0.583116466876364
"119" 118 100.338680533447 60.6819839381491 8.33737352835143 0.0416985339432146
"120" 119 103.087558728923 70.1185632970314 9.82880263969347 -0.447230703204526
"121" 120 96.8165197265899 74.789693797026 7.81955179769005 1.2140406999468
"122" 121 100.333346290663 80.1403911935254 6.40297053801411 -1.51204982873793
"123" 122 104.220721063533 88.0986880996643 8.85698437793612 0.127085878114175
"124" 123 105.763896764915 85.9022638096554 2.6843380761519 -2.07475394563012
"125" 124 105.884880940321 87.4563510890898 1.55878941579628 2.45144128438949
"126" 125 111.322827244273 91.5634509904966 6.81465550154934 -0.846240701189833
"127" 126 114.180390890371 83.6101793373683 8.45104727119424 -1.87272909197974
"128" 127 109.888963724489 71.1248283031982 13.2022853160552 -0.675997082729407
"129" 128 114.593140715495 57.874923148315 14.060201555316 0.672219621953821
"130" 129 106.458299380674 52.3136685209172 9.85409542137013 -1.31229194214462
"131" 130 92.4070378791176 44.8949189514218 15.889486931931 -0.1138791887733
"132" 131 83.7478672190094 36.1284103818457 12.3220497086049 0.30577956922857
"133" 132 77.5831274577921 25.8118236369436 12.0181520371738 0.240617879229549
"134" 133 70.1887070314963 23.8611422317879 7.64739245659862 -0.774247371300693
"135" 134 61.946441073785 32.1098045876057 11.6608481157217 -1.04371438524049
"136" 135 49.384591837546 38.4966191468504 14.0922480977373 0.315417601539792
"137" 136 38.8782479058359 41.4118067701957 10.9032830693643 0.199708012657097
"138" 137 36.902264831019 48.583033445147 7.43848110406253 -1.03126471179129
"139" 138 39.5215687269763 56.2035888445143 8.05813982840978 -0.599936518355957
"140" 139 37.6771310588416 69.3299950631376 13.2553570501872 0.470664890065136
"141" 140 32.5004214739034 71.9770287557656 5.81421615496867 0.958522190571629
"142" 141 31.402775363891 71.6182969106659 1.15477942461489 0.788551012532412
"143" 142 29.619327594848 74.0034289829631 2.97817745394814 -1.24462255540958
"144" 143 24.0924412089212 71.6834313913206 5.99406889751612 1.32617496307252
"145" 144 17.7536697683043 64.0393793150341 9.9303351162668 0.481048436975847
"146" 145 21.9289922298715 63.3908807135449 4.22538378069988 2.1090295108506
"147" 146 21.9588229449972 63.4093136919289 0.0350663122813102 0.707577314665703
"148" 147 22.2804299566266 64.6007183926245 1.23404871490908 0.753649564677431
"149" 148 21.3278813101577 67.0380941518795 2.61689692492732 0.636213476668325
"150" 149 21.4068590547163 67.5608222383995 0.528660700801897 -0.522511639626943
"151" 150 21.0464316050556 70.5038521564506 2.96501822001368 0.271814799371074
"152" 151 23.5515912880439 72.4478868779857 3.17097714211313 -1.03271546036068
"153" 152 24.4046110086409 72.8301686100407 0.934763053607877 -0.238626875574456
"154" 153 26.0622492807711 72.6047151144829 1.67289985351485 -0.556494721851087
"155" 154 33.8981391246555 79.8577355404326 10.6774282926524 0.881967766718182
"156" 155 35.8316179937856 93.7024735307365 13.9790954842413 0.685250970471837
"157" 156 36.449079284409 101.22978329411 7.55259231782038 0.0569107599933301
"158" 157 44.0517816070391 102.846750016482 7.77275137823041 -1.27938946824427
"159" 158 57.7633484270774 106.529158619189 14.1974363100409 0.0528106185840974
"160" 159 64.063300226271 109.933008940132 7.16069756933949 0.232992581499695
"161" 160 76.5318797406194 108.555090856367 12.5444861732634 -0.605428447729856
"162" 161 83.327975654595 107.24340348595 6.92152031201723 -0.080596997285202
"163" 162 92.7622698836565 102.039439503284 10.7743746330535 -0.313409763933795
"164" 163 103.522141532263 89.1633213002873 16.7800255623177 -0.370623599324449
"165" 164 114.658281669585 76.515941448372 16.8514045194074 0.0258406604293902
"166" 165 117.475013126573 73.7683851630706 3.93484963393574 0.0758875054247973
"167" 166 111.302928973918 64.5718159781716 11.0757170223912 -1.38891505578203
"168" 167 106.212800065443 48.3907678965976 16.9627748120143 0.286312766983105
"169" 168 93.4831969879327 39.2211784637525 15.6883448737559 -0.641779347873552
"170" 169 82.0675440281561 27.5300335178934 16.340134719247 0.17307594645525
"171" 170 71.230245763586 15.227966809402 16.3947515679691 0.0512956783717413
"172" 171 59.895152249113 13.5206082410768 11.4629585300952 -0.699113817939405
"173" 172 43.3993985385356 13.9876305502161 16.5023634767042 -0.177806118003719
"174" 173 35.3683557110289 22.6717099465563 11.8283931224485 -0.79614280507298
"175" 174 23.8415666455413 32.4845495572612 15.1379882212156 0.119194386228523
"176" 175 20.4767766482689 47.3861529749591 15.2767665474108 -0.64346752970347
"177" 176 12.8619913546405 62.1651098480312 16.6253577803362 0.253692912970484
"178" 177 12.7054517980647 63.5776052030452 1.4211431176025 -0.365394761883598
"179" 178 15.6182501630795 72.8680835024279 9.73639467906546 -0.414192938529736
"180" 179 19.3171870385012 86.0638873635329 13.7044289756672 0.0305208918109876
"181" 180 23.349572960846 97.9422496532824 12.5441471178103 -0.0539686137226887
"182" 181 19.9714221394798 100.050922089401 3.98226096768442 1.34003219961289
"183" 182 20.3092733384946 95.8703320491512 4.19421941692482 2.2094656860265
"184" 183 25.9458162386844 94.6106907131121 5.77557894597056 1.27029236162135
"185" 184 36.6436453098843 102.914919230735 13.5426643652388 0.879957770026999
"186" 185 45.074081230989 114.644402043925 14.4448266477928 0.287511498256596
"187" 186 50.4870801618125 118.00816385668 6.37302525948556 -0.39158137153404
"188" 187 64.5173489097423 122.755297430506 14.8116075530944 -0.229764688378884
"189" 188 70.9257361929949 121.404019214663 6.54930380947222 -0.534074811594571
"190" 189 82.242091934143 115.341714975865 12.8378907903111 -0.283990596377552
"191" 190 90.9660996899058 108.049550829423 11.370310869157 -0.204428162323904
"192" 191 94.6966910962616 100.73252826408 8.21316817451803 -0.403063662283042
"193" 192 93.7975007761191 91.5785507256555 9.19803500786008 -0.569412673130733
"194" 193 97.5936923620348 78.0778079158804 14.0243048659343 0.372021542597768
"195" 194 103.400474486936 67.4760700912586 12.0878270813283 0.226984721221611
"196" 195 112.654655209131 58.3590903536479 12.9907344047613 0.291775383920278
"197" 196 108.668022875657 56.5385201859331 4.38266050451998 -1.93527687890462
"198" 197 97.7920732505809 55.0503600865195 10.97729022704 -0.292399864854961
"199" 198 96.6518334193999 55.8069370865107 1.36841354477637 -0.721809950980443
"200" 199 89.8495758995759 52.7970625446883 7.438417313079 1.00240821477791
"201" 200 93.4218098141748 44.3412530974459 9.17941003271367 1.55392871657766
"202" 201 99.659295349314 52.1678358479485 10.0080779049493 2.0689906296356
"203" 202 111.239706920969 61.6470365513459 14.9653325437227 -0.211957994969706
"204" 203 118.752654287027 71.1068132877915 12.0802216051099 0.213649613962811
"205" 204 108.278502444637 73.7373939632793 10.7994357032071 1.99592969683783
"206" 205 106.964689177305 73.0348861386864 1.48983977159635 0.737088255509212
"207" 206 96.5567026623668 71.1269716375336 10.581413943271 -0.30972810010555
"208" 207 86.1129937492942 60.2554499364189 15.0751795995537 0.624166562323305
"209" 208 75.6405079874214 47.7140034362133 16.3389362673996 0.0695912700898538
"210" 209 62.2414711689105 33.2320874345512 19.7296750795093 -0.0508394541198579
"211" 210 48.369582632038 19.6873801203366 19.387841236382 -0.0507530033162636
"212" 211 42.7048797054109 15.5976348630145 6.98676430951595 -0.148145814177007
"213" 212 34.7248739920592 24.7386010984424 12.1341565385633 -1.47842300613868
"214" 213 20.3841258954493 33.384113011961 16.7452062458846 0.310581513333743
"215" 214 16.4760518820056 37.1849532904466 5.45155292711279 -0.228966435868668
"216" 215 22.9412335810182 48.6482908819263 13.160801006682 -1.31282650510876
"217" 216 28.7226939178183 65.1253389306729 17.46191272532 0.17606065470463
"218" 217 24.8532977146026 81.9253099094312 17.239815888361 0.563832038107694
"219" 218 30.2304785323474 92.0525497132855 11.4662574361251 -0.714483225471147
"220" 219 40.5020766557053 105.205450867735 16.6884551947294 -0.17489969663076
"221" 220 53.241174623979 106.974871438478 12.8613944112388 -0.769773380342653
"222" 221 63.8840029695563 116.895367567277 14.5494343063549 0.61227155738136
"223" 222 66.3465713350171 116.545897660493 2.4872418801386 -0.891256841357901
"224" 223 76.2640317531957 114.208146020162 10.1892641480143 -0.0905234711104224
"225" 224 90.9382922622838 114.727335737002 14.6834423569767 0.266861149238282
"226" 225 98.481570406513 109.786683237089 9.017266342196 -0.615230299168126
"227" 226 111.371844786622 98.2254907002264 17.3153211483039 -0.151231615371199
"228" 227 115.660445034674 92.7864203694139 6.92644051090626 -0.172023431973051
"229" 228 121.368979221824 83.0066858973581 11.3238937168172 -0.13932135902283
"230" 229 125.067686480059 69.6129517612873 13.8950548573896 -0.258918893701712
"231" 230 119.242752480786 63.1329285268056 8.71324033958127 -1.00164749876964
"232" 231 114.22978509838 50.9554406240851 13.168942766903 0.341694243801993
"233" 232 115.402111471395 43.5717561435819 7.47617185680541 0.547974516431486
"234" 233 101.338728377351 38.0625183631401 15.1039877175296 -1.35488610976574
"235" 234 86.3809990096553 32.2971462899062 16.0303831201891 -0.00547267215103953
"236" 235 72.291538806738 28.9122131620351 14.4903644222549 -0.132118414929867
"237" 236 53.9594476271178 27.91435368192 18.3592290295634 -0.181398623209538
"238" 237 48.4601166830486 19.7660959999647 9.83039897887875 0.922730581961699
"239" 238 55.4805775153601 14.2088193215032 8.95378101022086 1.494895904256
"240" 239 61.215817209917 13.462634217824 5.78357731537963 0.540208887507553
"241" 240 74.1329377497867 9.41480350543589 13.5365038513523 -0.174298195049261
"242" 241 83.0375601228818 7.53810716093437 9.10023564403089 0.0959612708592562
"243" 242 78.8687973965558 18.4295094206151 11.6619563474824 2.14406591397328
"244" 243 68.4750416576271 30.5390815149398 15.9584427394455 0.343744074206611
"245" 244 57.2961579859171 39.7192225323034 14.4652144555242 0.173961156431385
"246" 245 48.8845520064943 54.2355903492072 16.7773671876341 -0.358082210899352
"247" 246 32.7698271277249 66.4012328394384 20.1912658126862 0.398964293977363
"248" 247 19.4354892052944 66.0723656390942 13.3383927616872 0.67131308960972
"249" 248 15.3559155574925 73.795058074598 8.73400822081289 -1.10945693344821
"250" 249 25.0897242464114 86.9708363176554 16.3813358399947 -1.12226966379242
"251" 250 34.5788450805829 101.589374974946 17.4282841002843 0.060518872111399
"252" 251 53.8761990851648 108.886385155343 20.6309047099483 -0.633526547990578
"253" 252 68.4302393950756 109.890505875784 14.5886376253483 -0.292633144329938
"254" 253 86.8438471650426 112.699376963155 18.6266128936975 0.0824928559915523
"255" 254 89.0480534468139 115.403876849091 3.48896044196907 0.735590818783488
"256" 255 88.196792009939 111.801029327526 3.70204758175163 -2.6897829527774
"257" 256 93.8266217873461 103.641851237882 9.91297989613215 0.836002252578982
"258" 257 106.087579510201 98.914293045933 13.1408101249464 0.598801288945537
"259" 258 115.486679183263 94.0935224518596 10.5632809195267 -0.105899625833302
"260" 259 119.242353155352 81.0463941662427 13.5769158311443 -0.816607200165551
"261" 260 123.503025358356 69.5722172830403 12.2396921026823 0.0752694804690417
"262" 261 120.970331220867 55.7038593653745 14.0977264453017 -0.536180024996378
"263" 262 120.682194610138 41.8089098150306 13.8979367430221 0.159899545587037
"264" 263 119.772952587857 38.6923070118489 3.24652646499019 -0.26312915391523
"265" 264 112.312802275305 36.9684647654363 7.65672741949124 -1.05984574515321
"266" 265 104.093711785167 35.2284580614876 8.40125418106553 -0.0184648394214649
"267" 266 87.9666480210398 30.3481129805191 16.8493309588705 0.0852344235346752
"268" 267 73.5780460559548 20.5580786185021 17.4033513818207 0.303594339341281
"269" 268 66.0038993918622 5.26795824538844 17.0632786624814 0.513414353361436
"270" 269 62.5149586473775 7.76420316582811 4.28998207704251 -1.73190149208616
"271" 270 47.8973312742621 13.410023216841 15.6700451201543 0.252452779716662
"272" 271 32.9489488097438 19.6573806536531 16.2013460320064 -0.0272831214155518
"273" 272 19.773838751507 35.0515958889393 20.2624131770372 -0.467050969581617
"274" 273 14.3010637859112 52.482227079172 18.2695968623822 -0.403651726409392
"275" 274 11.3506296312095 70.6407980909448 18.3967052183489 -0.143153682281719
"276" 275 17.8598964644795 86.6176882237214 17.2520020003918 -0.547958495325103
"277" 276 25.4811773530869 101.831679851177 17.0161530206839 -0.0775139899059117
"278" 277 36.0943523330415 108.34729362774 12.4536222056264 -0.555807695688731
"279" 278 49.8220735027861 114.283829828195 14.9563628791754 -0.142427278172849
"280" 279 69.2469976865976 118.300501532615 19.8358597274711 -0.204257358869026
"281" 280 79.6130772330335 120.53233971442 10.6036176295074 0.0081593345736118
"282" 281 91.8590104988617 115.944283781916 13.0771991951986 -0.570537013480914
"283" 282 98.5062564162112 112.846423669123 7.33366317498639 -0.0776375060417646
"284" 283 107.14686668115 103.750365513496 12.5458526900768 -0.374961171834953
"285" 284 117.121643457682 92.3446766344822 15.1520926127886 -0.0411538067793029
"286" 285 123.494490581187 79.0037239913506 14.7849314467751 -0.272930375111267
"287" 286 122.116453043857 72.2584917398075 6.8845584884978 -0.647166127623581
"288" 287 121.266514454199 59.1044960121736 13.1814262964522 0.137000045111763
"289" 288 123.793848063575 45.8215408261126 13.5212541447896 0.252546270939096
"290" 289 114.812157984413 45.0847137815771 9.01186278033956 -1.67696454197074
"291" 290 99.6056495222779 39.7079916415094 16.1290743869726 0.258007573220165
"292" 291 83.0946042381821 37.7020661388389 16.6324488123585 -0.218963415408975
"293" 292 68.7853936511878 36.5881855978364 14.3524993461966 -0.0432104916919375
"294" 293 53.3730955340598 31.0270760763849 16.3848976914964 0.268596903968961
"295" 294 42.0488253330873 17.9231476996601 17.3191233752453 0.511838455928517
"296" 295 39.5410114169496 14.1490526151639 4.53132699601251 0.126186206780303
"297" 296 51.7130846976132 10.1584134682431 12.8095499043011 1.84047483486011
"298" 297 69.2724784513923 11.1752202426327 17.5888090846624 0.374651430831056
"299" 298 88.9570099059324 11.8468976614688 19.6959876406276 -0.0237332593163536
"300" 299 104.928751817264 23.0083228186894 19.4852239202534 0.575826926873739
"301" 300 115.737665312846 36.2550969119667 17.0970650941413 0.276459939711082
"302" 301 124.262484483214 52.2047927700331 18.0849478808287 0.193549711255402
"303" 302 121.330789340874 58.713684043604 7.13866248108064 0.91404896679001
"304" 303 119.918702686676 61.6802516715792 3.28550029832817 0.0210659803218886
"305" 304 117.83930980948 67.6979760861618 6.36685808445568 -0.111563810913595
"306" 305 106.913473235243 74.4876970189706 12.8636781362236 0.682062904997145
"307" 306 92.8413767705414 72.344325409408 14.2343928837353 0.707185036184345
"308" 307 83.0750136413129 59.8681640847027 15.844129833223 0.755478478730608
"309" 308 78.1818339074208 43.5290652929619 17.0560651158008 0.373189333780433
"310" 309 76.2442204190434 26.5175544859183 17.1215024448354 0.177565264128488
"311" 310 74.8986534760302 20.307619406506 6.35404155547038 -0.0999697133066357
"312" 311 79.3885178234468 9.66948285177708 11.5468104347158 0.612753519082006
"313" 312 82.8386270247621 18.5288822113165 9.50748181764284 2.37085966290511
"314" 313 79.3716910687727 35.2610288140313 17.0875502883729 0.575671543940128
"315" 314 68.8092555700167 50.1138865896214 18.2255981456656 0.413851289500581
"316" 315 53.9276184927596 59.6243037363102 17.6610066644918 0.383980470755914
"317" 316 37.4327812080961 67.9658363052884 18.4840694287499 0.100451885012012
"318" 317 19.5146223050891 74.8474468180896 19.1941913537223 0.101513610557466
"319" 318 16.8619504135239 82.2830147572828 7.89457653979346 -0.861428804567353
"320" 319 21.1900952360001 97.6402364932227 15.9554723230355 -0.617385422728925
"321" 320 27.6274887861261 109.188605060658 13.2213786077147 -0.233822827064715
"322" 321 39.1128662021434 116.229937744902 13.4719805655501 -0.512293575673913
"323" 322 52.5903951070048 120.425414604392 14.1154458470107 -0.248187934482945
"324" 323 66.6789028000403 123.658784536047 14.454782258189 -0.0761886594490684
"325" 324 81.0299179918488 122.324401532382 14.412918338629 -0.31831253334509
"326" 325 92.0698942300815 118.343636638076 11.73573877029 -0.253351353399211
"327" 326 97.5631726002458 113.589295747822 7.26497519285886 -0.367347984887778
"328" 327 100.368158167334 110.091410779018 4.48365289541408 -0.181477878191804
"329" 328 103.130200496643 104.617822416661 6.13099073473662 -0.208572930943679
"330" 329 108.785935518284 103.101795961466 5.85539707004329 0.84157080951168
"331" 330 117.187604269439 97.6369408686576 10.0226083925056 -0.314796092124804
"332" 331 121.145738077243 85.865437847279 12.4191427491116 -0.669735039903939
"333" 332 122.048647292794 71.9345850141717 13.9600825824642 -0.259647545353333
"334" 333 122.898292195414 55.2027099793909 16.7534336373195 -0.0139866695285537
"335" 334 120.249252971732 38.0684733040574 17.3378047991938 -0.20412701371677
"336" 335 116.462055615163 38.2506142893298 3.7915747594 -1.46546259319658
"337" 336 105.960067508012 31.5898521277877 12.4361371323805 0.613271801773193
"338" 337 100.949188399565 23.2781383403968 9.7053333545519 0.463054578924478
"339" 338 87.1500001051224 10.6616609578006 18.69740888816 -0.287614580191684
"340" 339 70.1409383341045 4.49271943544848 18.0932037471671 -0.392723949063669
"341" 340 60.2980282301121 1.97535129833436 10.1597254713419 -0.097543761216818
"342" 341 54.7850193246258 10.9718642104528 10.5513274885147 -1.27140981325715
"343" 342 41.7395622737378 12.3152009855356 13.1144387359068 0.918410698292599
"344" 343 38.2342519805028 20.1753594582918 8.60635180948929 -1.04869590933549
"345" 344 29.9036027304392 34.8344878259795 16.8608944432949 0.0972890456942869
"346" 345 21.0776544227713 44.144294738668 12.8284787984066 0.241947079793065
"347" 346 19.0868164022458 54.9719121561376 11.0091205354044 -0.57688895080754
"348" 347 8.70848819139669 66.230844404117 15.3125194470635 0.562886387376592
"349" 348 2.50419906040446 65.3086505583578 6.27245128399611 0.973631980856231
"350" 349 3.59280103367915 74.7472895359649 9.50120834451184 -1.83318137344533
"351" 350 5.09385161893738 76.4125595263387 2.24193599381067 -0.61875288373468
"352" 351 9.03393765663861 85.3964756148892 9.80994527357843 0.32027104765085
"353" 352 13.4328770112389 96.0560850420219 11.531606158054 0.021925193751017
"354" 353 25.1474614511272 105.569442726468 15.0909066338468 -0.49733973540469
"355" 354 37.8121016531082 115.328585969475 15.988558042649 -0.0255287083409654
"356" 355 54.2704058454035 118.435994191177 16.7490824447917 -0.469935741034925
"357" 356 65.1855052310829 125.393920120638 12.9441928230044 0.380900095838405
"358" 357 71.0194542620685 119.425756669604 8.34589337784744 -1.36427805566983
"359" 358 76.0812651337843 115.626969346679 6.3287213894934 0.152961565909287
"360" 359 86.633649919735 112.675345956011 10.9574132582058 0.371067016537485
"361" 360 97.9792578856746 104.787707191089 13.818019590473 -0.334766286611984
"362" 361 110.654721529182 96.3269832031873 15.2397909755128 0.0189362171050246
"363" 362 117.641623070523 94.8741612330871 7.13634954477403 0.383557550619972
"364" 363 114.469002064768 99.4668024379949 5.58192415598507 2.38033835386559
"365" 364 108.42380664711 104.015706239361 7.56550814101464 0.321179956117432
"366" 365 106.698150612176 104.748664094865 1.8748642534463 0.243436285279668
"367" 366 100.35562390205 110.477921206928 8.54704815271164 -0.332988160494677
"368" 367 88.0609603168413 118.832336363637 14.8645553342212 0.137794579228432
"369" 368 85.1873797193932 118.331935237885 2.91682476962261 0.769254998021572
"370" 369 81.5098786390634 115.22642820021 4.81333441149437 0.528860032346281
"371" 370 77.8344590734219 110.135395469952 6.27911803074748 0.244227152417158
"372" 371 79.0789374336014 105.041878562056 5.24334252933913 0.864930753853585
"373" 372 84.7942725951733 94.6024644727276 11.9015302603307 0.261272519446816
"374" 373 94.3985085982211 85.90208446965 12.9590879848927 0.333832860086501
"375" 374 92.5877375374371 79.5540409091068 6.60125358406469 -1.11260581515502
"376" 375 81.7270762668158 67.5358872595924 16.1984561109542 -0.456979797442638
"377" 376 71.0829814111847 52.5688669850492 18.3659590327938 0.116665646240664
"378" 377 61.9308753509552 39.4191748239335 16.0210938849317 0.0101510232035364
"379" 378 48.7976022475159 45.2659523324586 14.3759406524831 -1.38160924382109
"380" 379 36.5580426911657 55.9479366851875 16.2453565010248 -0.298704822001704
"381" 380 24.023012690232 60.4276285701756 13.3114468225184 0.374321224971184
"382" 381 17.6131799367604 62.3202207491583 6.68340190946375 0.0561226852351141
"383" 382 26.156960234548 72.4107853344513 13.221787905833 -1.98627107872911
"384" 383 36.9522961114971 77.5542307943087 11.9580227418529 -0.423584154331983
"385" 384 38.8631873792449 79.1200473584973 2.47048314097518 0.241837557433977
"386" 385 43.9432848721616 89.3816348966828 11.4502213664794 0.424639958824784
"387" 386 40.6093810315133 104.277725555021 15.2646137101506 0.679869610235899
"388" 387 51.0248110430107 100.570464260919 11.0555401779897 -2.13293460962696
"389" 388 67.882408384968 100.393643461016 16.8585246608012 0.331467459923679
"390" 389 87.0837437063834 99.1588678672269 19.2409965670297 -0.0537296298523949
"391" 390 105.123576159655 99.0903756895962 18.0399624755849 0.0604216309716085
"392" 391 119.43654214673 90.0204761410011 16.9447358542048 -0.56102303083173
"393" 392 114.696536899778 87.596466181408 5.32385894115744 -2.10405176424759
"394" 393 110.895407105711 72.9837122602996 15.0990451641887 0.843590850861348
"395" 394 116.824116700214 57.8735663441791 16.2316390750409 0.628392506409779
"396" 395 117.321668177831 53.2970351149682 4.60349818777214 -0.265615476813183
"397" 396 104.475912821564 43.2098775752015 16.3329170053953 -1.01340557631178
"398" 397 88.7156931857426 34.7073029441534 17.9074927984311 -0.170940534553887
"399" 398 77.4637095097818 31.8169572161464 11.617281741935 -0.243304847762005
"400" 399 73.1269935946114 32.4285040557369 4.37962263966952 -0.391530465657241
"401" 400 67.6647520012129 19.9143608684943 13.6542983318611 1.29933013371444
"402" 401 76.3453567272432 7.44368852017462 15.1944255313824 1.01964985601311
"403" 402 93.1492541638085 11.3157658110507 17.2442440137317 1.18917926420721
"404" 403 102.344001754003 14.7601202724047 9.8187046448524 0.131945917214748
"405" 404 101.729377340809 22.1726039425389 7.43792157321519 1.29510442065568
"406" 405 94.4744969834812 32.5945442863794 12.6984301994269 0.525386328876998
"407" 406 88.4987817934748 37.9690609078253 8.03707664180645 0.230202111916936
"408" 407 87.1929035457425 40.6143536985698 2.95006643089027 -0.379752993946493
"409" 408 87.1995213557654 41.6593639565053 1.04503121226109 -0.464896357768041
"410" 409 82.9048248123419 42.6952121603551 4.41785014475509 1.34045687069009
"411" 410 74.3656680362434 38.3609371258981 9.57617556862375 0.706362538121713
"412" 411 65.2132722092156 42.2192442164462 9.93241576755473 -0.868645872039211
"413" 412 49.2197278195374 49.3767425519732 17.5220787741546 -0.021837675880973
"414" 413 33.5679051717843 56.5986684746059 17.237626467374 -0.0115096873745868
"415" 414 19.2120875023374 66.5428838439473 17.4635884133316 -0.173504173706263
"416" 415 10.9271370976014 74.0340068109679 11.1694819269274 -0.129315111825391
"417" 416 22.2205345662314 82.4230632965107 14.0683010737646 -1.76757505965394
"418" 417 34.0596348800038 97.0692587696526 18.8328260778102 0.252095417873301
"419" 418 40.5709411810033 101.373986928748 7.80562580893719 -0.306840969731286
"420" 419 49.558442620724 101.682907257739 8.992809010462 -0.549791229594925
"421" 420 63.6811201811512 101.576205790195 14.1230806369917 -0.0419138726271701
"422" 421 72.1633146341256 111.657571670405 13.1750355122382 0.878886922075318
"423" 422 63.8651201581491 122.898704658886 13.9722261084571 1.33537025622814
"424" 423 63.6312117265179 120.039057191194 2.86919793563731 2.42407243328446
"425" 424 56.2128098258294 112.081658959629 10.879010680014 -0.668743110656651
"426" 425 58.7237552663464 98.2894369999412 14.0189241238602 0.930440567837681
"427" 426 69.0268966735668 89.0378815721664 13.8472380166721 0.659040154556746
"428" 427 87.0147711064017 82.2947907822139 19.2102290463435 0.373017730901455
"429" 428 104.974087548161 77.6173433318188 18.5584364025221 0.103868966155128
"430" 429 119.398152223502 67.2408565312493 17.768655550739 -0.368832749555372
"431" 430 123.230476258139 53.3224408983357 14.4363777048465 -0.678492892188183
"432" 431 122.831108084704 45.1594518855383 8.17275256942256 -0.31756939190192
"433" 432 112.320747733092 45.4686888868542 10.5149085703932 -1.55132467518509
"434" 433 95.9541604141237 43.1499931539859 16.5300190674729 0.170149562697359
"435" 434 83.5940553109695 29.8402631007173 18.1637306810001 0.681639173298505
"436" 435 71.9759204940817 13.5285002190226 20.0263492662046 0.129517679729075
"437" 436 59.8357107917242 3.79602446135717 15.5597485837901 -0.276132686135906
"438" 437 48.7289301307031 3.34509208451871 11.115930759973 -0.635182650916021
"439" 438 36.7519720382497 12.5158343301386 15.0847617973895 -0.694050308112062
"440" 439 21.4499656625646 17.1249489199275 15.9810930922547 0.3609065047771
"441" 440 19.0562534062197 23.8020927391923 7.09324382418388 -0.934008745852164
"442" 441 8.51266089866557 36.4553757649159 16.4703647286396 0.350479265462126
"443" 442 1.95557904786505 49.0574369447639 14.2058885107103 -0.214930759515607
"444" 443 0.905951937647992 54.751002659744 5.78950840929515 -0.297463428667213
"445" 444 0.629705767787528 66.3306541662462 11.5829461260251 -0.158454657914138
"446" 445 3.04846284939217 77.1668211537352 11.102833007866 -0.243463120064386
"447" 446 5.66676872712517 86.4447666038937 9.64032143890906 -0.0554430792709953
"448" 447 10.9601625559654 89.5087031667763 6.11618553418488 -0.771039374021287
"449" 448 13.935135006854 91.9080202337435 3.8219345195053 0.153989770352467
"450" 449 26.8527414341632 98.7076386006654 14.5979233367846 -0.194161011173372
"451" 450 26.1492664133756 109.51621936496 10.8314493602263 1.15125836252912
"452" 451 27.9706216830603 107.875718853674 2.45123987931371 -2.36899299575464
"453" 452 37.5117585401794 109.83735846778 9.74070441507736 0.935975979982104
"454" 453 49.085885755732 115.582046496107 12.9213722701807 0.257941826749461
"455" 454 62.1906332768485 110.099903667701 14.2052207861495 -0.856924090382501
"456" 455 74.0278805008564 115.722131522499 13.1045743118021 0.839626069236427
"457" 456 82.4622254346696 112.975450095049 8.87031190694214 -0.758239969555188
"458" 457 96.9977600829236 112.788681309255 14.5367345057251 0.301975245691959
"459" 458 100.844012897903 105.870094581476 7.91583874434842 -1.05056300614752
"460" 459 114.03270260776 99.7351088411591 14.5457755481375 0.628013791817054
"461" 460 119.179781126142 93.8234225591003 7.83839600759419 -0.419031111983513
"462" 461 119.65482861406 88.6620997749765 5.18313833480188 -0.624586305811187
"463" 462 121.169123841602 75.630110847071 13.1196732220436 0.0238982603504264
"464" 463 123.231562284341 70.7673071662843 5.28209352131921 0.285450055372009
"465" 464 117.855932660551 59.4543735479551 12.5251690968586 -0.844721172368859
"466" 465 109.96331426221 46.0978949182457 15.5141531050748 -0.0901251519310713
"467" 466 97.6721766106879 34.0970663552556 17.1782406248997 -0.263631697734687
"468" 467 92.256450068082 17.1573151514052 17.7844107249195 0.487912916709174
"469" 468 93.49981546757 9.29116477753343 7.96381059675627 0.466203789455222
"470" 469 88.1954492677551 10.7792138104114 5.50913702007744 -2.00106736911725
"471" 470 73.2529721651196 11.8084361066129 14.9778810416489 0.204732415582991
"472" 471 56.5875095926822 6.47632645625335 17.4976865921403 0.378427652897708
"473" 472 41.2636130107508 11.8614070708769 16.2425644428373 -0.647594098240997
"474" 473 23.412036465343 20.3908273154297 19.7845847786791 -0.107790742716461
"475" 474 9.63217894356635 29.6405566683493 16.596444390975 -0.145441441102169
"476" 475 2.85086370920187 46.6047982442019 18.2694205860971 -0.599343646809489
"477" 476 2.39719237256978 49.7927456942228 3.22006624555713 -0.238924575290181
"478" 477 1.47778434166781 56.6127003891781 6.88164901520924 -0.00735557806700695
"479" 478 4.05111761843249 71.5759242137917 15.1828887692292 -0.304314742538642
"480" 479 5.73172740716288 87.1615431576193 15.6759678209729 0.0628954272206098
"481" 480 12.6457358209777 98.0583211465795 12.9051649693829 -0.457986048912553
"482" 481 22.1670522641798 102.452726972012 10.4864803137271 -0.57299089115801
"483" 482 28.5015618986577 109.147563739395 9.21666163267373 0.380642532580875
"484" 483 38.1965876369007 108.065709503496 9.75520028768893 -0.924175010007687
"485" 484 48.8520384904197 103.217345010874 11.7066336384581 -0.315885736471939
"486" 485 62.1603423339866 105.100780437434 13.4409181307944 0.567604258146148
"487" 486 70.1721965542276 105.540872695864 8.02393228051706 -0.0857146803367977
"488" 487 75.2130493532224 90.8789142190387 15.5042969307633 -1.29452616567596
"489" 488 88.8105321770634 75.6959401738086 20.381713372599 0.39921947793618
"490" 489 101.563994916645 60.3011739010912 19.9912390921995 -0.0385280155412599
"491" 490 115.257171283474 48.0122375373945 18.3989411642105 0.14755543117159
"492" 491 123.115308653168 49.6493202199765 8.02685259803546 0.936796100911407
"493" 492 123.389201359574 56.0828269255691 6.43933426260254 1.32285735129838
"494" 493 124.649709664097 69.9018128324944 13.8763558862395 -0.0484168065102214
"495" 494 120.5301059651 84.7440924956587 15.40338924511 0.361707407590926
"496" 495 116.867055855242 99.1535428550769 14.8677569178364 -0.0218048236310108
"497" 496 107.197367217132 108.55251403306 13.4849374326524 0.550655572437223
"498" 497 93.6609612074664 115.149317247072 15.0582900856273 0.317735446341244
"499" 498 81.7753867452957 122.875962233423 14.1763155664972 -0.122968954574876
"500" 499 67.0128834672087 125.552591216079 15.0031945180459 0.397071514001132
"501" 500 51.7556542526627 124.086163921871 15.3275390168935 0.275183401173877
"502" 501 38.0751010943286 119.841144203933 14.3240262190379 0.205056341513388
"503" 502 29.0185881799491 113.242614817206 11.2054012081599 0.328784918802653
"504" 503 27.3798252338786 112.66942710719 1.73611294112074 -0.293191937276006
"505" 504 26.4298107918061 109.022256176931 3.76887028626243 0.979510282057941
"506" 505 21.0423425112798 103.505166259037 7.71123178459819 -0.518694353032527
"507" 506 12.5581324897817 99.3299896117038 9.45589338589057 -0.339967672381049
"508" 507 7.78715840883021 93.7463093033278 7.34436378914175 0.406407782369101
"509" 508 7.30051021340682 87.7342452616565 6.03172782105314 0.626302509215663
"510" 509 4.4935629782297 84.1078870105517 4.58578531403555 -0.57794099643206
"511" 510 1.90279451689458 75.1406857415761 9.33395842172903 0.377452897968413
"512" 511 0.219245550269099 61.3168827573801 13.9259421968099 0.160067846102314
"513" 512 2.43573134650002 45.3789462173569 16.0913215876975 0.259372949776012
"514" 513 9.21877876982902 29.1992596478124 17.5440015343088 0.25879172373766
"515" 514 21.2568433557198 16.945793753409 17.1773812148239 0.379555814237365
"516" 515 34.4983951980649 7.09307650616379 16.504991134432 0.154566496379117
"517" 516 50.5921195337451 1.84019757235433 16.9292852798375 0.324207474904085
"518" 517 58.3648444389976 2.34581620093025 7.78915288399805 0.380450149016628
"519" 518 60.1606941727095 1.11579481898331 2.17670137274728 -0.66549517176204
"520" 519 61.0573702886943 7.47577426911287 6.42287837834781 2.03126855352461
"521" 520 59.2051736573111 19.3484520312721 12.0162851832576 0.294821631552881
"522" 521 50.4672553115841 29.1802877724779 13.1535626755129 0.571800074052613
"523" 522 47.854073920727 42.3905812565669 13.4662753171501 -0.531264823172295
"524" 523 42.7942752021481 58.7503864522621 17.1243916421469 0.104658006606926
"525" 524 33.7070109963133 73.4684121449226 17.297359655059 0.253182149151144
"526" 525 31.7823817614337 92.7957821459395 19.4229613820334 -0.453879648326015
"527" 526 35.2356616748394 110.496899730129 18.0348192641244 -0.291921577833278
"528" 527 41.6603420297361 118.155499970211 9.99653316405168 -0.505337105591371
"529" 528 48.0020020443944 122.126496066546 7.48234333204658 -0.313346314119734
"530" 529 61.7020335598396 125.75969097003 14.1736011207772 -0.300215668953725
"531" 530 77.0377367912622 123.146661987059 15.5567256859571 -0.427996768911049
"532" 531 88.7664486104463 121.043922033278 11.9157121587713 -0.00862899309929454
"533" 532 99.3830854130073 113.470722232609 13.0409482867755 -0.442221691838088
"534" 533 102.411848218773 109.573375700346 4.93586001889552 -0.290535535909285
"535" 534 101.469354891797 99.4259659658612 10.1910852214526 -0.753256767669201
"536" 535 103.299316333183 93.5689604640674 6.1362262283102 0.395444472544577
"537" 536 116.85773372917 92.5248553229746 13.5985601380978 1.19111012566785
"538" 537 119.033813578527 84.433096233037 8.37925346796263 -1.23123010613072
"539" 538 122.877412149537 72.4231093626631 12.6100370579005 0.0470233516854277
"540" 539 115.872093821901 61.0553598044869 13.352910352763 -0.862012132437347
"541" 540 105.488956319115 53.1992298676181 13.0203042202066 -0.37079061964119
"542" 541 96.4098272053303 41.1924269309019 15.0530363125155 0.275634075970606
"543" 542 102.376761993463 30.0326144008178 12.654869674258 1.13844092714806
"544" 543 109.168799207848 20.9788051273869 11.3182698271974 0.152614256579824
"545" 544 111.704857144797 26.0671111043242 5.68528342077117 2.03559871145519
"546" 545 119.456080199978 35.0334980984528 11.8523227504003 -0.250464046111568
"547" 546 120.964778171265 40.2318755943439 5.41288261080477 0.430373361953982
"548" 547 122.515931717379 54.5176625973522 14.3697525246242 0.174308272139102
"549" 548 124.343460897587 69.3963357930992 14.9904896174324 -0.014060122403596
"550" 549 119.001260528423 84.7997760730692 16.3035295946274 0.456054451736256
"551" 550 109.414090988959 99.2273127350306 17.3224603884861 0.252666689122228
"552" 551 99.8189897506089 110.112061520348 14.5101248751915 0.136005131719621
"553" 552 98.5725065670966 109.40151767565 1.43477973292671 1.36638451107875
"554" 553 89.9590965278485 114.052262021889 9.78878212436534 -1.01318643531061
"555" 554 81.05632711849 121.386548480555 11.5347761579489 -0.194009402314052
"556" 555 68.554616223977 121.011622073239 12.5073316539096 0.719079005777431
"557" 556 67.4693197794467 121.043628273741 1.08576828530795 -0.0594632215194914
"558" 557 64.3064644622234 120.35060960698 3.23788953334847 0.24518507448391
"559" 558 54.7233062792334 123.723051500067 10.1592462851561 -0.554081274561715
"560" 559 42.7776709310741 121.383245227165 12.1726290203023 0.531800853635791
"561" 560 29.9682424165758 115.00063496943 14.311504902357 0.268843719569179
"562" 561 21.7469139262817 108.361095461173 10.5675790523199 0.217091369605171
"563" 562 19.2500618722815 107.692353663972 2.58485701169104 -0.417665662492436
"564" 563 15.8018920696618 103.292787380782 5.58981739128214 0.644349509791838
"565" 564 12.5714261590638 98.042634403089 6.16441532415823 0.113154866107191
"566" 565 11.6005476426261 97.2377652772178 1.26111831461647 -0.327014198529434
"567" 566 10.7541326752403 97.188348896409 0.847856282460069 -0.633865096814556
"568" 567 8.89384699074667 94.4051584226305 3.34765769475661 0.923277431114867
"569" 568 8.5509406444303 92.7306442256135 1.70926374745252 0.387214858940448
"570" 569 6.65517542871821 90.9358653256507 2.61058557661984 -0.610767791351535
"571" 570 4.53036673998788 84.6178127442024 6.66577830306781 0.488329924040667
"572" 571 2.52951736841367 78.9185677567566 6.0402642023884 -0.0132051983488655
"573" 572 1.277169648397 74.9099792074594 4.1996615303364 0.0348216834839037
"574" 573 0.489702699665065 69.8960256851106 5.07541467464676 0.14702590455079
"575" 574 0.605703536549368 61.8553310368046 8.04153136047202 0.170208271022587
"576" 575 2.0844267790662 48.8682817686965 13.0709628995046 0.0989473978146087
"577" 576 9.27132229160127 48.025075131001 7.23619130081222 1.34063157509937
"578" 577 7.11306507352211 56.0006397825781 8.26242735101957 1.95186705565766
"579" 578 2.29381573479362 64.4869352284205 9.75921997820322 0.252192478462601
"580" 579 3.6820372393013 71.4657377113975 7.11553533066791 -0.712828194103756
"581" 580 13.3475480520177 79.3142262014494 12.4507377632499 -0.692418556188705
"582" 581 20.1586176421994 91.1646153619404 13.668298804803 0.36712509570999
"583" 582 32.6746056137358 97.1654937674267 13.8802196142955 -0.602067658024352
"584" 583 44.0044462718434 95.1895199888294 11.5008591727668 -0.619746267236484
"585" 584 47.865827937011 93.0093784866178 4.43433031401109 -0.341316662165069
"586" 585 51.4955654226976 89.3137618302615 5.1800170545797 -0.280406885396398
"587" 586 53.2183537444706 74.3832047168704 15.0296219286405 -0.661526394424731
"588" 587 63.8360480382995 62.3364477160482 16.0580131508871 0.607549774826468
"589" 588 78.6534756340544 49.1704497965335 19.8216967430163 0.121915882938141
"590" 589 91.3163174413436 40.0936830835644 15.5799633054156 0.104537418753236
"591" 590 106.565516200008 30.1834121490737 18.1865756198425 0.0456180816164
"592" 591 114.799091132785 30.2290632623449 8.23370148826145 0.581840915992788
"593" 592 112.586468191202 40.1031381779164 10.1189453857571 1.78569435738286
"594" 593 110.944530873386 55.034380159161 15.0212497901512 -0.110915994222255
"595" 594 107.619582247166 72.7765675558717 18.0510525174297 0.0757282724818147
"596" 595 105.083099491779 92.1145072179384 19.5035805723489 -0.0548331739929301
"597" 596 98.7123468407961 106.542130248028 15.7715819003163 0.285396811126424
"598" 597 90.0295788374769 117.691698289134 14.1316427814575 0.245832595458676
"599" 598 75.446807290541 123.724925235767 15.7815415400303 0.516865108579259
"600" 599 59.3062024145288 125.920871646977 16.289300365714 0.257059395074357
"601" 600 42.2952279921727 121.48862882538 17.5789085903434 0.39010583591462
