"time" "x" "y" "speed" "angle"
"1" 0 15.4676408981695 58.3189033034551 NA NA
"2" 1 29.2164242684058 74.0915925629319 20.9238325991607 NA
"3" 2 47.9821669487709 87.3870800296831 22.9983278810485 -0.237441686300962
"4" 3 68.957501398594 96.2585515485313 22.7742763264098 -0.216275318196439
"5" 4 88.9481547439682 104.412206831914 21.5895418120708 -0.0128558407157901
"6" 5 96.8895979070246 107.68237285356 8.58839364032544 0.00334898180665564
"7" 6 95.1902423111772 114.323317522902 6.85492199389595 1.43068712171857
"8" 7 87.0095799115153 119.419550361568 9.63819622352372 0.763149605491702
"9" 8 77.2160889028944 122.0421638924 10.1385683342393 0.295479412835814
"10" 9 68.1607616175325 123.13970851881 9.1215983496305 0.141036278898123
"11" 10 56.041557378239 122.867598132332 12.1222586779915 0.143065017249322
"12" 11 49.0906415133259 123.884175566728 7.02486021506642 -0.167670361632967
"13" 12 41.0383552211924 122.701744535576 8.13863979261354 0.291023416581622
"14" 13 33.40957334757 111.567380439439 13.4971247568012 0.824299958831509
"15" 14 22.6614934159829 95.6537802729625 19.2032260954838 0.00666836332849617
"16" 15 12.4814138893958 78.8175943877995 19.6746327621991 0.0501908227297617
"17" 16 26.1018112274664 64.0712184087282 20.0741333103836 1.28956048828134
"18" 17 43.0135321003577 51.631494002852 20.9941193236759 0.190870302719667
"19" 18 61.7303962458789 44.1525149077226 20.1557964801016 0.254051998046899
"20" 19 82.5904586709666 40.0846073481661 21.2530015831095 0.18755630953411
"21" 20 97.904452482418 28.496864250383 19.204015115527 -0.455168252533662
"22" 21 100.196020853759 22.5104550652873 6.41002188232848 -0.557448578647705
"23" 22 105.449721695139 22.5769974065644 5.254122230582 1.21787425809019
"24" 23 111.763505516771 27.5666775096411 8.04740788560799 0.656123066342619
"25" 24 115.561543325455 34.3794667880026 7.79994800928509 0.393435333661062
"26" 25 117.403667248277 37.472055917437 3.5996566600899 -0.0286475699892431
"27" 26 113.333244363835 45.8887716292711 9.34930189008929 0.987671660772361
"28" 27 106.586857227969 62.6701235255551 18.0866666595558 -0.0682074126447283
"29" 28 103.21323512311 81.9877201363268 19.6099685089726 -0.209347683936782
"30" 29 97.4508638175483 100.057886093054 18.966702949296 0.135798331491878
"31" 30 98.7258531416321 109.798386017173 9.82359081742978 -0.438850218753087
"32" 31 93.5892304801563 117.348075182425 9.13141275259754 0.727588997165559
"33" 32 85.9819259459128 119.89190866062 8.02135718201782 0.650658588486642
"34" 33 71.9801006186947 117.485943653517 14.207032769348 0.49287482666822
"35" 34 53.1990378686553 113.697622492824 19.1593239765257 0.0288684984222908
"36" 35 40.4574629839979 100.511280693177 18.3365029544472 0.603511569089231
"37" 36 38.7941289683232 80.5237431991066 20.0566282092626 0.685218622161263
"38" 37 45.2063666999401 60.5263150538415 21.0003315486163 0.393322530634468
"39" 38 63.9734465262578 51.1471576305164 20.9802735725466 0.797040266076331
"40" 39 83.4227441850201 47.501186487416 19.7880844195555 0.278151179001616
"41" 40 99.6503355008828 38.9167205471324 18.3583162461745 -0.301271335842643
"42" 41 104.278053429355 28.4868579185053 11.4104253942407 -0.666613856981977
"43" 42 108.386459593077 27.4439330682266 4.23871365504239 0.90459453254179
"44" 43 113.843877844766 31.3050899497166 6.68520354494471 0.864346149635139
"45" 44 116.806909920423 34.9135431162884 4.66909984223042 0.267553687831815
"46" 45 117.904506264748 39.6549220287897 4.86676398924238 0.460010769749639
"47" 46 120.106460240246 46.194430458053 6.90027331390715 -0.097305450423535
"48" 47 122.372392388761 52.4423973079655 6.64616718562495 -0.0231232638911848
"49" 48 120.109811598061 63.3614366924761 11.1509951535697 0.552237328659328
"50" 49 115.857832782344 81.551337109914 18.6802516322884 0.0253090818765218
"51" 50 112.805851200149 96.7037973535874 15.456766900428 -0.0308728588889752
"52" 51 107.271637145345 105.233326455288 10.1676148580258 0.376793398469223
"53" 52 100.395672793447 112.161360852741 9.76097056551547 0.206073823152913
"54" 53 98.3388550899067 115.09166955314 3.58011286766639 -0.169618309002062
"55" 54 97.2863828421699 116.278124715515 1.58599296485934 0.113619215203219
"56" 55 90.4254225911985 113.198813435736 7.52030142502181 1.2670385212043
"57" 56 75.4900246949487 101.72863620428 18.8316509111738 0.23304397400701
"58" 57 58.139694678578 92.5526691710338 19.6273361073835 -0.168441776406009
"59" 58 44.61155152609 78.7638301880956 19.3169029000926 0.308469854188816
"60" 59 45.7435874096691 60.4923490572215 18.3065159972508 0.837732436312987
"61" 60 58.1326616003619 44.9236692376101 19.8965562504688 0.610278445603829
"62" 61 76.257380205972 34.4819117484712 20.9173546127261 0.375975534021667
"63" 62 94.3249159706014 26.2119713214533 19.8702733567656 0.093406589501343
"64" 63 99.9808858778202 22.2883092700188 6.88368502222697 -0.177240650775842
"65" 64 102.453421713724 22.6919534588103 2.5052668702108 0.768322655403306
"66" 65 108.321452495722 35.0287558696409 13.6612766234475 0.964992160480046
"67" 66 116.118793063675 48.8489114214458 15.8680565731509 -0.0696998253268904
"68" 67 121.541616336006 57.5570249483735 10.2585697561013 -0.0432865230757293
"69" 68 117.701070523138 67.4063086655073 10.5715742385573 0.928763524885513
"70" 69 116.340497039808 85.470879713082 18.1157359038052 -0.296621304147328
"71" 70 114.564710225196 93.1497229834721 7.8815006681575 0.152086676559718
"72" 71 106.152718530542 103.304877267575 13.1866888491715 0.46452632871287
"73" 72 101.729190690559 109.172968841719 7.3486119283606 -0.0458421954437311
"74" 73 87.1882852761796 113.308435672497 15.1175400174229 0.647763955504245
"75" 74 67.8260501726214 115.421157327829 19.4771594694495 0.16840066018536
"76" 75 52.7633464406599 108.435842981335 16.6036038327882 0.542914222462512
"77" 76 42.0730309666775 93.9033764725741 18.0409375521761 0.502336068842736
"78" 77 49.8056914670915 79.7856571042587 16.0967089362134 1.13532831087618
"79" 78 69.0121589294739 79.4447512345691 19.2094926844918 1.05195198363743
"80" 79 87.6502934968375 79.7972015367688 18.6414667171517 0.0366555884585951
"81" 80 105.672740692733 77.6878392321881 18.1454680915328 -0.135418673724235
"82" 81 111.396112957776 73.8434258927733 6.894672146559 -0.474971284192978
"83" 82 113.084957370352 86.5288368420615 12.7973374731703 2.02992386088616
"84" 83 112.379162581086 95.7177213579434 9.21595057119816 0.209013614317525
"85" 84 107.328384552893 104.152037562712 9.83097393609122 0.462904581444945
"86" 85 100.481132067828 109.567111213949 8.72971301031999 0.362102746013517
"87" 86 91.8870029249924 114.285060378275 9.80398388620154 0.167075121570208
"88" 87 75.957729924374 112.492962133574 16.0297646410324 0.614087144390089
"89" 88 60.5994835298777 108.939509019472 15.7639703548371 0.115337759113497
"90" 89 52.0886905877181 91.7973629089759 19.138619850394 0.882595728416878
"91" 90 62.7692184505679 76.5200632224985 18.6405354306027 1.07095951859912
"92" 91 80.688428978957 73.1885914545762 18.2262670369221 0.776849758941915
"93" 92 99.1306559961395 76.7111790880736 18.7756321062425 0.372550838252778
"94" 93 105.413763890021 83.6383951088816 9.35220650996825 0.645384192573497
"95" 94 102.538168999089 90.8268408846564 7.74227348057476 1.1172111605717
"96" 95 83.7857574281737 92.8637056111682 18.8627081204977 1.08206932623941
"97" 96 70.5510489192133 83.0539056783051 16.4739091912014 0.746051339825623
"98" 97 65.1180390240869 66.0901133190727 17.8125755500908 0.622990930241263
"99" 98 73.2893990009448 52.0493543752014 16.2454312220789 0.837008515166461
"100" 99 90.3070953247499 50.746283594069 17.0675124616885 0.967314131303188
"101" 100 107.517237082962 52.4329465848875 17.292594119517 0.174114429156037
"102" 101 111.623822234066 52.2457250778388 4.11085070222334 -0.143251051993056
"103" 102 108.893014039176 49.1227131521082 4.14855600004776 -2.24373584210432
"104" 103 99.0245781798297 33.8408933972027 18.1912078029871 0.145107536465388
"105" 104 102.339459256075 24.6619097456238 9.75920987711621 0.919953763633623
"106" 105 107.985842286245 25.6510231711429 5.73236309840272 1.39765043608196
"107" 106 112.984394206328 30.2336685401531 6.78130959888123 0.568599894069974
"108" 107 116.742508188685 35.9273860966305 6.82215803960354 0.245374685766461
"109" 108 117.538619750609 37.5667436591655 1.82243980335977 0.131323963739591
"110" 109 116.328885454095 37.4421419243891 1.21613431021034 2.12551455073404
"111" 110 115.897245686849 35.8980611480056 1.60327737234259 1.19557244667259
"112" 111 111.361452251148 27.1792777867517 9.82805196322384 -0.207115639231062
"113" 112 103.754660747884 17.3796302861208 12.4054974954955 -0.180376574071122
"114" 113 94.3270293251813 9.25644264559495 12.4445334056975 -0.199506802939693
"115" 114 83.9073195425619 4.79999425900831 11.3327085984034 -0.307060396272952
"116" 115 72.9137672975568 0.619511907338211 11.7615740297072 -0.0407702802487116
"117" 116 67.9030542632004 0.63031659199937 5.0107246835043 -0.365536391822316
"118" 117 57.436446938089 0.634933580466714 10.4666083434252 0.00171519743083639
"119" 118 48.1394375857719 2.01309597074565 9.39860172956863 -0.146724351840511
"120" 119 50.0466728971882 2.71175405439563 2.03117445113974 -2.64328817312304
"121" 120 52.5351157926983 8.41085367648615 6.2186883300843 0.807970699616659
"122" 121 64.5125566190402 14.0402806127616 13.2344072923341 -0.719746790653634
"123" 122 80.6096791744616 20.0177017832487 17.1711070817709 -0.0838094764791926
"124" 123 90.1247066727862 37.0763171002318 19.5328468182875 0.706442905319675
"125" 124 87.8843728442782 55.2371177312724 18.298463739439 0.631540824249401
"126" 125 70.9899236942547 60.488532696991 17.6917995473864 1.14668663911637
"127" 126 58.7371993123716 51.5943055692365 15.1405591369169 0.929265338953294
"128" 127 60.8610077927385 35.678830165938 16.0565537950794 1.07555909073695
"129" 128 76.8121294403975 26.6580413833059 18.3251988278238 0.923451192140222
"130" 129 91.1485554911855 32.2658979365786 15.3941926398171 0.887549625260097
"131" 130 85.6305308211487 49.0983770797364 17.7138632252814 1.5147130204986
"132" 131 68.2169992266729 53.4122697360133 17.9399206364378 1.01117274364922
"133" 132 52.2672101654822 52.8354349820632 15.9602164593668 0.278993047051167
"134" 133 44.4939080493798 65.9936305529232 15.2827463654018 -1.07335044627621
"135" 134 42.4539393511057 83.4772947788557 17.6022722128449 -0.417442435112707
"136" 135 44.3535350623084 101.45429310003 18.0770830751405 -0.221430807935176
"137" 136 44.9129477560865 108.025961493763 6.59543539420659 0.020357262023551
"138" 137 34.9605364863768 111.074988873633 10.4089892902548 1.35843450878184
"139" 138 31.3172138005093 98.223389740386 13.3580462821113 1.59183465060209
"140" 139 39.3100343919109 80.7194504694332 19.2424808953404 0.704597270816744
"141" 140 50.4618362073472 69.6879078879276 15.6862237475544 0.362465672730604
"142" 141 69.2109066595497 64.9766210333939 19.3319390296824 0.533793035953489
"143" 142 79.4062809233052 47.7002161734905 20.0604043145033 -0.791479635831472
"144" 143 88.2671521883999 30.3779395314131 19.4570374836778 -0.0603033304289251
"145" 144 103.502704001507 36.7501503907021 16.5144515587136 1.49410319188408
"146" 145 100.992181905536 53.1642272815041 16.6049583369401 1.32643325633033
"147" 146 86.5308068711551 65.1958051494078 18.811970494248 0.725084021122002
"148" 147 72.6415827639038 62.2399069068897 14.2002774874849 0.903630285538536
"149" 148 71.497854024719 45.0971285125761 17.1808895725857 1.29448613560454
"150" 149 70.8449723501094 26.9603583203131 18.1485175011073 0.030636942414616
"151" 150 85.1750258952497 22.3318743392321 15.058993942814 1.2943643582236
"152" 151 102.215896243667 26.1762545405496 17.4691305268423 0.534297328628715
"153" 152 110.421549939503 34.1091583851198 11.4133131028277 0.546616046720825
"154" 153 117.612734680718 52.3194131464539 19.5787261193108 0.426197087402727
"155" 154 122.163765436443 63.7056387765537 12.2620559058869 -0.00414444871762879
"156" 155 119.825507678451 64.8093843630297 2.58567276786456 1.51001224000384
"157" 156 107.275692148809 61.0698702879011 13.0951073056365 0.730625215726991
"158" 157 91.7620546326517 65.9280286453114 16.2565264312025 -0.593077317432422
"159" 158 74.9848823683945 69.5182782052173 17.1570219177736 0.0926641898024843
"160" 159 60.3070368354391 82.5718473533718 19.64267845776 -0.516076870740223
"161" 160 42.8583374020853 89.8025943527913 18.8875835957153 0.33403479831939
"162" 161 28.9269703179231 93.0999322852333 14.3162643966364 0.160450843427836
"163" 162 24.3010588450303 79.0413696966472 14.8000756421119 1.48531712440607
"164" 163 36.9392481812984 63.8779256511315 19.7396520997926 1.01270242119725
"165" 164 48.5333117657927 48.5240172913773 19.2396676769903 -0.0480448593221472
"166" 165 55.2553514749732 30.6886651457234 19.0600525710524 -0.286340454810878
"167" 166 73.4988174255232 22.3566395232147 20.056088872535 0.78194377038047
"168" 167 92.1579934483487 23.0432280027461 18.6718037048114 0.465202003178156
"169" 168 99.2653877613358 33.3431328924805 12.5141158160637 0.930003399407721
"170" 169 92.7188317517735 50.4767694331018 18.3417255647458 0.968983463816499
"171" 170 92.6144216911799 69.7728873731709 19.296400416083 -0.359559351124381
"172" 171 78.0827419895859 79.9273615327971 17.7280303589608 0.955477491231981
"173" 172 63.3669637452219 88.7094417860039 17.1370669284758 0.071859557457855
"174" 173 50.1434174010769 100.914044912014 17.9948469118017 -0.207299730145847
"175" 174 43.7164938081829 107.850463327408 9.45617508839081 -0.0781578835523801
"176" 175 30.328879612992 105.155208945429 13.6562297147804 1.02217477581257
"177" 176 20.2436428218681 92.863612980392 15.8995387511952 0.685011872043842
"178" 177 24.2738457616998 78.8702369675532 14.5621807423518 0.96753457730419
"179" 178 43.2691031176652 77.1420518118212 19.0737103352192 1.1996473977047
"180" 179 60.0657725307478 85.5607511009515 18.7883634490392 0.555347112118901
"181" 180 72.9758912963104 97.2737114340164 17.4317126612643 0.272199982332762
"182" 181 91.397444448353 92.7527530385509 18.9682019534552 -0.977477476564892
"183" 182 106.427711215333 84.0636818841472 17.3611312019951 -0.283504156756373
"184" 183 115.035650279662 70.3243530784412 16.2131357536566 -0.486941464370264
"185" 184 119.006016905632 59.5877402403407 11.4472121662823 -0.205488981167725
"186" 185 119.940370199087 60.8461990129875 1.56739738402269 2.14873436007934
"187" 186 111.412212601722 67.6381817322974 10.9023163256661 1.53690001787362
"188" 187 95.8311076897041 67.4534788420471 15.5821996341014 0.684407031137768
"189" 188 82.0282741478813 75.6247762892785 16.0402093425989 -0.546371185384818
"190" 189 71.4270755223763 90.3179277441948 18.1183363467654 -0.411264619135518
"191" 190 57.6862580450883 82.4908477251555 15.813704391084 1.46356569450117
"192" 191 55.4328308294354 63.4903408790632 19.1336665232946 0.934965840202524
"193" 192 60.6396414515325 44.2465116376298 19.9357929545788 0.382290268362378
"194" 193 58.1540668244855 25.6869828348196 18.7252287198036 -0.397375679141933
"195" 194 54.7125875095829 13.1578781015527 12.9931614817978 -0.134935283481958
"196" 195 42.2537495531353 18.9273706523567 13.7298830118397 -1.73641018729304
"197" 196 39.3125217148344 38.0007476566055 19.2988220247507 -0.984114140290364
"198" 197 30.3769856066928 51.1733677331935 15.917340394112 0.443040986511756
"199" 198 20.1096425917741 51.4893936402303 10.2722054574428 0.94398457145645
"200" 199 14.0718250303892 67.8685895030402 17.4566118710607 -1.18685441469312
"201" 200 18.4413886652907 83.7406376338706 16.4625331655506 -0.621816350519668
"202" 201 33.636841627986 93.9603789421502 18.3124248298701 -0.71008547224775
"203" 202 49.114224841469 106.944773013113 20.2025711365423 0.105963951179028
"204" 203 61.6528273131151 116.560926879958 15.8014862317699 -0.043785654826436
"205" 204 73.1691222843737 123.673194983777 13.5354869674363 -0.100996749367215
"206" 205 84.0397250516549 121.083586346633 11.174796526899 -0.787110395363422
"207" 206 94.4775156564098 114.825448459475 12.1701176051582 -0.306237431130352
"208" 207 102.25138950051 110.112366404592 9.09099868001592 -0.00491864259617907
"209" 208 106.59259010759 101.605628811871 9.55042445037497 -0.553904392757928
"210" 209 105.723627183672 88.4428281265149 13.1914524767199 -0.537794339816497
"211" 210 105.01393553087 73.6236440403097 14.8361679426629 0.0180674120562549
"212" 211 107.937083552057 64.4212999862519 9.65546117194945 0.355425594545729
"213" 212 102.165028510911 46.7592768591121 18.5812723014771 -0.623436584594687
"214" 213 103.265534082712 29.6294672913808 17.165124186568 0.380021376744989
"215" 214 111.835379684299 33.2472576561904 9.30218580543057 1.9060966145383
"216" 215 120.49321723598 49.9045725739655 18.7729670361726 0.692007306148494
"217" 216 123.293845407388 62.1616005998868 12.5729174889005 0.254696528117463
"218" 217 119.704687432605 75.9221322071312 14.2209101354983 0.479780564668596
"219" 218 115.877320078773 88.6925993944972 13.3316755527867 0.0360404890590049
"220" 219 111.236609364547 99.4040002635511 11.6734872472069 0.11765164191348
"221" 220 105.779139501889 106.163288777193 8.68745984235156 0.270401321298505
"222" 221 97.3990893391035 111.775368290187 10.085666918502 0.301461266908915
"223" 222 88.3049119990481 117.54580136122 10.7704205730159 0.0246808161553799
"224" 223 80.1651653426859 120.756804853558 8.75020108669336 0.189672977192272
"225" 224 65.1314816390499 116.691057658807 15.5737582475328 0.639866803118206
"226" 225 48.9588043369272 118.761601804733 16.3046816644429 -0.391458831750809
"227" 226 36.269466490637 119.876583200065 12.7382290169878 0.0396921105124417
"228" 227 25.6109111625159 114.190266252296 12.0805215993808 0.577727932320948
"229" 228 17.0267722936593 106.866001505179 11.2841612096631 0.216282158687851
"230" 229 10.4167702950505 96.9229456801275 11.9397020717316 0.277729411184341
"231" 230 5.77341485943569 88.4114585787651 9.69567751000994 0.0872868448454615
"232" 231 2.81541763206329 77.1059696119131 11.6860527286486 0.243506458646596
"233" 232 0.23985960631037 65.1972394320412 12.1840614591774 0.0429117092555617
"234" 233 1.50817965877698 58.1390047777937 7.17128385924789 0.390790500248424
"235" 234 11.9013863467053 47.9926990382927 14.5246778076978 0.61962216285323
"236" 235 25.2313966066664 33.3524848450243 19.7996223488088 -0.058828794763713
"237" 236 43.5999067840647 24.2028431126398 20.5211624906626 0.370067793174702
"238" 237 63.3577540262606 19.7188720155636 20.2602696044589 0.238972742714601
"239" 238 83.0848351548988 17.3822279338363 19.8649851603404 0.105267005275247
"240" 239 91.0323995502467 12.8448954464475 9.15156630961695 -0.400854795887481
"241" 240 102.875817858665 19.3028669200884 13.4896980241419 1.01796570327706
"242" 241 108.38959580208 26.3332180207377 8.93462835308167 0.40650158152139
"243" 242 108.755120891577 39.1904867170755 12.8624634856967 0.636661258971943
"244" 243 109.83771774667 57.4391344971 18.2807319806962 -0.0308335259822792
"245" 244 113.189468736126 63.4716997826015 6.90116501897731 -0.44788445534639
"246" 245 102.093586427565 77.2095207781687 17.6591712691072 1.18655137801216
"247" 246 105.101758060958 91.4568516380885 14.5614399428068 -0.887494735403286
"248" 247 106.553104229442 99.7601398053091 8.42917552840609 0.0350395484999138
"249" 248 99.7186934551439 108.55450664264 11.1377762009023 0.833686165326918
"250" 249 95.3342161216024 110.777042653547 4.91561876147039 0.440993321319749
"251" 250 100.256716238493 97.053364076747 14.579792902511 2.3843491671868
"252" 251 104.959090426358 87.7487331751749 10.4253766942584 0.123549910514756
"253" 252 110.895728855116 73.0494071972904 15.8528817581509 -0.0841029335287422
"254" 253 117.199461331188 60.3799746074102 14.151027004405 0.0778498586532645
"255" 254 121.41990510649 63.5968757446478 5.3066560645334 1.76038239564202
"256" 255 121.776496464321 75.6021572299661 12.010576211748 0.889826864773386
"257" 256 118.697111303767 84.2683910881809 9.19707683192361 0.37111063673241
"258" 257 115.184039664716 91.8299631142967 8.33780809609133 0.0935084653128293
"259" 258 107.007636304736 100.848483152455 12.1732196063218 0.301537576783215
"260" 259 103.93320029058 105.610526721183 5.66826391019426 -0.163177688002096
"261" 260 91.1667511570749 113.673514155416 15.0994698530435 0.434197069222204
"262" 261 81.4901325412008 120.804459090338 12.0202879957996 -0.071766233829176
"263" 262 66.3544315275078 117.186813288255 15.5620309190424 0.869693201308015
"264" 263 48.5591287858437 113.811537927004 18.1125725238506 -0.0471669471470524
"265" 264 42.3051292774341 118.656226423855 7.91097443319765 -0.846539753175579
"266" 265 32.8972078904372 118.309352336736 9.41431391319773 0.695947876467811
"267" 266 23.9155242258283 111.126191701214 11.500801631487 0.637738765547493
"268" 267 17.7809501674431 98.0614203168162 14.4333381518067 0.457210916211607
"269" 268 17.0509524975785 82.142111927207 15.9360370293712 0.393168895322637
"270" 269 29.7564624465465 79.6679992768204 12.9441576191782 1.42429956128744
"271" 270 45.9937161301322 85.4345636870254 17.2308349270185 0.533570923380178
"272" 271 64.8130898063165 82.9780321377174 18.9790245486064 -0.471048324760976
"273" 272 83.2333935088445 73.9046544263401 20.5337227892724 -0.327891654591828
"274" 273 102.332568597827 72.0719574029494 19.186903540154 0.362025867445409
"275" 274 112.622600041389 74.8334566675282 10.6541365345931 0.357852628643212
"276" 275 118.309045515583 80.0606645844027 7.72394748410526 0.481155136726958
"277" 276 118.145758631485 89.1152683834927 9.05607600260806 0.845484152533945
"278" 277 112.75556092682 96.1950403548698 8.89816848919277 0.632695192477261
"279" 278 100.894844108695 98.1312572360122 12.0177177222046 0.758250697539008
"280" 279 91.4160841102598 106.085489219 12.3740331964609 -0.536350522816873
"281" 280 85.7258519856577 108.599629553588 6.22090373288766 0.28212663462321
"282" 281 75.7385668904056 95.8792834488819 16.1726024064574 1.32122338777058
"283" 282 83.0360835249812 84.6031171742209 13.4315179665483 1.23999384107183
"284" 283 98.0219870624655 90.1212273739247 15.9695599504451 1.34923152727172
"285" 284 106.050110495481 94.1097808908161 8.9643362840114 0.108289096798591
"286" 285 113.293372580394 81.0581397502683 14.9268275963908 -1.52524830380028
"287" 286 115.055376311993 62.6211764706974 18.5209684445068 -0.411370806869293
"288" 287 119.129318857497 57.9257778511369 6.21641183164691 0.619369823643862
"289" 288 122.665942925518 63.3894463837925 6.50840868670937 1.8524694124937
"290" 289 122.036755291939 73.4200483322482 10.0503160411308 0.637118437067644
"291" 290 120.06765816805 83.6677863625601 10.4352037939471 0.127190943557832
"292" 291 116.402871624058 91.3670434318338 8.52697014371383 0.254421920962446
"293" 292 111.255083505002 99.7331327086624 9.82299202415231 0.107347576067817
"294" 293 106.061125331443 105.318773543807 7.62735767142992 0.197473419440615
"295" 294 95.5374143194983 105.162471072507 10.5248716821374 0.836569053462319
"296" 295 79.7866007341705 107.194982827834 15.8814115441698 -0.143183832687795
"297" 296 72.5700661972433 113.851607787857 9.81779132906451 -0.616728343647222
"298" 297 63.5456260287892 111.849585768244 9.243841870187 0.963369786321627
"299" 298 47.6160247495726 108.516689484465 16.2745320840032 -0.0120575844839644
"300" 299 42.0968318919088 97.7109688311839 12.1336346012571 0.892321851891558
"301" 300 41.6757657550951 80.7713127059707 16.9448885016115 0.447371419710017
"302" 301 51.9469012013634 67.3193449988246 16.9248828223326 0.676963192176525
"303" 302 59.3107452626835 52.0891937692972 16.9169650302209 -0.201747279122872
"304" 303 75.4871575228699 40.8296479369374 19.7092284466572 0.512364002358611
"305" 304 83.1439455465594 26.1982518046453 16.5137565568761 -0.480605241353435
"306" 305 81.0653448285026 10.4505699936413 15.8842709422161 -0.613358400928192
"307" 306 80.8929178349227 9.26003800093363 1.20295365404304 -0.0125963268979168
"308" 307 88.3239889216245 8.68539004213118 7.45325685671511 1.63745125179389
"309" 308 96.7067653298994 13.5898067313863 9.71206689500099 0.60653767978008
"310" 309 104.610838750437 20.2011752241864 10.3045897533495 0.167214431458338
"311" 310 110.042454395731 27.1240206209687 8.79933161700081 0.208945518509301
"312" 311 115.548714955945 36.5654951366899 10.9297916900544 0.137301159696198
"313" 312 119.892087974502 44.0264522050255 8.63312049920997 0.000785601893910192
"314" 313 121.326599871946 53.3431011826538 9.42644007864326 0.374415588464164
"315" 314 123.101684246233 60.6440566068128 7.51364589539557 -0.0857296136984829
"316" 315 123.340867961464 69.367010086194 8.72623207650814 0.211089632035577
"317" 316 120.002058584757 78.3493138958598 9.58276733428938 0.383296069327289
"318" 317 111.898091288935 87.0255559173844 11.8722980735751 0.395424328948379
"319" 318 110.014386115428 97.6146051455004 10.7552921269561 -0.575257063638368
"320" 319 106.394338104861 103.99118029369 7.33249331532714 0.340288528133204
"321" 320 97.85538290695 111.186077919041 11.1660336606701 0.354277151056145
"322" 321 85.1888976557463 117.604056272741 14.1996582623496 0.231195399535492
"323" 322 69.026141062478 121.354327615574 16.5921437987415 0.240987961991721
"324" 323 52.3379168089727 119.096967464447 16.8402049746188 0.362447714202581
"325" 324 37.3358990485487 113.360272481301 16.0614509373758 0.230787456929024
"326" 325 22.8136426899387 106.068066550843 16.250298368873 0.100120099190772
"327" 326 15.3851972418881 104.199258481614 7.65991157744526 -0.218898075770221
"328" 327 9.69122497097251 96.7416860331615 9.38278780778243 0.672241179962655
"329" 328 5.38948785234985 87.3300491869996 10.3481326992732 0.223380802585952
"330" 329 2.1136813412807 76.1762170482568 11.6249249321109 0.143053373469608
"331" 330 1.42555816459418 64.9759120523617 11.2214235062833 0.224300127280837
"332" 331 2.88896219197332 53.1773512394154 11.888969198553 0.184762954726963
"333" 332 3.01514573766478 42.1356977584439 11.0423744675252 -0.111974725357548
"334" 333 8.04703572480274 30.7675974344104 12.4319596934654 0.405282735603045
"335" 334 15.5892790350782 21.6624084374756 11.8232779220188 0.275077274960483
"336" 335 22.9035340813684 14.5329486853281 10.2140845522089 0.10640416149834
"337" 336 32.3739517373631 8.32247344230767 11.325140763944 0.19217953341625
"338" 337 44.1587832357063 5.1498490866537 12.2044171817597 0.317447432124768
"339" 338 54.8782140376306 1.49773767615836 11.3244917975119 -0.0653882203647437
"340" 339 66.202720428649 2.17136219864063 11.3445235685553 0.387779727279656
"341" 340 76.4770776468674 3.38352241519769 10.3456149473175 0.0580225391350755
"342" 341 85.8657450070867 7.13361013508428 10.1099076507994 0.262576041493669
"343" 342 96.8524638166959 16.0090768017725 14.1238061000891 0.299488385444851
"344" 343 104.679085198006 21.9891469233464 9.84973303726131 -0.0270568095841282
"345" 344 113.27866575562 36.6219107539419 16.9726416060929 0.387030917438148
"346" 345 119.74592209877 45.9942558625594 11.3871092663171 -0.0726859500666742
"347" 346 122.363340736933 53.8203010757099 8.25214299474242 0.281252458679366
"348" 347 123.71300716056 63.2610140235457 9.53670070928629 0.180754819320608
"349" 348 122.918535806343 72.8131268758447 9.58509492262474 0.22498147072654
"350" 349 122.109226074601 79.1712286032344 6.40940245403023 0.0436257833856584
"351" 350 120.633945868879 82.8706208926334 3.98270699352341 0.25285562790728
"352" 351 116.311433676415 87.3015194121448 6.19007054436405 0.393553879095364
"353" 352 109.092502098762 94.7862471306805 10.3987557978566 -0.00569335205801427
"354" 353 109.545821444581 99.7282747794684 4.96277500101284 -0.858794690359741
"355" 354 104.35229670274 107.575360204041 9.41007167372571 0.6761259073869
"356" 355 94.2635188845763 114.455426496454 12.2114188386228 0.387631332822261
"357" 356 85.6968092487134 120.199891468664 10.3144263922983 0.00781961005889987
"358" 357 74.5027699688952 123.644433418898 11.7120188116752 0.292173842792223
"359" 358 63.4028599420911 125.37474591286 11.2339656368491 0.143876375859759
"360" 359 54.1169676708909 122.251197133779 9.79716041757157 0.479126892921345
"361" 360 39.3797759720863 116.871248467223 15.6884883536333 0.0255409632613804
"362" 361 26.8971186487828 114.416854480515 12.7216659165775 -0.155879554746705
"363" 362 18.2432570047582 108.061955028509 10.7365761953723 0.439257233638302
"364" 363 11.4750908203712 98.2650392192743 11.9074612270084 0.332835174158691
"365" 364 14.0446260239695 85.2026925801365 13.3126785765872 0.798789431695091
"366" 365 21.1800134304856 75.1121267015468 12.3585303815311 0.421265069797051
"367" 366 35.2950794638895 66.4939429153105 16.5380827456117 0.407145487037285
"368" 367 50.6040743205853 55.9179612404888 18.6068995780733 -0.0563954507301628
"369" 368 69.015190110609 55.1742369224076 18.4261311863062 0.564174647475662
"370" 369 87.4781848380009 48.3154815306132 19.6958041173283 -0.315313443486529
"371" 370 103.588739288457 40.4547530271456 17.9259872059074 -0.0982534499009106
"372" 371 114.178075239012 41.9534671272372 10.6948669850315 0.594537050903202
"373" 372 120.868650360169 48.5677778200156 9.40812953739744 0.639069452324333
"374" 373 122.730900693709 57.5562457102704 9.17935353491239 0.586838299034035
"375" 374 122.773717801853 60.2097941829853 2.6538938942236 0.18815747088232
"376" 375 109.683840049119 59.9950280575302 13.091639472204 1.60333628566338
"377" 376 98.4516460051392 74.5765950872331 18.4060935584748 -0.930834308837041
"378" 377 94.8345645339736 94.7559193427032 20.5009367048545 -0.479004199623278
"379" 378 93.1269208077619 111.116892756807 16.4498479674638 -0.0733669392168481
"380" 379 88.9779611242529 118.217167020213 8.2236099780434 0.424827231285713
"381" 380 80.065128161974 121.803675101538 9.60737381550726 0.659400556818059
"382" 381 77.0128469191741 113.684534061144 8.67391906919556 1.59377698564084
"383" 382 71.0105865159033 100.82181178111 14.1942507516938 -0.0770138068435949
"384" 383 60.1010122537161 97.3164719649839 11.4588925210378 -0.823301563844724
"385" 384 64.9984446219479 87.1497947121039 11.2847760352447 1.70881901931893
"386" 385 82.1040429503521 83.3067804285852 17.5319780103681 0.900889383737488
"387" 386 99.6770087526167 89.0543637377082 18.4890194705634 0.537097391320065
"388" 387 113.781549926099 89.3610808233219 14.1078757112851 -0.294360108223586
"389" 388 114.005188310688 89.146216304693 0.310130437763369 -0.787134703300422
"390" 389 112.87037354101 96.780385278234 7.71805289422507 2.48375729920987
"391" 390 106.933660460392 103.947505571579 9.30656625726509 0.544207101030452
"392" 391 100.547380003769 110.704659407289 9.29751074374696 0.0654123369664298
"393" 392 91.0236879609853 116.133855481805 10.9625216141781 0.295484727027929
"394" 393 82.0690864100425 120.443164612783 9.93755674813858 0.0695963495101201
"395" 394 67.0299493234542 122.123663698371 15.1327367480525 0.337246889727496
"396" 395 52.5701007159307 113.989615510016 16.5906588682601 0.623689698245231
"397" 396 46.6256820241875 97.9789992466195 17.0785229664773 0.702881569264396
"398" 397 43.249972324662 81.9822978870745 16.3490021212899 0.147531113327418
"399" 398 48.9063859701236 70.2676315017909 13.0087825659074 0.657806862336083
"400" 399 53.8483386840748 68.4892363221728 5.25219821044659 0.775534724984487
"401" 400 57.9858194795061 70.0060554456377 4.40675476806595 0.696818787907571
"402" 401 62.4124043625361 72.2849369622406 4.97875031442466 0.124040885838765
"403" 402 71.35772829468 69.2353919812588 9.45084889531191 -0.803984333256336
"404" 403 72.2175118477198 53.4466523163956 15.8121323028521 -1.18784112468654
"405" 404 81.0456820672017 41.7264121606573 14.6731257314973 0.591170627516331
"406" 405 97.3291299385287 34.8032438227054 17.6940932068824 0.523212701845805
"407" 406 110.93174930839 44.9151376314652 16.9493849481618 1.04126105578751
"408" 407 112.560244976365 60.3313605859341 15.5019975591054 0.826301629191973
"409" 408 111.471086723901 78.3806097969217 18.0820812623781 0.165515483891939
"410" 409 99.5970351422437 91.0200598159652 17.3421105332589 0.693914155834428
"411" 410 84.5732986096056 85.737636813121 15.9253462186258 1.1547156411634
"412" 411 82.3924778312688 69.4019264528804 16.4806374949788 1.09997676255388
"413" 412 91.5903961731219 55.5814512643918 16.6014227179187 0.71992963018024
"414" 413 98.8480517166179 48.85917898931 9.89254813121331 0.236461887663903
"415" 414 82.9903280840175 43.765864879773 16.6556070866943 -2.08369192769948
"416" 415 65.8807659872391 35.2984890995845 19.0901432091653 0.148771988029673
"417" 416 53.950960087124 20.5815304070339 18.9448975181356 0.430063085898253
"418" 417 54.8357818272112 8.73626992324972 11.878261886338 0.755740732998597
"419" 418 59.0272474867623 3.50893165349934 6.70025743994908 0.60129927296924
"420" 419 68.4991956923125 2.38789575055857 9.53805663142695 0.777131905322745
"421" 420 77.6766126140114 4.19123790252819 9.35291528197257 0.311831037195197
"422" 421 86.6905866701922 8.02095785314215 9.79379820016893 0.207730300490179
"423" 422 93.3397088790671 11.6688661033136 7.58406624115461 0.100034722661462
"424" 423 94.8656154576433 25.4240692296435 13.839581060608 0.958524185300209
"425" 424 91.8617801809784 40.1906594588483 15.0690150098333 0.311164179604311
"426" 425 87.2029651021111 57.4668856785604 17.8933660984665 0.0627178766781033
"427" 426 96.5890773946177 72.8323617414727 18.0054702412204 -0.811765272585558
"428" 427 107.67472998042 82.3700085965422 14.6238982759427 -0.311954141477542
"429" 428 114.08791320584 89.9672583917609 9.94218907151516 0.159233367922149
"430" 429 111.118838884173 99.397981408006 9.8870591652277 1.00609145666402
"431" 430 105.086206606882 105.407237274452 8.51491680883822 0.482333276050549
"432" 431 104.438290291558 106.494758175254 1.26589780841253 -0.250033311261275
"433" 432 100.466771257779 96.5801408298903 10.6804775427252 2.22328708146009
"434" 433 88.8530985084947 86.0815974437177 15.6555679538882 -0.454786477850172
"435" 434 72.0561181107069 85.8883760267008 16.7980917070857 -0.723507549389552
"436" 435 61.5906025150442 95.3724308389764 14.1235375301412 -0.747743543733271
"437" 436 43.3655470762411 97.5613952824084 18.3560401797898 0.616705885905724
"438" 437 33.7418851000692 106.578365299936 13.1878966529391 -0.633328077127979
"439" 438 26.913831866598 112.000197739688 8.71886334127732 0.0817590449729679
"440" 439 16.2044470285334 106.144000236995 12.2059810257235 1.17150891973923
"441" 440 9.05772452782905 97.0644225004919 11.5548420316019 0.403553111127477
"442" 441 5.62308253929796 86.8474254093352 10.7788587127805 0.342537293660759
"443" 442 4.62712476676991 74.8761012632598 12.0126822023671 0.241296719137712
"444" 443 1.40102818671398 64.4885980687842 10.8769445047352 -0.218125838493404
"445" 444 0.835461496508095 53.2806775830515 11.2221810400464 0.250711401580403
"446" 445 2.92380339185251 41.3932016031876 12.069517680657 0.224319888189272
"447" 446 7.97782599934779 30.4145555843932 12.0860999881295 0.257526482245536
"448" 447 16.0608366086292 21.921172055082 11.7248720370727 0.329218958755866
"449" 448 25.1248301517471 13.6320736468515 12.2827167748432 0.0693763496316699
"450" 449 33.0162539889868 7.52967639553727 9.97566150146451 0.0825293498576497
"451" 450 44.9182850721306 4.48150028746212 12.2861597535585 0.407527124936326
"452" 451 54.8473368103699 2.04644895457097 10.2232843751139 0.0102182630984142
"453" 452 67.1445552668061 1.69078098613485 12.302360808767 0.211583910173754
"454" 453 78.1664527479071 5.52718762522718 11.6704858503994 0.36387018054951
"455" 454 86.5635550109887 16.0776999915566 13.4842366342601 0.563607715674182
"456" 455 95.340241923869 25.2958444386352 12.7280957025758 -0.0886376147425311
"457" 456 104.262359489408 26.4920994148989 9.00195577758176 -0.676643104191223
"458" 457 112.479951946234 33.1358348743615 10.5673102841644 0.546605981611617
"459" 458 119.610809619616 44.7563589840965 13.633991042353 0.340516699214133
"460" 459 123.211095332788 54.4776186480354 10.3665301171699 0.195701749209469
"461" 460 124.115948308092 63.5736436494891 9.14092061742083 0.255537652590039
"462" 461 123.232515921913 74.2103402961973 10.6733203987815 0.182016597861558
"463" 462 119.964669873105 79.1196642615081 5.89748078378239 0.504427055814874
"464" 463 117.853883569988 81.6398838389491 3.28738886290351 0.109924129297574
"465" 464 113.178488483027 84.6704185722 5.57166581810336 0.298479872333898
"466" 465 105.280796668026 93.5338147616024 11.871534358079 -0.267850075743339
"467" 466 105.011884117546 104.740425438091 11.2098366096122 -0.703854656002945
"468" 467 100.785963982894 109.633414192172 6.46527183744166 0.68838470868954
"469" 468 88.0372483972448 105.318946622362 13.458988799115 1.18474520826845
"470" 469 73.7941442326523 111.027885672149 15.3446408011922 -0.707539036858362
"471" 470 62.9848389115014 121.921720146964 15.3465537203152 -0.408078767973584
"472" 471 58.0572289102087 123.980277704649 5.34031829979659 0.393570714890405
"473" 472 44.768163857089 117.655560376847 14.7173808560712 0.839932304363987
"474" 473 39.941811042914 107.549350574393 11.1995159742781 0.681048728258484
"475" 474 40.9879263674203 91.8336311800437 15.7504981938375 0.512004361059668
"476" 475 41.6900334831314 73.8402851347151 18.0070390766743 -0.0274662595396433
"477" 476 27.996539336954 66.2791642810634 15.6423249708898 -1.10529008985511
"478" 477 17.6933735492031 77.891248546174 15.5240370467836 -1.3495604984615
"479" 478 14.2674838249033 93.4196272413818 15.9018006937845 -0.508599893820527
"480" 479 16.2766679769534 106.982575052371 13.7109581824344 -0.36421091106105
"481" 480 26.4459720336817 115.667649299104 13.373303992262 -0.71688870319302
"482" 481 35.19062380344 120.294658524177 9.89333861460581 -0.220164669380792
"483" 482 46.0336390050378 123.119479486646 11.2049360610441 -0.231819850603393
"484" 483 57.0782649281979 121.315006834471 11.1910626544125 -0.416804245778042
"485" 484 69.0367519206838 116.692024426858 12.8209741240891 -0.206939986580676
"486" 485 73.6603462705578 103.269407184925 14.1966291187598 -0.870173502034248
"487" 486 68.6382755909231 89.17525183323 14.9621659190426 -0.674030119007467
"488" 487 57.6288464469551 74.4504165568109 18.3855460618858 -0.299716526418759
"489" 488 50.8962812298662 58.5580715628318 17.2596078695319 0.241298566078209
"490" 489 49.9800251104653 46.4577062149165 12.1350058438128 0.325137399621901
"491" 490 66.0029595068577 34.5954858677218 19.9360652646527 1.00909149086061
"492" 491 78.1356297271405 20.4550278999341 18.632075520803 -0.22438776976631
"493" 492 81.3909175703598 10.4056797862768 10.5634415060471 -0.395862544723089
"494" 493 87.4700378085204 8.96154579389613 6.24829783684834 1.02429908441002
"495" 494 95.8911340323965 13.1557397550736 9.40776937407364 0.695325966099493
"496" 495 103.777515656626 20.1536789963707 10.5435368234698 0.263686318583432
"497" 496 109.831365330328 33.8140093170589 14.9416772934666 0.427857576079651
"498" 497 116.80933339268 47.6141127085877 15.4639869340376 -0.0509945914654344
"499" 498 110.79949949381 64.4287554343121 17.8563801898862 0.811421030582663
"500" 499 112.943265438203 81.3073426314274 17.0141834419101 -0.46960131952082
"501" 500 112.174553169905 96.0792074531317 14.7918527866572 0.178326593344116
"502" 501 108.586149404183 103.399883284957 8.15284835014789 0.403763776873653
"503" 502 101.780512279749 108.863333394743 8.72731251712706 0.438604882957853
"504" 503 94.5660135196088 115.775558041545 9.99138838840312 -0.0875684815301041
"505" 504 85.8524674636181 120.703726252372 10.0106306886267 0.249281423044889
"506" 505 75.3669056016898 123.732755133532 10.914303620627 0.233502221938556
"507" 506 67.5589118773876 125.906827765896 8.10502053109914 0.00965715995350861
"508" 507 58.1454630922841 126.979766258848 9.47439787213006 0.158073743738407
"509" 508 51.8353278306599 125.174384799685 6.5633230328151 0.392153361463833
"510" 509 51.0883293467326 124.77850192348 0.845417048953994 0.208667262729548
"511" 510 50.3647602107735 124.416760440142 0.808955620093173 -0.0237310991481099
"512" 511 44.1762441791921 120.18675510299 7.49604401170834 0.135983148892318
"513" 512 33.3340150577592 118.426871992771 10.984130410883 -0.438669063821619
"514" 513 24.5778174426601 110.644498849653 11.714791010231 0.56566999366158
"515" 514 17.7636327705351 106.632730666337 7.90742668018444 -0.194486728763875
"516" 515 11.6293626234117 96.7383354735275 11.6416633892829 0.483721884336913
"517" 516 7.97245336910998 83.9292630740235 13.3208603712348 0.276881426702321
"518" 517 6.2314633973856 68.2156836698368 15.8097319323676 0.167750491555262
"519" 518 4.83261623157618 50.487883672679 17.7829037598622 0.0316013791073508
"520" 519 6.46068966255385 34.7589868417895 15.8129320055903 0.181884949218382
"521" 520 15.1153747808638 23.9996822316017 13.8081935890218 0.574271374903959
"522" 521 24.9691487548288 15.0577405006887 13.3062084550421 0.156460428319368
"523" 522 37.0338588189065 9.29088668098693 13.3721289220552 0.291035412712218
"524" 523 48.5265571269377 3.9765063520955 12.6619411102537 0.0127589699856795
"525" 524 58.9636451285711 2.05528529425799 10.6124406385581 0.251090480470748
"526" 525 72.9229175531781 3.84417656721112 14.0734295255578 0.309494596090961
"527" 526 85.3558478671766 7.72155520095581 13.0235103279478 0.174848937306121
"528" 527 97.0907104455453 12.6655640903871 12.7338220355074 0.0964355992257354
"529" 528 106.541552862546 21.6127656097689 13.0142551619138 0.359289701737216
"530" 529 114.510342107172 31.407096005158 12.6265795019598 0.129779743020912
"531" 530 119.096769060181 40.5794800485783 10.2551421850349 0.219318184438371
"532" 531 122.911071158413 51.0285298660911 11.1234681006168 0.113659555258255
"533" 532 123.324699778016 61.7083808915495 10.687857903291 0.311298079584374
"534" 533 122.929950201211 72.3851868722032 10.6841009531411 0.0756662592772792
"535" 534 121.47489722508 82.2625302340749 9.98394165906721 0.109304446237156
"536" 535 117.014816135176 90.7829816157739 9.61719372147719 0.33597557578497
"537" 536 112.035301834515 99.735057096955 10.2437892447694 0.025386563900236
"538" 537 104.671494160048 106.867406565567 10.2516375476773 0.293741292299126
"539" 538 96.8981789914058 114.339257294548 10.7820676137381 0.00380634159492726
"540" 539 87.3609591621353 119.666560685595 10.9242264482246 0.256219392351761
"541" 540 76.4317112870436 123.013086413768 11.430122202519 0.212272636621954
"542" 541 63.7054183747937 123.370167190067 12.7313015033494 0.269083136006733
"543" 542 48.9860008447045 119.227553305411 15.2912557438047 0.302393466651684
"544" 543 37.9740095378811 112.753700741475 12.7739860482597 0.257126056268222
"545" 544 27.7425235844191 103.129154655934 14.0468926161122 0.223372275135146
"546" 545 31.4101220857508 94.2373987029412 9.61845115881761 1.20716714740775
"547" 546 34.9985410625784 92.5937105246831 3.94695598918988 0.750053783878792
"548" 547 41.2641573015363 79.2326789655214 14.7572053986793 -0.702767161206482
"549" 548 55.2021644913624 68.8204677040305 17.3977638729109 0.490695949540396
"550" 549 68.4094188395794 53.9341433934327 19.9006085057415 -0.203491905305788
"551" 550 85.9044290607307 45.8308075760143 19.2805454800441 0.411334131848525
"552" 551 100.207312521524 55.4166076947682 17.2180149613634 1.02420519406853
"553" 552 107.20201761162 71.7076105366141 17.7291475511501 0.574793380461037
"554" 553 111.502345028922 86.4820127131497 15.387520124114 0.122317283693138
"555" 554 113.441194217589 93.8073539394203 7.57758274502469 0.0244966435383799
"556" 555 109.862178390234 101.673468758781 8.64205511691635 0.685741027231945
"557" 556 104.379948662734 106.878718132249 7.5597264385082 0.384311558711408
"558" 557 90.8614698976524 110.205206897293 13.921738240102 0.518211419717834
"559" 558 80.3243318729727 118.469369153996 13.3913276248573 -0.423811223004255
"560" 559 72.8713617453632 124.221787301115 9.41472666955026 0.00776153013316501
"561" 560 60.2619621959198 124.741820622273 12.6201185276771 0.616107534309732
"562" 561 48.8943534533468 124.010625468051 11.3911006877202 0.105452559244118
"563" 562 40.0789675832642 121.359795189302 9.20532070083304 0.227869225483626
"564" 563 29.1497918186804 113.86824559454 13.2502904958322 0.308799640117233
"565" 564 19.0841880945318 108.533162077335 11.3920803397424 -0.113520165741973
"566" 565 11.2490911621558 99.4493185840431 11.9960392026017 0.371689288124697
"567" 566 8.15947160075637 88.3844513305757 11.4881258859327 0.439431556276913
"568" 567 7.16762470186854 73.565666948213 14.851940305623 0.205460533170084
"569" 568 13.5808897117228 61.46861091682 13.6919221701441 0.554308422593024
"570" 569 17.0177891283943 50.5662188165299 11.4312917515382 -0.182094779009906
"571" 570 19.5324639466381 34.5274411817989 16.2347151948488 -0.14986050943385
"572" 571 35.5548380552194 27.5523141063097 17.4748067169443 1.00468201799316
"573" 572 53.3255410149886 31.0019640092087 18.1024298959261 0.602328656201702
"574" 573 69.7368909150209 40.746194951546 19.086184589878 0.344075444467289
"575" 574 87.5790109388604 38.4823761519399 17.9851639553979 -0.66201710125008
"576" 575 103.210096436948 46.9443222503127 17.774570757695 0.622386982966128
"577" 576 115.621852781054 44.2381973799708 12.7033384336294 -0.710850435588254
"578" 577 119.883845946409 47.6453189199929 5.45646982306495 0.889056714339304
"579" 578 122.220506352926 54.2290510330739 6.98609407267003 0.555363238681654
"580" 579 121.475109043033 54.9450933115205 1.03360229010868 1.14652789587822
"581" 580 120.396876970929 55.4443762385515 1.18822045199475 0.331655549367969
"582" 581 118.371658352089 58.6311397821652 3.77584061329436 -0.571016329046227
"583" 582 120.792851941703 68.4841288081733 10.1461111340762 -0.807078662762741
"584" 583 121.388109335913 78.6723538595113 10.2055994954766 0.182597929120663
"585" 584 118.586222182827 89.2946678874435 10.9856327503988 0.316259226400598
"586" 585 112.761744152894 98.070429253092 10.5327362004362 0.328046800382716
"587" 586 107.586436648249 105.023213107507 8.66746855165086 0.0539291979981225
"588" 587 105.696218663638 106.013508780328 2.13391882435882 0.448332137042215
"589" 588 103.352519231354 106.659305275285 2.43104507193647 0.21371508515848
"590" 589 95.7874059037043 105.719536652816 7.62326076714984 0.392464408241971
"591" 590 85.7581504602963 113.138041485911 12.4747817098246 -0.760458583825497
"592" 591 78.8072123947415 121.207833292911 10.6506844756339 -0.222880442344902
"593" 592 74.6227179923781 122.300215618674 4.32473034408491 0.604392358300806
"594" 593 64.6755490887096 111.216910247059 14.8924755215028 1.09472484914119
"595" 594 52.5143939485517 102.552343818734 14.9321266313228 -0.220316980686409
"596" 595 41.9531589513848 90.116072871983 16.3156525988506 0.247698303717917
"597" 596 30.9584487157593 80.9968047056388 14.2844217613127 -0.174324125340129
"598" 597 20.4064938728632 87.239120261713 12.2601082584178 -1.2266308624742
"599" 598 13.9342283382322 96.5762428976978 11.3609894054256 -0.430460574188319
"600" 599 10.0264397659928 95.292418604225 4.11327319076128 1.28208619929745
"601" 600 4.40903410592436 86.3704209167269 10.5431157200085 0.691465679135696
