"time" "x" "y" "speed" "angle"
"1" 0 92.9399480685598 57.6776649788224 NA NA
"2" 1 80.2299874767454 71.0583593447346 18.4549743960654 NA
"3" 2 81.734484269285 85.7461950928394 14.7646886036268 -0.861771484840527
"4" 3 93.6081098179467 91.7604397683342 13.3099257205496 -0.999869792510365
"5" 4 100.573771058912 94.7702660970173 7.58811511857311 -0.0609863912018229
"6" 5 98.4017121108043 96.8907634157418 3.03551461086448 1.96034111678898
"7" 6 83.3323324895302 99.0242558861712 15.2196580872059 0.632743610218966
"8" 7 66.2437847036572 94.8988919427554 17.5794508758294 0.37752199567698
"9" 8 62.3794168578445 79.6118704727829 15.7678902923363 1.08631713044798
"10" 9 76.1384802620936 69.3071609237396 17.1900804143637 1.17557458256272
"11" 10 90.1763931741544 59.4657751886996 17.143974804941 0.0313867854025066
"12" 11 106.239016896636 53.5285131424195 17.1248054428724 0.257379100065206
"13" 12 112.451559393814 53.4230577864683 6.21343746338087 0.337083360900617
"14" 13 111.913952977186 53.6511057621754 0.583974775503775 2.75738012343956
"15" 14 110.767359025591 54.1467643450017 1.24914175359066 -0.00684176531593589
"16" 15 114.248452334716 51.4986446776771 4.37384823688581 2.89929643639499
"17" 16 109.203039263571 49.6609631615252 5.36966166655621 -2.14197559680113
"18" 17 98.9929136177029 47.5649037496553 10.4230576493902 -0.146814564782985
"19" 18 93.636054679062 57.2522933509372 11.0698443970781 -1.26815293891925
"20" 19 78.548932729076 64.5618568580277 16.7645747753392 0.614510917028066
"21" 20 61.465636485464 56.551684920826 18.868011686729 0.889613623021269
"22" 21 55.0391943733085 41.2227881182372 16.6214991924706 0.735366401503011
"23" 22 69.4603852014869 30.2158751898188 18.1417440483687 1.31585098478923
"24" 23 83.9962480858748 19.2378212831614 18.2156245396967 0.0050788530258019
"25" 24 93.1799397667529 16.0517949030306 9.72064591394621 0.312915529557665
"26" 25 91.4040468594044 27.1147772709374 11.2046139822391 2.06389438099107
"27" 26 77.6706794849859 37.4097335664242 17.1636681559253 0.768363704542042
"28" 27 65.8812235962373 48.9831657700906 16.5207627888548 -0.13288714950404
"29" 28 50.5256210672066 59.8955384542747 18.8381104845497 0.158317801734402
"30" 29 36.7224123187793 70.6467396743939 17.4961967132332 -0.0439025162688932
"31" 30 31.9190092327642 86.0033463265571 16.0903091665761 -0.605909987032062
"32" 31 41.2934529915243 97.953466210543 15.1883363482572 -0.968345619361002
"33" 32 55.1220101457663 109.645088412608 18.1086449709514 -0.203742409985656
"34" 33 69.1739986358355 114.894687795499 15.0005557965658 -0.34432919169625
"35" 34 71.9127618921297 115.552038747901 2.81654654650885 -0.121967276974985
"36" 35 72.6678918678129 115.452817708847 0.761620702690206 -0.366209006075647
"37" 36 62.4601005647881 111.859676407028 10.8217220302937 -2.67248978422796
"38" 37 61.2130341841863 96.9496771531777 14.9620604298822 1.14889561119865
"39" 38 75.9588719488247 84.8337926338064 19.0849257024432 0.96643958715871
"40" 39 92.7492417418936 76.8040568564845 18.6116408315227 0.241717949634734
"41" 40 110.05015375554 71.0819924867298 18.2226116996317 0.126671473736311
"42" 41 112.125062592213 71.1542820223937 2.07616773346193 0.354238470349101
"43" 42 113.080321754704 72.862184326912 1.95689814484639 1.02600216181607
"44" 43 113.105310651952 77.414189133284 4.55207339596131 0.504478798660648
"45" 44 107.770828154473 85.9599692490538 10.0740786825891 0.563530811737127
"46" 45 99.4692675396204 99.9803249661547 16.2937498162979 -0.023445090654914
"47" 46 87.8636550240811 105.430404202317 12.8216069796768 0.597161085584612
"48" 47 82.8935738058811 96.6477646437043 10.0914054983447 1.49486819245672
"49" 48 87.1996614567061 80.8646375363724 16.3599967036299 0.781313556409925
"50" 49 96.6530354209926 65.4532658586257 18.079730537215 0.283869730490815
"51" 50 109.409011381606 60.0719750501268 13.8446095457178 0.621368603587128
"52" 51 100.867887049407 50.6907270632595 12.686946781995 -1.91014140188652
"53" 52 87.6915048408185 44.4153942670601 14.5944115951921 -0.387766842984148
"54" 53 84.027102093646 30.2248796308882 14.6560074076432 0.873615094232108
"55" 54 91.7936753151132 23.1767990487434 10.4878548567768 1.08656747802129
"56" 55 88.3155494213643 24.6164726053778 3.76430865929435 -2.79710567013268
"57" 56 79.3477036711656 35.3082401997276 13.9547895609696 -0.480412561650538
"58" 57 65.6466684385129 26.1557203141164 16.4768621619196 1.46179956960421
"59" 58 51.9378655526237 14.6328534254176 17.9083147699284 0.1100426878311
"60" 59 43.6315464117357 7.28550206488642 11.0895676058799 0.0252337760249326
"61" 60 47.6815198674783 1.79515900959216 6.82247402758245 1.48213595162757
"62" 61 53.6381200354758 0.201924177088581 6.16599406364378 0.673887758597393
"63" 62 59.3715478098207 0.832603325014539 5.7680109423664 0.370915730260794
"64" 63 67.1150860470374 2.43277116346915 7.9071437031624 0.0942173967664204
"65" 64 76.151739548932 14.6424494236921 15.1900411365956 0.729869779907637
"66" 65 75.6948620455549 30.7220483038309 16.0860883125529 0.66555510892762
"67" 66 78.2616705522184 42.0295035721056 11.5951304673088 -0.251624459238128
"68" 67 92.8354026459828 50.3409354121624 16.7771739686018 -0.829281103407314
"69" 68 94.510982401054 63.9719410352279 13.7336041085961 0.93018915699432
"70" 69 82.0925902093159 61.1887304316249 12.7264577118626 1.91358361604629
"71" 70 78.5286181588233 46.8211593639935 14.8030062879177 1.10717077085132
"72" 71 84.0344254141789 34.8088265920655 13.2140096926202 0.672921750283833
"73" 72 96.3640212394536 28.7441765303554 13.740411696366 0.68389492838573
"74" 73 99.754262352071 24.8085923401461 5.19447376737118 -0.402573819212083
"75" 74 100.901938101683 25.7235788668169 1.46777381439939 1.53276523980907
"76" 75 100.83447284406 38.365245168406 12.6418463225004 0.903070067515518
"77" 76 92.2759210122313 51.2559750538713 15.4731938021253 0.580769420886276
"78" 77 75.8368954804532 53.6333343153799 16.6100390575319 0.84106912701747
"79" 78 63.8742141183237 42.2024362914501 16.5460320018221 0.906291148537898
"80" 79 63.3510363095562 26.5833539152109 15.6278421189662 0.774642723367962
"81" 80 77.9838576042831 21.2056101479048 15.5897269722793 1.25208974918392
"82" 81 91.3244131228535 19.128373766501 13.5013085487402 0.197722131188731
"83" 82 94.1140366762749 15.8216692076012 4.32623330504173 -0.71554607873645
"84" 83 94.1623182227561 16.1961958380123 0.377625879168365 2.31260396568386
"85" 84 94.1772688002941 16.4286529379581 0.232937380177426 0.0639794666779486
"86" 85 94.2228587085656 15.612846651833 0.817079149297876 -3.02154049983829
"87" 86 94.7172564312666 15.3977614498225 0.53915744670357 1.10462323828633
"88" 87 94.6613468571235 16.7836049879366 1.38697086941784 2.02146571411079
"89" 88 93.8168130595929 17.9329961005409 1.42630195432279 0.593358522112376
"90" 89 84.4633904584984 20.9689664338147 9.83380039553299 0.62326081869704
"91" 90 70.9527935324072 14.3314147496135 15.0530170284812 0.770506718589753
"92" 91 65.5981668424519 4.9071792631675 10.8391993012755 0.597454185517589
"93" 92 66.4264392731523 5.04755711440683 0.840084019950957 2.25537459740261
"94" 93 68.5230782473753 6.04227512325244 2.32063760750198 0.275099546485858
"95" 94 71.5835238061311 6.94842774019305 3.191776869284 -0.155125523839529
"96" 95 75.3445337852509 6.47328355289344 3.79090464952148 -0.413529822901088
"97" 96 84.3172338440151 12.7625059941939 10.9573566730624 0.737017392302425
"98" 97 94.8428164368411 22.7296925036946 14.4959544643867 0.146807519351968
"99" 98 105.107472114464 30.4425940702989 12.8394706571678 -0.113757506290559
"100" 99 107.249614723991 44.7236009332938 14.4407732473182 0.777508002495734
"101" 100 113.607981244498 54.3078144905836 11.5015639945546 -0.43686271880904
"102" 101 108.912315390986 58.744405785916 6.46007895692095 1.39951181656732
"103" 102 96.7086758284927 59.0057169302492 12.2064369119496 0.73562731330731
"104" 103 83.7708742192866 62.2941716948076 13.3491814437337 -0.227494116039262
"105" 104 81.6564808446198 48.4422205792118 14.0123948364186 1.66822665388986
"106" 105 91.4767967126459 35.3768420880813 16.3445011812628 0.796015856069011
"107" 106 102.871055813697 34.283481968388 11.4465967349782 0.830589341532263
"108" 107 103.413315248377 37.4804911572004 3.242670665956 1.49844497315689
"109" 108 94.1783631520332 39.7189726766539 9.50237547851608 1.50100610285191
"110" 109 82.3434916720907 33.8830234573595 13.1955479703171 0.695930003514023
"111" 110 82.1523960455259 18.8962489633707 14.9879927699531 1.09992184574517
"112" 111 86.0332776463985 16.8970909940327 4.36553256617779 1.10786848698573
"113" 112 79.9048139464819 18.7433150861669 6.40051644162967 -2.95852139290592
"114" 113 68.5179983055591 30.0001260027386 16.0117257799343 -0.487050048902112
"115" 114 52.8941646314166 36.4151250713265 16.8895349766432 0.390054163916161
"116" 115 37.5364347194939 36.9456209780052 15.3668895341434 0.355073853852631
"117" 116 22.0554495806867 42.8812765870941 16.5798947034557 -0.331599618438062
"118" 117 13.749437171002 53.4229249986091 13.4207374380782 -0.537334122487133
"119" 118 13.9743713126919 69.8547684048744 16.4333828865551 -0.681021777759275
"120" 119 9.49790568426608 81.1249053903322 12.1266125605406 0.391775805631312
"121" 120 8.55575368578675 80.318008667946 1.24045665334836 1.90092957788685
"122" 121 19.4404643832303 76.7665949239271 11.4494308394893 2.11798660322971
"123" 122 37.0391640953097 78.7664627621729 17.7119649651413 0.428536912383279
"124" 123 53.6461828418934 89.0664001484158 19.5417957672755 0.441999821071528
"125" 124 70.107800349833 97.6612746699078 18.5703182260804 -0.0739681811860794
"126" 125 86.3243514908787 106.134260568982 18.2966669357031 0.000293814479618412
"127" 126 89.5680162542536 107.312210636399 3.45093139000006 -0.133132338864525
"128" 127 90.9572987203246 108.128806500865 1.61150072181056 0.183042603666421
"129" 128 89.4515446685753 107.411680702917 1.6678023487338 3.05467845439743
"130" 129 89.8298242706404 106.980033289348 0.573946815462397 1.84592410460385
"131" 130 89.9880491147116 110.61589708295 3.63930496481205 2.37850112542333
"132" 131 81.3842439053279 117.895220911449 11.2700496663138 0.91208524747794
"133" 132 82.0397979111958 116.01812278427 1.98827775566424 2.60899360097665
"134" 133 82.6318254718926 113.771499187753 2.32331965451416 -0.0783346028500721
"135" 134 83.8250098219395 106.54405769506 7.32527128668295 -0.0940461732820633
"136" 135 82.5147940716506 95.4469104470245 11.1742267006214 -0.281138765494195
"137" 136 85.0366100421198 78.5026195455527 17.1309237912791 0.265269053693757
"138" 137 90.4282469386998 60.9321217771659 18.3791224016123 0.149990701072599
"139" 138 92.7531044110091 41.6272840682122 19.4443236250478 -0.177884466140059
"140" 139 99.3465166620574 27.3843340627392 15.6950536784898 0.313698341959797
"141" 140 106.000043274391 30.6044771287426 7.3918020635408 1.5879923426592
"142" 141 107.002433309566 46.8825473643454 16.3089042053056 1.0585488913777
"143" 142 103.440627372428 62.8923215339407 16.4011990566321 0.280413195335815
"144" 143 89.749256237443 71.8203976483009 16.345157896445 0.774037996190863
"145" 144 73.8630602849008 69.5154501968388 16.0525388831975 0.721932400711054
"146" 145 57.3828879081041 74.2209920507938 17.1387924226958 -0.42221268609481
"147" 146 46.7941104854505 85.8238859614384 15.7082575229773 -0.552937529630699
"148" 147 37.8005547310016 83.9344489028228 9.18988669717158 1.03814082031655
"149" 148 45.2381309996345 69.9851835609687 15.8082112944249 1.8535638789775
"150" 149 62.4246908290339 71.2491491962704 17.2329755961281 1.15436409228532
"151" 150 78.7770623688685 80.2855713693054 18.6830666825902 0.431430264651905
"152" 151 93.8939680842642 92.0917127698139 19.1808710223745 0.158199130522705
"153" 152 99.9452267259453 97.5184972303106 8.12820525880151 0.0680046958286142
"154" 153 98.9608304427144 96.7350254665095 1.25811924995701 3.08277707663774
"155" 154 98.8593969452339 97.5923905165957 0.863344417669044 -2.12526550029569
"156" 155 98.3469578365258 97.3559258794414 0.564366339143347 1.8853695275671
"157" 156 98.1931981896312 98.0356040914822 0.696853285086648 -1.7806512167647
"158" 157 95.7233052973132 103.126622111256 5.65851883244967 0.229215553976985
"159" 158 85.1900495116518 110.369094245831 12.782913598482 0.516758736315153
"160" 159 76.5973002763429 108.85031996793 8.72593918888481 0.777286526378638
"161" 160 70.6496467740876 100.004878817463 10.6590999305412 0.803892814024413
"162" 161 65.0913184050327 86.1038015112981 14.9711377166269 0.211583711904332
"163" 162 70.3115595939499 69.8033587573865 17.1159385382168 0.69030704492599
"164" 163 85.6250650261819 62.834597419793 16.8245975643799 0.833800726962265
"165" 164 102.852560460161 61.5252771332633 17.2771791256698 0.351208588674019
"166" 165 107.878257325933 63.8195203710176 5.52459781528138 0.504104188353402
"167" 166 106.420025352538 65.7676358693485 2.43343265431112 1.78511071787257
"168" 167 104.129558655588 55.4308820116151 10.5874793036493 2.28096866114288
"169" 168 107.217294883933 43.132489241879 12.6800859513859 0.464045203825301
"170" 169 107.426875208902 44.7565068903403 1.63748503355842 2.76726761814086
"171" 170 103.407231696531 44.5292399212375 4.02606311944936 1.755616474529
"172" 171 88.5675689225742 46.0154667723935 14.9139016188874 -0.156298430635369
"173" 172 75.1709308364137 36.661976497351 16.3388399936128 0.709334234459549
"174" 173 69.1905259152204 22.4174154083017 15.4490376283149 0.563791478283845
"175" 174 52.7708618407919 19.8337066511192 16.6217002517499 -1.01723145715319
"176" 175 40.1310885178943 10.0486662188656 15.9847078770639 0.502702043801653
"177" 176 39.3676308937688 8.35943863368191 1.85374145402776 0.487539624732647
"178" 177 39.7908672653474 5.68244570682757 2.71024356039363 0.581283399967722
"179" 178 41.9478902667878 3.25143405799844 3.25001013313588 0.56894739374413
"180" 179 47.1350276819717 6.32011039929037 6.02687058527107 1.37926066834902
"181" 180 62.2224834256627 3.63478717719948 15.3245646471584 -0.710354619330004
"182" 181 77.5060567731392 6.89194397300865 15.626793806158 0.386112988707836
"183" 182 87.8127720397784 16.9892927901652 14.4286116006672 0.565163879667393
"184" 183 99.7319083239801 26.7361059385027 15.3969534749566 -0.0896697578618132
"185" 184 104.864689425029 38.1642118907727 12.5278508726594 0.463192855467214
"186" 185 105.2252443659 54.4914041580449 16.3311728665721 0.400056216216852
"187" 186 104.552163239101 71.1654569460726 16.68763238393 0.0624245803209888
"188" 187 89.977585683487 77.5914459745927 15.9283284094495 1.11518728774298
"189" 188 75.7346894655547 69.8242947962639 16.2230924950147 0.914518622653273
"190" 189 63.1259303232718 58.5019213855311 16.9462959598896 0.23244153900403
"191" 190 56.9639399728353 40.9753214643775 18.5782622942797 0.501019024225411
"192" 191 57.0726169170391 24.6850061697443 16.2906777967266 0.344752268147937
"193" 192 57.9939948086934 12.6181116492314 12.1020196904655 0.06953680666138
"194" 193 74.1722033208702 11.7219928536205 16.2030077318785 1.43925441831081
"195" 194 82.4906753704631 12.3109848252246 8.33929785908099 0.126021277114491
"196" 195 81.2429865752488 13.2013625205877 1.53280780598983 2.45109570867068
"197" 196 77.9782119066816 10.6230551926726 4.160098834607 1.28826008252323
"198" 197 75.4045728872169 7.99400278630061 3.67906704994101 0.127598193640484
"199" 198 64.7399448984403 8.72011838746841 10.6893186876085 -0.86403010041168
"200" 199 56.5339523699351 5.02548743752705 8.9993672685444 0.491031365235617
"201" 200 54.0688667512732 10.4180076294494 5.92924287979703 -1.56507842824263
"202" 201 61.3559840908408 21.0533862244524 12.8923759245406 -1.02947607960295
"203" 202 60.4077853805822 37.2509576872629 16.2253012941822 0.659181075749333
"204" 203 57.0034365896443 54.6997689302956 17.7778121400059 0.13421151677698
"205" 204 46.9551296846495 64.5278277032447 14.0555757940224 0.603794270703729
"206" 205 49.2387010295136 80.6647237982289 16.2976720321462 -0.93705760206843
"207" 206 59.018680097125 95.0042252680364 17.3571107320754 -0.457984913366067
"208" 207 71.800328734193 106.170250312794 16.9720551843791 -0.254196927612198
"209" 208 75.1172495376627 107.45315472336 3.55637559084258 -0.348981092830123
"210" 209 73.8908373218182 106.640946374352 1.47097563724602 -2.92569882923419
"211" 210 64.5421729441375 98.3094537208105 12.5224316920688 0.142981455572545
"212" 211 64.4368033234395 82.3671134262945 15.9426885067454 0.836257316802867
"213" 212 73.0333787592456 69.0649847779315 15.8381733732493 0.580347787903855
"214" 213 88.0167647052197 63.8010504047567 15.8811479273731 0.659209290534305
"215" 214 104.063302141247 66.7814497201052 16.3209725128365 0.521490661795111
"216" 215 110.525420372333 66.1695129530102 6.49102754881295 -0.278056549171589
"217" 216 109.035525256748 66.6039340931919 1.55193723535438 2.95229441025009
"218" 217 108.915411946479 65.9311750886088 0.683397311636143 1.67783219015543
"219" 218 113.077795896241 54.6818789782519 11.9946697796866 0.531068048217965
"220" 219 113.295334886383 54.6864599205702 0.217587217604155 1.2374600348785
"221" 220 114.18997782313 48.2905716010087 6.45815557110336 -1.45287513227087
"222" 221 114.027431145098 46.0408836282192 2.25555257031463 -0.211103759718169
"223" 222 110.948832642872 42.9448824151593 4.36611867099092 -0.710452087159532
"224" 223 102.352649937218 36.6613766729018 10.6478543153994 -0.157009821308284
"225" 224 96.4610359388278 23.9848636216917 13.9787373765848 0.504524187199794
"226" 225 83.9687465447245 15.1084725485481 15.3247385879633 -0.517959767548299
"227" 226 73.7114167080412 8.63946358601496 12.1268665505911 -0.0551036491930712
"228" 227 66.4906791151175 8.08548930153297 7.24195684147102 -0.486097631645601
"229" 228 51.8937582264456 12.60473654948 15.2805004865097 -0.376813141891259
"230" 229 39.7772026886063 9.87690095078421 12.4198230726148 0.521684192408048
"231" 230 35.5990656171544 9.71487595060751 4.18127749480025 -0.182681136260494
"232" 231 36.3806782844916 7.4485849810015 2.39728870198391 1.86414842877629
"233" 232 45.7120584001778 4.21551337199425 9.87559653349576 0.905155091575216
"234" 233 58.5387709254653 3.2487880600728 12.8630910762179 0.258303403530116
"235" 234 72.4328282755997 3.72523562647145 13.9022239923097 0.109503938783803
"236" 235 83.8446704008436 13.532829809169 15.0472271314011 0.675660922397589
"237" 236 96.0343692583129 22.513068308909 15.1404571181983 -0.0749996810256805
"238" 237 102.812227454107 39.2421518383805 18.0499749988285 0.5509153256288
"239" 238 103.720152229696 56.7830151812103 17.5643449695671 0.333227325870055
"240" 239 99.9003213797511 73.335944479738 16.9879538521932 0.278508895639089
"241" 240 100.696075592771 87.6525944712609 14.3387479142117 -0.282319792099049
"242" 241 88.9951233762448 90.7190182975488 12.0960835751018 1.3700191937188
"243" 242 82.8723124541346 94.6911128433414 7.29837986601327 -0.319184467418866
"244" 243 85.2302011720158 108.17607933797 13.6895566241996 -1.16841259380869
"245" 244 85.2535898306272 111.986886100299 3.81087853508442 0.166965786772219
"246" 245 83.6345456757703 112.800084531515 1.81179349372583 1.11147119193837
"247" 246 86.85830134005 106.18498519202 7.35881375320494 2.48972152908192
"248" 247 97.5480648804815 98.65590486377 13.0750944600634 0.503710094065515
"249" 248 98.9823037599713 98.6636942390557 1.43426003144743 0.619054507469995
"250" 249 93.1512729059458 89.14642580102 11.161510620979 -2.1259174865907
"251" 250 85.1957198031959 99.37836942152 12.9608447033272 -1.93101917454871
"252" 251 64.4055178003795 107.068430172341 22.1668566483666 0.555631028199007
"253" 252 44.7458598124458 110.30761192577 19.9247195873435 0.190986247300509
"254" 253 46.638560653925 101.35037959802 9.15501651820607 1.94233307885493
"255" 254 46.40113597455 84.6598579832075 16.6922102267165 -0.222465144303723
"256" 255 47.6753150871958 59.96997250727 24.7227421057215 0.065785750354237
"257" 256 66.006520970515 59.9983954404934 18.3312279184938 1.52078525794192
"258" 257 83.7401238860824 63.2778605457926 18.0342885566328 0.18131301164147
"259" 258 92.1573590233279 62.4309769702557 8.45973162376878 -0.28313911330605
"260" 259 103.354660827095 53.3849196852739 14.3948157365014 -0.579250782672941
"261" 260 112.681960592003 50.2788483632608 9.83087991798688 0.358068070355338
"262" 261 114.813602131128 47.1745075261285 3.76574397488857 -0.647618055754204
"263" 262 114.907419948354 43.0775337188539 4.09804784749063 -0.578824682603794
"264" 263 114.42147452021 39.7200487782944 3.39246931971669 -0.166632118653013
"265" 264 113.248328464667 35.9013819276525 3.99480765291985 -0.154324662992453
"266" 265 112.126367914414 33.3179825470631 2.81651341838695 -0.111656708148417
"267" 266 109.357669425094 29.9424303052389 4.3657810597925 -0.277231524736429
"268" 267 107.019240367197 26.7435331078879 3.96247318451987 0.0557127418070357
"269" 268 100.143467539522 25.6210244388229 6.96679823806642 -0.777731336413212
"270" 269 87.0924501161071 28.942152777966 13.4669576828371 -0.411011875628899
"271" 270 73.4428266154318 22.656752572406 15.0272578155245 0.680720006049075
"272" 271 67.2131861178725 9.68675106716696 14.3885148564657 0.691487093507198
"273" 272 69.6987682137204 10.0642152185804 2.51407985967069 2.1692793744176
"274" 273 83.6706098333454 18.9002799740343 16.5314366770242 0.413206929247
"275" 274 98.2402785077265 26.9276949438524 16.6347418488806 -0.0603311218649446
"276" 275 108.357590273775 37.3940857542381 14.5569685706589 0.298769774655822
"277" 276 114.558531454206 53.946817314708 17.6761023315701 0.410005593663694
"278" 277 117.007090215603 65.2875184785753 11.6020232242552 0.1457904160428
"279" 278 116.782958912263 70.8751511917579 5.592126087506 0.252735317547872
"280" 279 115.944856743246 74.921633432493 4.13236418655178 0.164140466216823
"281" 280 110.317420907448 83.5000786303619 10.2595202665068 0.376348609997528
"282" 281 101.920750650265 96.179491787674 15.2076161649907 0.00434419583835128
"283" 282 89.1037875353299 107.258717645983 16.9417764449021 0.27306683693399
"284" 283 78.5035057761487 112.529764686368 11.838492736661 0.251356181695905
"285" 284 73.6276901072613 101.393361347827 12.1570168115217 1.61956112934719
"286" 285 81.393273725267 87.5860279615922 15.8412986894031 0.925016856370086
"287" 286 96.5861672395478 79.7624347606283 17.0889620489497 0.582927550898668
"288" 287 107.885446143229 81.3259780655912 11.4069439995855 0.613038923243967
"289" 288 106.604946951977 80.9412182697281 1.33705582505425 -2.98720115602757
"290" 289 94.548877859108 70.7123464737534 15.8107121974473 0.411694889168634
"291" 290 92.1773962019114 53.7948873172151 17.0828671353366 0.727935603392485
"292" 291 94.8015592505343 37.922755894357 16.0875973224791 0.30312132719527
"293" 292 97.9582153987035 29.2397337521221 9.23901247754948 0.184839670953448
"294" 293 101.18905353048 34.7381337693755 6.37735978156081 2.26165466147511
"295" 294 97.7402451921374 49.0129822968418 14.6855568310067 0.768306636977876
"296" 295 90.511821869396 63.0614324074272 15.7990206735215 0.238150490899738
"297" 296 82.5791335990877 79.550962904991 18.2984195826845 -0.0268154201637491
"298" 297 71.634583678051 91.1778063282267 15.9676755027932 0.30678643792734
"299" 298 53.361904782612 87.9659160782833 18.5528173869498 0.989615277110308
"300" 299 47.4972025942592 73.8181767687408 15.3151317111164 1.00382670217145
"301" 300 58.1885778765721 60.5639782622328 17.0287780970089 1.07174857136636
"302" 301 75.1555143350193 56.4444087035179 17.4598907824212 0.65382865299597
"303" 302 94.2011907457241 58.4280133250516 19.148693878065 0.341966370547062
"304" 303 107.141293191804 67.8676863358426 16.017293087963 0.526469137705008
"305" 304 109.525720047712 70.1704633666562 3.31485648027403 0.13773533875768
"306" 305 98.930339182581 74.8665721800108 11.589457867564 1.95640916583509
"307" 306 84.5433375137884 67.730185608533 16.0596958350839 0.877669979705578
"308" 307 76.5181656138514 52.6646469624929 17.0696759992351 0.620877959462588
"309" 308 80.9780165365847 36.0936847569131 17.160625241283 0.752358520373231
"310" 309 93.3525852650084 24.9060801231761 16.6820996476852 0.572824606885115
"311" 310 106.403058656543 30.4495256203033 14.1790212540487 1.13674043367102
"312" 311 109.533535442868 32.0235964837639 3.50393835461166 0.0642266631962661
"313" 312 112.713001276867 34.5086234777178 4.03538872356155 0.197509588866428
"314" 313 115.478478686539 41.1073652959268 7.15480669807241 0.510528947412281
"315" 314 117.716783689809 46.1673275319196 5.53292211379657 -0.0196235041227546
"316" 315 118.08087873642 48.7815203910673 2.63942598073622 0.278093017863895
"317" 316 114.266618232179 58.0672207919505 10.0385663881439 0.528139846914461
"318" 317 107.076156001655 69.9750070179354 13.9103601640054 0.153488434741756
"319" 318 96.1329829155045 77.3726634606145 13.2090256278563 0.433113285904293
"320" 319 78.8051014304937 83.3557121571781 18.3317306456328 0.261973061354812
"321" 320 61.2226906290274 89.6182226911689 18.6644101910525 -0.00970236230779929
"322" 321 44.8249703672115 95.5129478108232 17.4250685514018 -0.00292896757918673
"323" 322 29.8691035961064 95.0651844786314 14.9625680575462 0.37502912264149
"324" 323 38.8487059568415 82.2638835089273 15.6367056976163 2.15257154299121
"325" 324 56.1464040147899 79.8600584909388 17.463926615199 0.821007522771464
"326" 325 73.7025796723232 86.2319049353209 18.676716275324 0.486239787287524
"327" 326 87.4777209811997 97.7759993405796 17.9727747918077 0.349352257509647
"328" 327 91.9703649461343 104.564432455163 8.14043450602212 0.288655996867257
"329" 328 92.5943298199904 107.275065065759 2.78152140265549 0.358381477963478
"330" 329 89.4460049008576 111.761627919795 5.48098495159844 0.838131849731684
"331" 330 76.4432667843718 114.301929105912 13.248559493096 0.765978379599208
"332" 331 63.474633794517 112.383882693337 13.109704179208 0.339770897879467
"333" 332 59.7008298493335 97.0243098032269 15.8163862997615 1.18303700555429
"334" 333 70.4133903832961 84.1918291875971 16.7162050700608 0.93652836883109
"335" 334 87.5582329985427 81.5266770972411 17.3507539884094 0.720977905772636
"336" 335 105.491044061563 83.095876565184 18.0013360501981 0.241496989803052
"337" 336 107.647159444445 84.023418928616 2.34716177121704 0.318977549315034
"338" 337 108.398753959241 83.7377275046654 0.804060883510123 -0.769506026505989
"339" 338 110.260278267146 81.3428031055766 3.03330440712264 -0.546817624842392
"340" 339 110.324507404386 81.1046446312783 0.246667470394157 -0.397308708569524
"341" 340 110.454178442031 78.835313000389 2.2730333541237 -0.206345011439539
"342" 341 107.834921238931 67.8021369192148 11.3398184612536 -0.290162086932132
"343" 342 110.814417263495 53.268514081879 14.8358885591097 0.435288945755687
"344" 343 113.30029865856 51.6286305102979 2.97805715839583 0.785441582776983
"345" 344 114.209780489078 47.3052716732095 4.41798470281122 -0.780305595170862
"346" 345 114.59287836031 44.6569618060355 2.6758753953638 -0.063680455082557
"347" 346 114.357704988119 40.7501537661948 3.9138798621255 -0.203784187595736
"348" 347 113.742078342808 36.8546288753271 3.94386997019247 -0.0966148321259794
"349" 348 111.690783079927 32.730260265212 4.60632485693577 -0.304795175210653
"350" 349 110.095983235521 28.5089711191242 4.51250136826522 0.100310701839514
"351" 350 107.535362627868 24.4408313027802 4.80692619681821 -0.200558053334915
"352" 351 104.014396796282 19.9820328095369 5.68138050041959 -0.106627877508745
"353" 352 101.445858038028 17.1480606203841 3.82476008679554 -0.0678976750439983
"354" 353 100.265189756407 16.1411483379636 1.55172482602891 -0.128354001294014
"355" 354 97.2495591999557 13.6501756762365 3.91139009234269 -0.0157292242210923
"356" 355 94.6710431761095 11.8832075358196 3.12584729225213 -0.089638500994431
"357" 356 90.74256718654 9.12153264107475 4.80205912342698 0.0119606471092702
"358" 357 88.0391006414516 7.17683581346325 3.33025180905807 0.0108555402799345
"359" 358 84.2338375728108 6.03127492352208 3.97395731911207 -0.331168089911803
"360" 359 81.3505524664961 4.98802011299233 3.06622138861334 0.0547568252095786
"361" 360 79.0111628268301 3.9126325108944 2.57472374846742 0.0837072073199313
"362" 361 76.0477871907181 2.63339547583253 3.22769926613003 -0.0233635472622857
"363" 362 72.1999532933521 1.92790696797242 3.91197389260737 -0.226184114513454
"364" 363 65.5772842090411 2.52157093581237 6.64922421843329 -0.270735163097548
"365" 364 62.2175802439588 1.35804671469445 3.55547455990305 0.422792661615496
"366" 365 59.8441098442751 0.87606786944504 2.42191357101008 -0.13304541248395
"367" 366 55.3306877904962 1.23490862419582 4.52766444459033 -0.279683372808374
"368" 367 47.3395182260419 8.65510539771786 10.9049581001326 -0.66902792619403
"369" 368 39.0197557661233 21.2003530062312 15.0532948203502 -0.236844880021302
"370" 369 40.344610203523 35.2481844876813 14.1101668527171 -0.679617273246798
"371" 370 39.955077749308 51.4406770367915 16.1971772382065 0.118083839233371
"372" 371 30.631704279539 61.3338192671649 13.5941000455046 0.731705173264449
"373" 372 22.3463820488244 52.9861385671312 11.7613918196993 1.60418665744367
"374" 373 35.8722181550363 47.5627140948767 14.5726379004748 1.9711050356655
"375" 374 53.2447232172957 46.1638240136679 17.4287356281955 0.300990532767172
"376" 375 70.9856221982 46.2454880747949 17.7410869359668 0.0849529785367262
"377" 376 88.9152643590936 46.5931531129383 17.933012546598 0.0147849678572377
"378" 377 104.18159327342 53.5288024346712 16.7679465061897 0.407044437504152
"379" 378 108.5708462962 70.1770931124784 17.2171752790854 0.886583773994339
"380" 379 110.924815779145 86.2102700184193 16.2050589022018 0.112002861648552
"381" 380 108.805113235389 91.2935053376764 5.50748764728077 0.54085117225159
"382" 381 98.3419037135606 100.675800634939 14.0536905666342 0.444736844233758
"383" 382 83.6764977857614 107.526048114909 16.1864147223519 0.29400050024338
"384" 383 68.8164702187791 106.87357100978 14.8743452179984 0.480864994154088
"385" 384 70.0311076886972 89.5068641178551 17.4091312951961 1.59674317502692
"386" 385 80.1603880015822 74.9506731600883 17.7337253518817 0.538124853475412
"387" 386 98.3285092522071 71.8570953214705 18.4296189222946 0.794187133108105
"388" 387 111.139832762621 71.4923757703456 12.8165139737549 0.140196630663857
"389" 388 113.258791264994 73.1368336287548 2.68220558176744 0.688438386544167
"390" 389 113.729791068462 75.2690618322931 2.18362953058209 0.693414396189401
"391" 390 113.416495015824 78.9902519662609 3.73435542359564 0.301398733520875
"392" 391 108.695267902832 86.1400938866121 8.5679767120634 0.499605767572249
"393" 392 95.2996396135906 94.645326181234 15.8676347843336 0.421490941498007
"394" 393 80.1853376852739 101.034696113801 16.4093318241635 0.165753230781421
"395" 394 62.8693719417138 103.211244033814 17.4522213623441 0.274911796116028
"396" 395 48.6318829663634 95.3377133302889 16.2695598607517 0.6301945202191
"397" 396 48.6968425480424 79.2809703554476 16.0568743753997 1.06968765533584
"398" 397 63.105761332427 72.6275028500628 15.870903262896 1.1341600326412
"399" 398 80.758969625184 73.763744329175 17.6897373560582 0.496866615025719
"400" 399 98.2731882616775 75.1484073750082 17.5688686658359 0.0146193401536435
"401" 400 110.259214935777 74.3345256069943 12.0136272193098 -0.146693741687973
"402" 401 113.717838702536 75.7720411972882 3.74546785226154 0.461707879112317
"403" 402 110.037637165271 84.0844569654161 9.09066220124314 1.5936832908705
"404" 403 98.6094743730216 92.6533938097419 14.2838924473756 0.510621240847736
"405" 404 83.6066189430824 91.7734903412135 15.0286360380969 0.70196067899761
"406" 405 75.2638562023406 78.598756885568 15.5940787408431 0.947711886430793
"407" 406 65.21928801182 64.7479791581549 17.109570239729 -0.0629360446767308
"408" 407 63.3870549120555 49.9981903574991 14.8631540325675 0.503850647167177
"409" 408 78.920045277391 41.9828226759888 17.4791278031658 1.21800115792023
"410" 409 95.6662255171574 40.5103372414332 16.8107931394602 0.388678984159424
"411" 410 102.988933948305 38.405631619886 7.6191761051289 -0.192173475929802
"412" 411 105.465860848562 36.9643347508773 2.86574659274521 -0.247118701120744
"413" 412 104.899030427322 29.5006402425934 7.48518753535473 -1.11959960116855
"414" 413 103.154756492554 24.0454330741365 5.72728354547742 -0.233671886625127
"415" 414 101.2342927947 20.1406617391988 4.35148480325097 -0.147614750693029
"416" 415 100.492571845804 19.0935038981656 1.28323400440765 -0.159200703370165
"417" 416 96.1672330812632 16.6219958852515 4.98165708233124 -0.435383250581826
"418" 417 93.5427099071415 14.8126761850814 3.18775150677167 0.0844433025087806
"419" 418 92.9297369894768 14.3910957161528 0.743952881285157 -0.00110319415717738
"420" 419 86.1236740141741 13.7328876413913 6.83781625180642 -0.506057066328586
"421" 420 72.4185763017634 14.1510061721554 13.7114742610885 -0.126908052199412
"422" 421 66.8584644818045 5.84357111550753 9.99641539107239 1.01147617799427
"423" 422 69.3677170908286 3.7215943932028 3.28620356428164 1.45864569402797
"424" 423 71.7138024767017 3.28290213447767 2.38674831846022 0.517115270800865
"425" 424 76.8524143595146 4.4172145306485 5.26231856640142 0.402113154623479
"426" 425 86.3437982886542 9.08640704334253 10.5776995424774 0.239920082175651
"427" 426 90.7792902658862 10.4748035530729 4.64771276525573 -0.15382064644112
"428" 427 96.8578760163559 12.9936560160653 6.57980413508914 0.0894839832329034
"429" 428 102.009677184404 17.6312089649165 6.93166304926183 0.340072756804872
"430" 429 104.739483397946 20.7037994541547 4.11006742986608 0.111490875880347
"431" 430 106.369492763244 22.8470661403039 2.69267944971488 0.0761868367307039
"432" 431 108.984448047359 26.8943279646164 4.81853913675681 0.0765715174152786
"433" 432 111.570829396584 31.2797307865772 5.09127944572728 0.0407681898102524
"434" 433 113.406524927339 34.6815162960992 3.86547833190489 0.0380193964010746
"435" 434 114.249421932489 40.3564197404269 5.73715996497678 0.347391874006122
"436" 435 110.407374812422 52.8579931902215 13.078633903945 0.445616039637672
"437" 436 106.807182904943 68.4549788573959 16.0071029131671 -0.0713105601388272
"438" 437 96.0616528975982 80.6552627116969 16.2577163606783 0.495230498799766
"439" 438 88.6303212953523 96.2806093926853 17.3024896556424 -0.278149950382165
"440" 439 75.0515409695416 99.8578527095377 14.0420776555533 0.86927196996933
"441" 440 70.8549745118467 99.5977926241391 4.20461666289182 0.319481519439183
"442" 441 69.1011737306548 95.4137768755334 4.53671742173677 1.11198616496256
"443" 442 77.1647454623553 85.5223412899183 12.7617274307459 1.08086479777461
"444" 443 94.2345490598593 79.5742643063134 18.0764436397277 0.551552371058252
"445" 444 109.466563400388 78.4641634128588 15.2724125423492 0.262547902074981
"446" 445 110.232110442945 79.1421208467512 1.02258914356564 0.797544856247562
"447" 446 111.123256266241 80.8405121079534 1.91798690154691 0.362790542812366
"448" 447 111.701670530862 82.6294365093046 1.88010999020459 0.170490383092399
"449" 448 111.748681665665 84.3011642713062 1.67238863815872 0.284607500756872
"450" 449 111.526149946901 86.6515269730491 2.36087382034714 0.122512213249795
"451" 450 110.839117837327 88.9251408644935 2.37514909994179 0.199053815843617
"452" 451 108.804688881529 91.4816325579348 3.2671931309342 0.378716064000972
"453" 452 107.921201756742 94.377093616914 3.02725027768257 -0.376013220832706
"454" 453 105.761657713083 98.4957409272685 4.65047160442833 0.18676923754612
"455" 454 101.875469710674 103.291066330078 6.17232556731242 0.198133166009936
"456" 455 93.1110875008751 108.936974980437 10.4254822434091 0.317460424964515
"457" 456 79.6598683518611 115.247902083519 14.8580987173734 0.133596524904817
"458" 457 65.7723840279192 120.439908335265 14.8262992606349 0.0809091527659276
"459" 458 57.370931033963 123.186063223508 8.83887883613496 0.0418535225132031
"460" 459 49.5775819535775 122.906673244331 7.79835550928596 0.351753752946102
"461" 460 41.9892118212296 120.815537649866 7.87122667313982 0.233062641215956
"462" 461 34.2152361743299 116.932516832647 8.68979562622439 0.19434219971209
"463" 462 31.8072844216685 106.206577557481 10.9929070303397 0.886720469866793
"464" 463 40.2303476460082 95.5635610159958 13.5728329829681 0.890321958062776
"465" 464 56.6117099339632 92.8367819999937 16.606756282048 0.736367060317149
"466" 465 73.869461711109 89.6289585585808 17.5533508947112 -0.0188359784703166
"467" 466 90.6630048139363 83.0508938784501 18.035909316763 -0.189552685219504
"468" 467 105.483567667651 75.0260126922972 16.8537177308977 -0.12293768068569
"469" 468 112.916270944794 73.8117395880533 7.53123742672749 0.334331813207717
"470" 469 114.240303834283 76.9460598789909 3.40250301669684 1.33304237701483
"471" 470 114.012334166649 81.4958753212899 4.5555231015048 0.449755743820428
"472" 471 111.713272161108 86.8065906082952 5.78700120657993 0.358488017083653
"473" 472 103.031330166794 95.2701777430455 12.1247030470913 0.389581450942264
"474" 473 101.662372310386 103.164699229354 8.01233518460128 -0.626434185104101
"475" 474 90.9127503250672 108.813117237588 12.1432696924265 0.915295826680391
"476" 475 79.1433934668749 115.286749986335 13.4322627215644 -0.019073116396364
"477" 476 65.2759980101805 107.793961604625 15.7621868560627 0.998253544801547
"478" 477 61.4248381359693 93.1031586167544 15.1872026655725 0.819039035846909
"479" 478 73.9892307342473 81.7505007085257 16.9335998223925 1.09239762409132
"480" 479 91.0214250454192 80.2172263418349 17.1010693623839 0.644997269936501
"481" 480 102.623413899461 77.0431530807854 12.0283368108737 -0.177265537988639
"482" 481 96.441523590715 64.0800243286916 14.3617016691174 -1.74873389822663
"483" 482 88.8295185441035 50.371830204103 15.6798344056002 -0.0619113163242008
"484" 483 81.360335409264 35.5175402668979 16.6264435836509 0.0409854760843745
"485" 484 79.8360005332129 22.028478008294 13.5749179530057 0.353381202012273
"486" 485 91.3697548400461 14.711517703307 13.6588944104253 1.11799717398779
"487" 486 95.4085622749535 15.790653830655 4.18049043505796 0.826419598218382
"488" 487 99.1859614373531 17.3840874818879 4.09972867797111 0.138092997065176
"489" 488 103.329522277194 20.5915622913611 5.23994189727994 0.259553575733355
"490" 489 106.33977520653 24.3174623531141 4.78998475662967 0.232501735231518
"491" 490 108.542241092908 27.1519655291141 3.58960502498727 0.0189845529200931
"492" 491 111.236463567954 30.8330572848485 4.56171801618402 0.0287492171105873
"493" 492 113.164046227591 33.2363440684725 3.08080545865455 -0.0441747268015664
"494" 493 115.43305868767 37.6602453848087 4.97185281365776 0.202083298882992
"495" 494 117.339730186724 44.1069531175414 6.72275514923602 0.186351708584252
"496" 495 117.522578964634 48.8778999876175 4.77444946697229 0.249254672927765
"497" 496 117.390721040263 52.0277916324684 3.15265029562769 0.0801433935393094
"498" 497 113.799246188252 60.9564107397042 9.62387296127303 0.340601859127659
"499" 498 104.307344511051 70.9663910727902 13.7947781322649 0.376400306350959
"500" 499 89.8774866995555 77.9399803634144 16.0265948989265 0.361779194070332
"501" 500 75.9185094204046 75.2155103552042 14.2223691242173 0.642931993054983
"502" 501 65.9938528835008 66.7820517295323 13.023902324819 0.511594141484964
"503" 502 54.0712333165354 75.151873407981 14.5671813425802 -1.31642284514917
"504" 503 43.2636304143335 88.5138755071464 17.1856737019468 -0.278618708815461
"505" 504 30.6126641361743 99.1713966424087 16.5417563916195 0.190612372320929
"506" 505 21.2736466399803 91.6575863597283 11.9864336964057 1.37759726751879
"507" 506 20.1081514055822 84.6316657556109 7.12193368943901 0.728892305930843
"508" 507 16.3669140336125 84.8029877540825 3.74515798072432 -1.45216913316943
"509" 508 18.3296247164458 83.5148198162075 2.3476818056707 2.60654768292671
"510" 509 25.9790162046731 82.1334006639746 7.77312736382981 0.402139541246794
"511" 510 40.2201801548208 88.357377064145 15.5418349265737 0.590691676706147
"512" 511 45.2862188767552 85.9266188738977 5.6190153685137 -0.859394442197454
"513" 512 60.7123983640823 93.1766800007193 17.0449523295867 0.886717069156003
"514" 513 79.3952870052969 93.5397611507095 18.686416347216 -0.41991653139609
"515" 514 97.2199299763768 93.1535695207611 17.8288261257299 -0.0410942154754902
"516" 515 101.486776304556 92.4463251960575 4.32506325076574 -0.142597196721995
"517" 516 96.7916574373726 94.1558291174789 4.99665336343629 2.9566700976772
"518" 517 79.4809649589332 92.5523411664776 17.3847993284969 0.44154886544995
"519" 518 59.8711637940903 96.559605252961 20.0150560124995 -0.293941129912753
"520" 519 41.6672224776082 99.3258629464416 18.4129210360732 0.0507692370405622
"521" 520 34.5500540879233 103.786714048437 8.39959989769191 -0.40906792516757
"522" 521 40.4259060937567 93.4425052471153 11.8965664172401 2.64725244159405
"523" 522 56.5030411363553 83.3862793471141 18.9631735352974 0.495255893094976
"524" 523 74.2629870102534 80.7785257518493 17.9503776076552 0.413166179761197
"525" 524 93.1374691752346 79.5690260077311 18.9131955688936 0.0817979028996155
"526" 525 102.553864488594 72.2963432586815 11.8979164169944 -0.593653956098403
"527" 526 93.6659728104091 56.2846171035689 18.3131098655982 -1.41988859413269
"528" 527 88.4094975294022 38.7648509402447 18.2913296071498 0.215254583166491
"529" 528 85.844795481752 23.4602469351995 15.518008903995 0.125450925920729
"530" 529 91.6062025252468 15.2205191193073 10.0541994012859 0.776238714659201
"531" 530 94.0039145031612 15.6613972067054 2.43790816418137 1.14243533381301
"532" 531 97.5024280215597 16.3661966079737 3.5688007837991 0.0169526616268541
"533" 532 102.395624625579 19.3135719246893 5.71230201085057 0.343343450049661
"534" 533 106.111202511733 22.8688265609486 5.1425046968108 0.221212141254869
"535" 534 108.075718156694 26.413063805255 4.05227582516594 0.301318107040166
"536" 535 109.600625348715 30.2928563472014 4.16870868649054 0.131636104461053
"537" 536 111.530162527459 37.700083690407 7.65441902681626 0.11965998700292
"538" 537 111.924373993984 53.3452490372493 15.6501310349266 0.229638899182266
"539" 538 107.300350179757 71.6115161566634 18.8424550075708 0.273128645506668
"540" 539 101.247161114572 88.9694524241984 18.3831185963286 0.0876037451148451
"541" 540 101.385042065062 100.104470430623 11.1358716389828 -0.347922715970309
"542" 541 88.0265963537219 108.300970289022 15.6726092834461 1.03283199031034
"543" 542 70.0158133577545 111.901676805381 18.3671824607037 0.353028203124041
"544" 543 57.5441795003211 116.916043477588 13.4419315649654 -0.18496432180043
"545" 544 52.6460785876232 113.165522245801 6.16910058769147 1.035761926278
"546" 545 51.8873211596405 107.185003620676 6.02845882958324 0.791119580101011
"547" 546 57.7810052605518 98.0165166003701 10.8993883554473 0.697508273007877
"548" 547 72.6639534917268 86.5256390451258 18.8027236070058 0.341999997146426
"549" 548 91.4480172575266 79.6293991328246 20.0099769236661 0.305630000936005
"550" 549 108.664688248808 79.8021239374449 17.2175373930234 0.361887420641142
"551" 550 109.583417249161 80.2641765500539 1.02837521990185 0.455953511899298
"552" 551 110.813839706749 81.6065539826171 1.82096584141277 0.3628999773307
"553" 552 110.69361417377 83.1120126764443 1.5102516537319 0.821601369748498
"554" 553 110.958873863696 86.0200801684821 2.92014027768302 -0.170653998990283
"555" 554 110.7477499237 88.8283346690405 2.81617944349176 0.166002001627375
"556" 555 109.084191583638 92.1866895019737 3.74779582350386 0.384881428076871
"557" 556 105.814609626032 95.9518946841922 4.98667587092948 0.255141149359899
"558" 557 95.0403563043676 102.919217050569 12.8307488322552 0.281708617197736
"559" 558 80.3395396224605 107.721625449494 15.4653528102369 0.258279210835818
"560" 559 69.5310295706646 114.823246872296 12.9327845560253 -0.265560906846434
"561" 560 57.9051506570138 105.092005948559 15.1610722058395 1.27822576002734
"562" 561 48.2880216722848 88.3497302707875 19.3078472331694 0.352479103790902
"563" 562 44.8810256484711 72.4272207471009 16.2829337478899 0.310604814139565
"564" 563 60.1333650777386 62.6179509077292 18.1343771011632 1.21005914469353
"565" 564 79.6198539552795 59.4879402450111 19.7362665041606 0.412267773671914
"566" 565 96.5773248958117 61.9577356334013 17.1363855570394 0.303893769826047
"567" 566 110.457252067149 59.6520594531165 14.0701286749612 -0.309242218104596
"568" 567 110.018983582676 62.851592638304 3.22941045201726 1.87154072623835
"569" 568 97.1137947216437 71.9044209338011 15.7638066369349 0.822941077333004
"570" 569 82.4078861394943 82.5608474259045 18.1610344641527 -0.0153457999303042
"571" 570 68.8370180697103 95.6039382113442 18.8226108020302 -0.13850054821917
"572" 571 64.150485092866 112.321456323947 17.3619988246817 -0.531905560492416
"573" 572 53.1946761761317 111.111583619206 11.0224108516092 1.40746189361804
"574" 573 45.1817876035778 98.9195290896562 14.5894680138679 0.879374335002509
"575" 574 51.3042294196325 82.1311025085749 17.8699625309997 0.931130041998532
"576" 575 66.5939838110646 70.8114002690136 19.0239913830575 0.583808261554996
"577" 576 83.9773556562338 62.7964127542385 19.1421430767149 0.205270367850931
"578" 577 101.347897996502 56.5166318554905 18.4708253559855 0.0851235888948941
"579" 578 107.192691700418 59.0930620602225 6.3874569306727 0.762083027621043
"580" 579 98.0712369195667 74.45764727263 17.868167675183 1.69136317604931
"581" 580 85.9665049545154 88.3985929148732 18.4627869333347 0.179264635077266
"582" 581 68.8173198898587 94.0346196464566 18.0515746044762 0.538254594725465
"583" 582 53.1284899490999 101.48916470618 17.3697906423045 -0.126043723578463
"584" 583 39.6661744219741 106.630322070896 14.4106015974583 0.0787709095548506
"585" 584 30.9051654173235 92.9473709823696 16.2474130024003 1.3660795825801
"586" 585 31.7181571272562 74.6148945737446 18.3504944563685 0.613834458738334
"587" 586 27.3509634817476 56.3367057970899 18.7926731811203 -0.278850323707414
"588" 587 34.5127797192894 42.890891806426 15.2342221886072 0.72395185887548
"589" 588 52.110525989081 45.062086136328 17.731180406114 1.20413548150926
"590" 589 69.5334396822256 51.925935303935 18.7261941396117 0.252525863440335
"591" 590 83.5702505430446 59.0139769560148 15.7248972525744 0.0923239147974755
"592" 591 88.7981615368068 72.8311810116645 14.773157457841 0.741472524907326
"593" 592 82.9711917471166 90.488823287048 18.5942439387939 0.680460192718137
"594" 593 70.4735798705337 104.054608641244 18.4450761693691 0.425692527450375
"595" 594 66.1081652931251 116.432468814313 13.1251006432982 -0.405377732010597
"596" 595 65.9460736622972 116.315249028421 0.200035434333641 1.85784419921639
"597" 596 65.9472173710992 115.041337471483 1.273912070345 0.94558655514138
"598" 597 65.7893708074125 113.103643767986 1.944112246307 -0.082179367557818
"599" 598 74.8517417921197 109.391454668281 9.79320763470427 1.2633002932483
"600" 599 86.078192367807 109.911810925123 11.2385035997853 0.435095372620275
"601" 600 95.0317477059606 106.208311988922 9.68927538899703 -0.43852244123972
