"time" "x" "y" "speed" "angle"
"1" 0 37.744688307533 56.7197017007907 NA NA
"2" 1 33.3015568977334 45.3782216827045 12.1807465175742 NA
"3" 2 50.0026327206693 41.6158736083502 17.1196143845605 1.72260168594644
"4" 3 71.6357587806047 47.1081778172511 22.3194432871469 0.470207751785781
"5" 4 89.5928084356277 55.3276053930433 19.7487878611993 0.180630319237189
"6" 5 90.8186294137385 72.3285218071016 17.0450519502926 1.06955651897229
"7" 6 78.0356897725305 86.5073069966875 19.090350843376 0.805651634611143
"8" 7 63.2684858131646 81.2372415154572 15.6794101596318 1.17991089723104
"9" 8 59.838713229647 59.5407500874502 21.9659072259771 1.07122655396759
"10" 9 72.0013970129726 42.4088322060493 21.0103185865477 0.774150173954004
"11" 10 91.3571073399114 43.2140874845652 19.372453595865 0.995007391708271
"12" 11 98.5489797591655 60.7874658312911 18.9880661314417 1.14076392019737
"13" 12 84.7058914258289 75.3745146885954 20.110024588994 1.14768951095845
"14" 13 64.0760363801125 72.6013111764957 20.8154168088654 0.945185872283001
"15" 14 49.3208854414079 66.6310851619326 15.9172258226401 0.250856940978931
"16" 15 41.8144166808144 82.4140977758251 17.477143943564 -1.51133764240539
"17" 16 49.1082716448314 99.7613250070888 18.818252119929 -0.841962180892798
"18" 17 69.0853696855989 106.293832831728 21.0180423591114 -0.85673580669574
"19" 18 89.6638201862864 102.539724528407 20.918077209971 -0.496484429190284
"20" 19 106.207541577349 96.6507781019533 17.5605924580794 -0.161532014433083
"21" 20 117.992159251371 90.1143244396541 13.4759949614951 -0.164436926326493
"22" 21 123.398867965912 85.3644054834452 7.19682077131642 -0.214408200452398
"23" 22 128.767473886037 69.293014862274 16.944365612907 -0.527581317853174
"24" 23 127.579625875314 51.3734990702843 17.9588426441112 -0.388584173949198
"25" 24 122.551824728408 36.6899624013462 15.5204714323015 -0.263706766791315
"26" 25 117.004440567096 27.9162104233267 10.3803754655105 -0.233912550307798
"27" 26 112.240952566334 23.5367210544951 6.47076077946908 -0.263562359899878
"28" 27 100.593190740423 27.6728063464433 12.3603218847819 -1.08463187534832
"29" 28 84.1168921874684 29.6710521463416 16.5970298632886 0.220517758786436
"30" 29 69.3071536962619 16.6611056111015 19.7126117759096 0.841483870959775
"31" 30 66.5989460657582 8.71441807507981 8.39548875081622 0.521550251092818
"32" 31 51.3695453440393 10.7252638297442 15.3615802244347 -1.37362125466717
"33" 32 38.6568614738311 16.0655384024696 13.7887948601735 -0.266413620300758
"34" 33 33.1698411480926 27.1945076049432 12.4081161972588 -0.715041349531729
"35" 34 21.9626452127618 43.2783059522962 19.6033112001827 0.150511660997763
"36" 35 22.0770213923651 42.9132048686436 0.382597323232937 2.83660596223429
"37" 36 36.8233420985877 42.2196225846218 14.7626227600477 1.2202080927067
"38" 37 47.8429294536762 63.1411325109534 23.6461600069444 1.13300866636561
"39" 38 45.9406218186805 87.8097467062629 24.7418532178814 0.561749460020413
"40" 39 59.241211148438 105.256779354101 21.9386559463788 -0.728314889975992
"41" 40 77.7812534930274 114.39523147385 20.6698930157879 -0.461489288847772
"42" 41 95.8321829994621 105.237649964372 20.2409820697764 -0.927440064161201
"43" 42 103.718203073066 104.777052173502 7.89945966039711 0.411145144086535
"44" 43 114.879168783352 97.2251368948947 13.4758517341737 -0.536532385893161
"45" 44 112.048681042032 85.7385200960163 11.8302166648814 -1.21752612756794
"46" 45 101.654787172783 66.089917479122 22.2283740872299 -0.244966147668467
"47" 46 100.794945677436 43.0956214308486 23.0103667539821 0.449192657576153
"48" 47 89.9130543942372 22.4148602081656 23.3689846302529 -0.446998662561649
"49" 48 87.3480947272278 10.9633568104541 11.7352438475382 0.264027236031944
"50" 49 81.348186053885 3.49433541326166 9.58045848173104 -0.456405765229473
"51" 50 68.4469173386319 1.32228597081666 13.0828335326715 -0.727247686817684
"52" 51 54.8571566195449 1.55694031032553 13.5917864558376 -0.184060456189618
"53" 52 47.3346580296788 3.46051374754743 7.75961190172765 -0.230582550764177
"54" 53 34.9041457742833 10.5841890187951 14.3270507886908 -0.272542157968388
"55" 54 31.3804734090806 12.4652386408249 3.99432279840169 0.0300443847174955
"56" 55 30.44088711723 25.928203069454 13.49571167469 -1.0107732564548
"57" 56 30.0491523006297 46.5152490115327 20.5907726126971 -0.0506515435346458
"58" 57 26.9806400398259 67.7724991372309 21.4775801802996 0.124335124764557
"59" 58 37.7863057161842 83.7781576467706 19.3117455201033 -0.737189951389755
"60" 59 55.9098356220605 95.5949843404911 21.6356125256166 -0.399176469644734
"61" 60 71.7800180320045 108.637927808702 20.542177684945 0.110133168870116
"62" 61 76.5942860470718 119.050875023 11.4719939944478 0.449808122604089
"63" 62 76.4245165725566 121.033031883612 1.98941385703148 0.518504426242741
"64" 63 80.3927656644954 124.329438877344 5.15880799448865 -0.963057120700459
"65" 64 92.1585351836632 122.124794054228 11.9705384663462 -0.878409514916706
"66" 65 102.431851410567 115.865632628989 12.0298847893553 -0.361973447447656
"67" 66 110.996705358545 108.664845627748 11.1896405924154 -0.151888183247708
"68" 67 111.223799340753 107.324181471506 1.35976176464366 -0.703908311831108
"69" 68 111.322021225078 106.963480058392 0.373835589508813 0.0980653518512855
"70" 69 104.669335931753 112.95588257044 8.95360874052599 -2.56988709781617
"71" 70 93.3682913297182 120.709626089498 13.7052598536667 0.131887112811659
"72" 71 85.9863045747564 123.493908574583 7.8896107259598 0.240667910354559
"73" 72 70.4815482662843 126.498547816103 15.7932050311768 0.169258346916311
"74" 73 59.4611453627572 127.495094805629 11.0653687719119 0.1012334507474
"75" 74 50.6474085400271 119.154122500393 12.134816676698 0.84802843879833
"76" 75 41.855286203335 101.599920640889 19.6329166989416 0.348618119333389
"77" 76 26.5936693192477 91.5673441376058 18.2638862570617 -0.524923405649779
"78" 77 19.9607190429341 91.2228849265623 6.64188839985442 -0.529656059730862
"79" 78 28.927549412273 77.8294940871884 16.1179082094644 2.10887068084563
"80" 79 47.9049133130125 75.102893088615 19.1722375748507 0.838137137911012
"81" 80 64.0728169542912 85.3616991599561 19.147955769822 0.70811350741759
"82" 81 73.7047351669753 102.725904651279 19.8567238184131 0.498938536173814
"83" 82 64.7427934170264 114.229223159567 14.5822747413629 1.16829480307183
"84" 83 50.3938762662283 113.151085470547 14.3893642763311 0.983942022504929
"85" 84 46.4428086982531 94.7361387691488 18.8340435632403 1.28444672237056
"86" 85 56.4846886454583 80.9722539653549 17.0377192653885 0.84165820076543
"87" 86 73.2177526103884 67.0330779952559 21.7783391556801 0.24593108424224
"88" 87 83.7113018255989 55.8336735709021 15.3473526900336 -0.123364791622634
"89" 88 98.8526106308652 43.8872656570097 19.2866766028143 0.149931049274856
"90" 89 107.900903792406 31.7218985692819 15.1613906194764 -0.263297188179399
"91" 90 97.5033580423633 17.6039936373067 17.5335163983871 -1.27429664641754
"92" 91 78.7590352395567 15.5097451839706 18.8609520947411 -0.824739088302567
"93" 92 74.00788378053 11.7420383011101 6.06374928091244 0.559198070660544
"94" 93 58.0658348862571 15.5102904009194 16.3813505803125 -0.902575355090405
"95" 94 40.9858671994264 23.4790791340147 18.8474637565877 -0.204425946686427
"96" 95 35.6881350627438 24.1989328351664 5.34641516748387 0.301485115018547
"97" 96 31.7334026717279 40.7418062451489 17.0090143436725 -1.20108825731455
"98" 97 38.5071597918772 59.0674815656628 19.5375065316859 -0.588711836379675
"99" 98 57.2608847957651 71.8977378740755 22.7226248145106 -0.616734896216574
"100" 99 77.7247991499226 78.0392904338306 21.3656373305016 -0.308441772507446
"101" 100 94.9280408341233 87.425088754088 19.5970593343381 0.207882398848711
"102" 101 105.982059776809 99.7594483568751 16.5628427993544 0.340640367584947
"103" 102 107.916154070697 103.911892400338 4.58077638307479 0.294817490911968
"104" 103 107.541566598902 105.785590985908 1.91077527815121 0.633210087214622
"105" 104 111.097663753142 106.932193975767 3.73637864606214 -1.45620539174446
"106" 105 116.017205764864 101.587788507122 7.26392204104545 -1.13867667826008
"107" 106 122.283462987172 91.3707365047533 11.9855801359478 -0.193876552743534
"108" 107 122.225024257969 91.042070554437 0.333820898039939 -0.726118299819572
"109" 108 120.559883107312 90.9421216248388 1.66813813580867 -1.33487712119456
"110" 109 119.012973548818 97.0871505401021 6.33674281879765 -1.38413917933229
"111" 110 111.145207425925 108.167083232688 13.5892108761607 0.37085721472062
"112" 111 101.1685764819 115.634554910826 12.4617935409424 0.31079153093106
"113" 112 91.270035492398 122.647416983015 12.1310077142997 0.0261472552130423
"114" 113 78.8498681807027 125.993454332815 12.8629903986889 0.353234970257228
"115" 114 66.788198394858 128.240189133728 12.2691358818946 0.0789957758015354
"116" 115 51.8116598295609 127.212165563938 15.0117800362873 0.252694828740358
"117" 116 37.4295476722447 121.220477607359 15.5802912256041 0.326205477460693
"118" 117 26.595154877391 113.693566090989 13.1923638597653 0.212435927137231
"119" 118 17.2735652855937 104.063700271081 13.4024754514731 0.194487186974716
"120" 119 10.4318566886064 91.8352206221511 14.0123049870597 0.259033197773205
"121" 120 7.41525066771226 76.592605423342 15.5382505445195 0.314718420484382
"122" 121 19.5804335024305 61.9585681362504 19.0301529348062 0.888914697446428
"123" 122 39.370532895346 59.4395762814712 19.94977077427 0.750658328935856
"124" 123 55.766004035223 68.5700428324031 18.7663766704238 0.634721955005249
"125" 124 67.120711110067 79.8367035082148 15.9958436957666 0.273388704186917
"126" 125 86.4808435277742 74.8756534158805 19.9856634928593 -1.03235909863811
"127" 126 106.19331357553 73.2417506104423 19.780068598498 0.168155370390383
"128" 127 119.860245635155 70.9245751889432 13.8619743852169 -0.0852512776138591
"129" 128 120.214369683697 72.6661286528013 1.77719225443733 1.53814219503937
"130" 129 108.351919669577 82.578018300075 15.4584370722667 1.07534351393444
"131" 130 88.5494984767526 85.4937135705664 20.015922761851 0.549867005232112
"132" 131 71.3411183492739 73.6076491471684 20.9142744098134 0.750655281632459
"133" 132 54.3685593428034 60.9336380788987 21.182500225109 0.0369421639044895
"134" 133 44.5719253109598 50.8098579081742 14.0877593427426 0.160410839738953
"135" 134 49.7719547104077 36.1909823012797 15.5161796124233 1.11072648974257
"136" 135 68.1124105463096 30.9060694190077 19.086713295952 0.948491160403269
"137" 136 87.418333255657 33.2028856331914 19.4420682125393 0.398968602209702
"138" 137 101.559171148403 45.0230461731698 18.4303958584665 0.577831271564887
"139" 138 110.148826192829 60.0963904076401 17.3490022823526 0.356591306350193
"140" 139 102.830199377561 75.0594541513497 16.656997780497 0.972860825444572
"141" 140 85.506728804722 78.6975999209647 17.7013767071652 0.908892118120616
"142" 141 69.4590858625455 73.1635160998488 16.9750678272201 0.539086703784041
"143" 142 56.7179330026413 63.092568432751 16.2407192917329 0.336793740866583
"144" 143 44.0040532204838 54.9373311669957 15.1046560363326 -0.0985395907471417
"145" 144 34.5012242636094 54.9186189225329 9.50284738021726 -0.568367544214452
"146" 145 34.4020967584705 55.1608630963209 0.261741288315957 -1.18434907681722
"147" 146 34.3798489839679 55.1561365817855 0.02274430500088 1.39171642656205
"148" 147 34.1845447040919 55.2438952106953 0.214115246271672 -0.631643977004988
"149" 148 34.4791353966587 55.2688055010722 0.29564201107693 -2.63492683919477
"150" 149 32.0231887699838 56.3771671609908 2.69446458545166 2.63330225008577
"151" 150 20.5804214719042 53.9451760308115 11.6983547687387 0.633351191809983
"152" 151 11.4495659644235 51.5589624702472 9.43750695126162 0.0461991706238435
"153" 152 3.92434531953559 53.8276077617056 7.85975172716691 -0.548425212927339
"154" 153 1.43993867243409 63.1856192932856 9.68218240962984 -1.01849103272968
"155" 154 2.97108592704693 76.284649848445 13.1882149436649 -0.375860422244616
"156" 155 7.93427373181746 90.6148016683776 15.1653052843568 -0.217053625755014
"157" 156 15.5051747048339 101.312689453872 13.1058515409818 -0.282459737965452
"158" 157 25.8609884567485 113.480869638405 15.9783443281085 -0.0892318936498581
"159" 158 35.053079313409 114.12915533654 9.21492315016835 -0.795279112526555
"160" 159 54.4363797055798 108.074816973176 20.3068300606281 -0.37315642127599
"161" 160 76.4800548028428 111.249165771228 22.2710597432046 0.445766061449601
"162" 161 93.2451121148411 103.13844425313 18.6239348747445 -0.593613037879933
"163" 162 98.1638895393802 82.6028175751818 21.1164943683422 -0.885107864288601
"164" 163 97.5198339074528 61.6687395164335 20.9439831891353 -0.26585114039292
"165" 164 95.0801558287665 39.4558312078234 22.346483496388 -0.0786368917396245
"166" 165 102.18138273646 30.4823249898194 11.4433927416263 0.778840266609688
"167" 166 112.792223743468 33.5751075556559 11.0523866597015 1.18496553487743
"168" 167 120.279156892322 48.9602446241848 17.1101318110887 0.834282064876999
"169" 168 113.408934797383 67.4263541721372 19.702719443538 0.809075265891143
"170" 169 97.9139281579701 81.5370709977065 20.9572794056589 0.475944245775021
"171" 170 79.3034301259497 91.7649002492602 21.2357982708155 0.236159282860785
"172" 171 61.6252192498616 95.8818761261286 18.151270758549 0.273709462542174
"173" 172 51.2276172089455 83.2805107174188 16.3372132986348 1.10973255295498
"174" 173 57.2199614800802 69.967506474208 14.5994613545688 1.11281685829097
"175" 174 75.1320438221996 65.9777096960485 18.3510537071275 0.928683712434938
"176" 175 94.1521109540804 65.1153560338979 19.0396062863672 0.173857350783896
"177" 176 107.641090363243 62.3628393323483 13.7669500505062 -0.155985057458459
"178" 177 118.51234700827 68.5371787566349 12.5022673291019 0.717813696010411
"179" 178 124.928043452604 62.2126547941507 9.00892691822281 -1.29476253163511
"180" 179 125.835919185727 48.1538401229684 14.0880981081707 -0.728066879558564
"181" 180 122.379944850453 36.9306980075255 11.743197075307 -0.363206105089056
"182" 181 113.982878357936 24.0761989017816 15.3541158305949 -0.279930503640686
"183" 182 103.112317928525 15.0098433637786 14.1551364101855 -0.296998844096302
"184" 183 92.251435780284 8.87578851909516 12.4733872655172 -0.181025347721307
"185" 184 82.2499095438848 3.32089307813252 11.4406027121568 -0.00713968104201908
"186" 185 72.168032942645 1.22883416134769 10.2966473336677 -0.302380080181547
"187" 186 64.18627620583 3.71715943723345 8.3606341436702 -0.506806087454674
"188" 187 52.8601024202273 6.22099151822808 11.5996287747277 0.084636011727341
"189" 188 52.4700441896493 5.92490743226773 0.489705226846313 0.866851763659592
"190" 189 47.0286442272759 9.16832952863914 6.33471549840623 -1.18680517105732
"191" 190 46.9849504804218 9.23364733079754 0.0785847236614965 -0.443700648262483
"192" 191 46.968503503008 9.2707999493497 0.0406302858878691 -0.172819664270382
"193" 192 46.9906687047061 9.26098318630295 0.0242418028007928 -2.40447823253761
"194" 193 46.9703713305627 9.33088472780472 0.0727887965379262 2.27032202615123
"195" 194 46.9041264577163 9.53072441445388 0.210533331181736 0.0374911827545951
"196" 195 46.7658143687398 9.48706967774744 0.14503782263238 1.55643481811307
"197" 196 46.0590440549718 11.8088451375327 2.42696632899691 -1.58102831868877
"198" 197 47.5501620834591 25.2361265258364 13.5098230356865 -0.406095416373202
"199" 198 64.7456018477182 31.2284468094778 18.2096417061952 -1.12487528714884
"200" 199 81.0878785478552 28.7523333727405 16.5287974606573 -0.485694909253769
"201" 200 90.3617186849719 35.920406665902 11.7211512073231 0.8083905797001
"202" 201 95.9778060704803 56.3544129122432 21.191721232528 0.644560140949553
"203" 202 98.3970750222769 76.8563459149995 20.6441788189949 0.150758867895324
"204" 203 106.155962739464 92.7948109870584 17.7266750255417 -0.335575313346662
"205" 204 109.057051174351 98.6705699495736 6.55292739869836 -0.00559174418280935
"206" 205 92.8901462456145 107.113851504162 18.2389094625982 1.54812783567516
"207" 206 74.0973152946404 102.545825666628 19.340045377513 0.719742751451345
"208" 207 69.9834530195966 86.2091908836088 16.8466465164966 1.08565874806808
"209" 208 82.0353259210675 70.1107992084659 20.1098447273846 0.889318258541902
"210" 209 90.1603911546487 52.2344472040841 19.6362075267735 -0.216027037919239
"211" 210 92.0260018669349 33.5705439404229 18.7569130819839 -0.326974731370966
"212" 211 94.9394716100892 20.7771432612805 13.1209529715398 0.12428620262401
"213" 212 95.8678738774177 12.1749842682634 8.65211362102498 -0.116402984375789
"214" 213 88.7066900727354 5.98026151068192 9.46874561532528 -0.96514483934082
"215" 214 88.5332717713416 6.63245416236775 0.674854919350287 -2.02407144532524
"216" 215 87.040352116811 7.81607733911561 1.9051962941961 0.640559189727386
"217" 216 87.0832322385081 7.76028420717026 0.0703674527678056 2.8964178669555
"218" 217 87.0608443125539 7.814891680472 0.059018601888978 2.8754007573875
"219" 218 87.1848773243049 7.63324084627573 0.219957299420189 -2.93157637384736
"220" 219 88.7354096684936 8.54728650779618 1.79989722532142 1.5043670709035
"221" 220 95.2443964517818 12.6533130649802 7.69586662003184 0.0301101521993145
"222" 221 103.739452456265 16.6644540623816 9.39442540128679 -0.121636859012137
"223" 222 109.044141045158 21.4589093718336 7.15028130491807 0.293778949453653
"224" 223 113.42067013503 34.979771082798 14.2115343394553 0.52283366516015
"225" 224 119.507888373861 44.6553540100528 11.4311473995109 -0.248521073946023
"226" 225 112.995082468278 56.499185529875 13.5163969249846 1.06432392457036
"227" 226 98.91359434989 65.164004487487 16.5338257882586 0.516419185108679
"228" 227 83.7173732232183 55.9261031710943 17.7838116629172 1.09783207500578
"229" 228 89.6381672367109 42.3676626459117 14.794833937058 1.43631035667741
"230" 229 97.3569568138473 34.7294996118532 10.8591549888086 0.378920473259319
"231" 230 85.0571610376326 22.0245364016433 17.6833556292175 -1.55984424912802
"232" 231 67.4286135475101 16.3337706901211 18.5243218767905 -0.489345668468538
"233" 232 62.2621518510741 11.2212472306895 7.26844017544197 0.467896093441555
"234" 233 57.7815850975757 10.9247513039563 4.49036616180951 -0.714073366171633
"235" 234 42.9144290757272 21.0267638705729 17.9745093416779 -0.662901970748124
"236" 235 32.1572176946727 30.8669347367445 14.578976622937 -0.144080805002631
"237" 236 39.8914337104429 49.3502376392624 20.0362317705906 -1.22619503101017
"238" 237 39.4957541689343 68.0477906842008 18.7017392818918 0.41746300752693
"239" 238 46.8369797902443 85.787969559736 19.199154673031 -0.413521321586915
"240" 239 60.0103244445181 98.736343806752 18.4715295798987 -0.401647962695873
"241" 240 71.0224760566874 109.381456568096 15.3161975970256 -0.0083338106317108
"242" 241 87.9441236382088 104.450070055273 17.6255703400503 -1.05202329893845
"243" 242 94.5062610931853 90.9753620503188 14.9876417023088 -0.834034297274898
"244" 243 95.3172294537029 73.4049805913701 17.5890867953606 -0.407068219250541
"245" 244 108.289741925163 65.0907180287412 15.4082134520044 0.954712431366064
"246" 245 116.880229477393 59.5691367586189 10.2119702363244 -0.00130419588157134
"247" 246 109.57829307042 41.8094857354768 19.2021738288993 -1.38961495356071
"248" 247 110.457111172785 30.9049025108133 10.9399385994921 0.470501852688583
"249" 248 105.657380151545 28.9635900425256 5.17746192412697 -1.26686649333355
"250" 249 86.8459972997024 28.4407046406964 18.8186485684289 -0.356558587922489
"251" 250 77.9279014927588 14.5353828818796 16.5193948447892 0.972741129878213
"252" 251 72.736378157457 8.55360890069935 7.92045039773044 -0.144522895431589
"253" 252 55.7802076288528 5.37048231007655 17.2523625595753 -0.670440323582227
"254" 253 49.7486413500244 4.65251389596795 6.07414771137132 -0.0670893117559724
"255" 254 38.3476732827947 6.9147099170163 11.6232355094285 -0.314354880602559
"256" 255 29.0532562973682 12.6992575391826 10.9474736031695 -0.360827181652605
"257" 256 21.5675236196657 20.3838263819857 10.7279444453168 -0.241799953446406
"258" 257 14.7054884969423 28.7481455553591 10.8189353108128 -0.0852389374585333
"259" 258 7.67539524366018 37.3637194726042 11.1198167733716 -0.00264684361744978
"260" 259 2.75734259933679 50.2047082101572 13.7505721179266 -0.318643467878864
"261" 260 0.692418420329749 63.8909819616934 13.8411705092826 -0.216016601173949
"262" 261 3.61735884910186 77.8749771206373 14.2866160135013 -0.35593695466445
"263" 262 8.12099958929302 90.9027123871586 13.7842180079711 -0.126644887752466
"264" 263 17.7452583172823 103.229683671329 15.6390721305341 -0.330055497144195
"265" 264 28.4288020564896 114.289301973445 15.3770368997428 -0.105212454203429
"266" 265 42.2660244180104 117.348264414971 14.1713081224295 -0.585124208763663
"267" 266 58.1885801412094 108.770807559999 18.0859212333042 -0.711693501274516
"268" 267 77.9179248321224 111.200323047808 19.8783698385548 0.616650437500145
"269" 268 98.0756640121552 109.947019755646 20.196663536148 -0.184620252027516
"270" 269 107.885102803882 96.1951992140281 16.8919406113537 -0.88909220309727
"271" 270 108.910844937879 76.7211818303629 19.5010127938205 -0.566985546785157
"272" 271 115.243262694504 60.5319889971671 17.3835979945126 0.320230951329497
"273" 272 106.28909859721 42.6875314458565 19.9650123962344 -0.837932968167694
"274" 273 90.0759789890438 29.6424539596767 20.8095962010113 -0.428178436024882
"275" 274 74.7505759351768 19.8000541628087 18.2137533892623 -0.106647550479217
"276" 275 64.0248961389101 10.8139815044948 13.9924875884362 0.126481896194761
"277" 276 47.8488578344619 16.0182705435773 16.9926113246107 -1.00864383668551
"278" 277 32.4513110655196 19.4436132659518 15.7739474852521 0.0923741043185742
"279" 278 31.4460622874755 16.2850723914983 3.31465014162162 1.48156502909317
"280" 279 36.2769606056059 9.6558840726827 8.20266519653436 0.937876834759581
"281" 280 45.134243915734 4.33821669817836 10.3309754593524 0.400353398412697
"282" 281 53.1984073114296 2.22633330018581 8.33611316856919 0.284560305232732
"283" 282 64.0223501562651 1.89785572336403 10.82892590365 0.225794883783748
"284" 283 75.9763049277417 2.47091441873942 11.9676827726529 0.0782401663084111
"285" 284 84.7655782947883 4.59383142522099 9.04201874235416 0.189093694252754
"286" 285 91.8684294213109 7.57453282571548 7.70292638965555 0.160333371421646
"287" 286 100.911940822372 14.3278329290354 11.2868135780926 0.244092746352895
"288" 287 107.133055484836 20.6103147556412 8.84148435191492 0.148884108178515
"289" 288 113.460849005218 34.8234387016944 15.5580803167508 0.361628658806799
"290" 289 117.8311062124 50.9132486312818 16.6727661660317 0.15364373584954
"291" 290 113.390913339298 68.2407266535214 17.8873365083106 0.516071599996571
"292" 291 100.705656778062 81.7923880022407 18.5624152344127 0.501534052181985
"293" 292 83.1166218558647 80.2169421801005 17.6594501339303 0.907739906976593
"294" 293 71.6882459652125 66.0939916191948 18.1677050846778 0.801135757388422
"295" 294 75.2132173393653 51.1918538049316 15.3133645755559 0.912601299221692
"296" 295 90.4991998396938 47.5933870560753 15.7038283212398 1.10732414028934
"297" 296 103.408830633069 50.4654282595969 13.2252481222843 0.450107753192403
"298" 297 108.975821013905 38.6279875714887 13.0811461250459 -1.35010835752916
"299" 298 115.390407684421 33.8888796747418 7.9753411093552 0.494905049677858
"300" 299 116.981158018108 34.8078528970606 1.83711687365388 1.16015513041505
"301" 300 118.410244423319 31.0211230356201 4.04742028915764 -1.7337885949173
"302" 301 113.173197998074 22.7690453087064 9.77360946995553 -0.926364164244071
"303" 302 100.832301624785 20.5521015996122 12.5384433924447 -0.82755321532421
"304" 303 86.4918950763879 22.8155362055713 14.5179336060185 -0.334290901301139
"305" 304 77.5187145588665 12.6084987607153 13.5904960174645 1.0061840238054
"306" 305 67.3697001521286 5.74964880232361 12.2493394181034 -0.255330374057025
"307" 306 47.5898156232191 11.0386740741526 20.4748045241716 -0.855590379632021
"308" 307 42.505056274935 10.0479287942358 5.18038163069476 0.453716411544513
"309" 308 44.3998578828001 6.72004852472395 3.82949869060878 1.89595571162244
"310" 309 49.9713802470224 3.32610680560869 6.52385636320885 0.50607528936742
"311" 310 59.3490990912345 1.52809373605627 9.54853191435058 0.357693181110289
"312" 311 69.8013299035867 1.00412579047684 10.4653557685671 0.139345664653136
"313" 312 77.4181499109253 1.9014389020058 7.66949267189919 0.167354134810351
"314" 313 84.6999687866794 5.42419243685747 8.0891704523145 0.333316336172285
"315" 314 94.4346071639669 14.7582705939217 13.4865933199879 0.31381247960891
"316" 315 94.3934201207026 30.0160622906281 15.2578472869739 0.809100623234352
"317" 316 81.1591535945185 36.4346176797167 14.7086254887693 1.11652506945527
"318" 317 71.6128671888037 26.5210231684363 13.7626647228662 1.25584292232862
"319" 318 67.1260796964583 21.4190736413115 6.79419980415626 0.0451939414714015
"320" 319 52.396444680853 26.9712401966617 15.7413055732775 -1.20993410507516
"321" 320 37.6681646566598 32.4968740378948 15.7306980715551 0.0015479021868396
"322" 321 34.8751940069043 44.9244004907591 12.7375075578795 -0.990807537536689
"323" 322 26.5322789892182 59.9462154012888 17.1831066515501 0.285901806506819
"324" 323 19.9560472692135 65.4120874170227 8.55117421922732 0.370375226722139
"325" 324 20.1815350345639 63.6460822340786 1.78034239361642 2.39124326437964
"326" 325 30.8212008648948 59.3938458509257 11.4579231643138 1.06358885669538
"327" 326 49.4160288164735 64.3417662664485 19.2418695294184 0.640277299379704
"328" 327 65.9184286599008 70.5928295298365 17.6466708620983 0.1020305108986
"329" 328 79.8405067529453 82.2418835274445 18.1528156898046 0.334645358988841
"330" 329 92.6155331199785 89.7234578371665 14.8045686472213 -0.166946724440312
"331" 330 109.386613856928 83.3684012921429 17.9347677089986 -0.892005432309164
"332" 331 119.792398821596 74.0877406504157 13.9431353245171 -0.366096819041905
"333" 332 124.187312475344 58.6753925715512 16.0267195435616 -0.564705451534977
"334" 333 126.794535061824 49.7016513261631 9.34481896853194 0.00497177746191891
"335" 334 123.388505450857 38.6068866386096 11.6058106646181 -0.580615791568075
"336" 335 122.21641114361 39.5300179883226 1.49197069472084 -1.94006392025349
"337" 336 122.908641367338 40.731095823758 1.38627942688981 -1.42650894092967
"338" 337 126.883958652254 50.4413598103528 10.4924913249958 0.134263628649768
"339" 338 127.352355221776 64.3939075405742 13.9604077129018 0.355019672469532
"340" 339 117.401325259461 73.5541398850885 13.5252672401094 0.86031127050654
"341" 340 112.101808014904 62.1701368034892 12.5570860149648 1.87915171544057
"342" 341 115.641400081109 52.6187652567339 10.1861381504133 0.790581854706051
"343" 342 100.719970081788 39.3929645844855 19.9391794376469 -1.2004609814243
"344" 343 80.1672253107131 32.9602836033336 21.5358933464626 -0.421903672654842
"345" 344 64.9790060667886 22.6957665191772 18.331456973532 0.290987672665726
"346" 345 61.463412586833 15.1451841263909 8.3289070103202 0.540727379990475
"347" 346 50.8695069074716 8.60350240006092 12.4508809869746 -0.581856723186016
"348" 347 45.0848706271985 6.89791424950644 6.03084138693461 -0.2664606412543
"349" 348 35.483158933054 8.25050861552335 9.6965137537392 -0.426672708600087
"350" 349 26.3513682185261 14.9103948033224 11.3023752233048 -0.490176803606965
"351" 350 17.8268083654714 23.6916000526196 12.238369430549 -0.170101082986579
"352" 351 12.7902647752835 31.2104201661095 9.04983023237913 -0.18036029931774
"353" 352 8.44702157573214 45.9133497265588 15.3310110283041 -0.302977749912476
"354" 353 3.63382123601139 63.1924065402439 17.9369089277068 -0.0155611417941993
"355" 354 2.98388867686446 74.700826525829 11.526757692259 -0.215255406617915
"356" 355 5.84974562720766 85.7497426855457 11.4145382895797 -0.310200903579485
"357" 356 11.6489617987285 93.9080952993229 10.0094767882619 -0.364172369023571
"358" 357 11.7760115531569 94.1178743192479 0.245252680517495 0.0734052587236226
"359" 358 11.7945480899481 94.1930895994371 0.0774657444949757 0.302922078907813
"360" 359 11.7991787346051 94.220829875577 0.0281241140350142 0.0762278416711693
"361" 360 11.734653643047 94.1910010963229 0.0710861696278997 2.16922027079313
"362" 361 11.7046987970219 94.1682679194463 0.0376043897875895 0.216161776870471
"363" 362 11.7170633331173 94.1478707264311 0.0238521956171244 1.46657126791191
"364" 363 11.5432619084454 94.4397342599607 0.339692886917587 3.13373122000866
"365" 364 11.4166483844584 95.066585937913 0.639510758789922 -0.337793957540295
"366" 365 11.3487444909649 95.3699919658134 0.310911814696484 0.020875292254587
"367" 366 11.2217966714968 95.3301206641064 0.133061901262164 1.65493954114447
"368" 367 11.5055793580107 95.7360433289367 0.495283578354773 -2.48524185417017
"369" 368 11.7480517117545 95.9106831980412 0.298817546691839 -0.336485694952695
"370" 369 11.8095244106025 95.7069695593068 0.212786605100223 -1.90191070559794
"371" 370 12.1600914348202 95.7811629025109 0.358332095470968 1.48628591504208
"372" 371 12.0163605581987 96.397688281698 0.633057744661756 1.59127530249021
"373" 372 15.7580754933756 98.9474173423537 4.52786361752193 -1.20167981256001
"374" 373 19.7485907333714 105.651335120877 7.80171298253374 0.435719803780632
"375" 374 29.4554163217019 113.999804193789 12.8031011424432 -0.323569409047053
"376" 375 37.303962010402 119.859548286576 9.79470623656298 -0.0689833018317166
"377" 376 48.5046786839582 125.753192323368 12.6566620415376 -0.156948031087535
"378" 377 62.1542578821779 128.178793975176 13.8634251057135 -0.308505848307177
"379" 378 75.8159846783013 127.534751896332 13.6768991094925 -0.222976496219093
"380" 379 89.7677345195015 123.323261225966 14.5735368836123 -0.246056163619511
"381" 380 98.7393098434297 118.154169323958 10.3541622009856 -0.229544688218579
"382" 381 108.548305083673 109.916524415557 12.8091834735875 -0.17583753802494
"383" 382 112.915459455086 99.6079772878945 11.195453594517 -0.471529181126458
"384" 383 115.017701391338 97.7914546440004 2.77834045327688 0.457458368685139
"385" 384 122.828779910548 85.5045041785958 14.5596050555146 -0.29190789955689
"386" 385 123.181823815677 69.6702846257337 15.838154843516 -0.543979462768632
"387" 386 116.172820616478 50.384379257626 20.5200456070153 -0.370877935667596
"388" 387 104.611399422644 32.5804087431931 21.2284673516493 -0.227349089881373
"389" 388 86.7056746026655 23.2340871354712 20.1982352923157 -0.513790044596111
"390" 389 66.126959163187 30.9180813420372 21.9665039572885 -0.838434832738935
"391" 390 54.6478726452387 47.7844666419304 20.4020680415245 -0.615853594767102
"392" 391 59.652660760193 66.3952546875506 19.2719831816704 -0.860283414749523
"393" 392 68.8969998466062 83.3849682887195 19.3418761601436 -0.235609201618341
"394" 393 80.2775501860747 99.3045455283553 19.569104872679 -0.122328457057871
"395" 394 77.3706628534782 117.825105062626 18.74729632312 0.776325841750501
"396" 395 77.4426926541723 121.541424520607 3.71701743417417 -0.175064092138805
"397" 396 82.0066719753428 124.513135857896 5.44618908194053 -0.974252544225075
"398" 397 93.7112250699876 121.712212898594 12.0350210871982 -0.812049073926051
"399" 398 101.931182247814 116.159543498257 9.91966902042289 -0.359215569701515
"400" 399 111.158367735165 108.426069547319 12.0394174015116 -0.10345515264422
"401" 400 114.775762907985 104.53860802072 5.31016995557863 -0.123812573253814
"402" 401 116.725373577542 100.762164308475 4.25000104407091 -0.272860686988739
"403" 402 114.799630318653 100.540827133899 1.93842132778296 -1.93292994535572
"404" 403 108.666308079714 110.626142845581 11.8038652436797 -1.13884407979054
"405" 404 98.2919964562141 118.4766477803 13.0098719975078 0.376618767815577
"406" 405 86.9825386944878 124.636315457629 12.8780953855531 0.149066971995282
"407" 406 77.5192580819375 127.290532755383 9.82845610538952 0.225275029859354
"408" 407 77.4688787653031 124.650584717394 2.64042869981821 1.8251646682175
"409" 408 82.6297611509252 125.343974712068 5.20725423644144 1.72343261120298
"410" 409 95.3724862340015 121.448921495313 13.3247319711959 -0.430204511259551
"411" 410 105.738800127914 114.021412560581 12.7525821982314 -0.32506767664121
"412" 411 114.39914160495 104.773613527115 12.6697790613038 -0.196473306151121
"413" 412 122.255870138826 93.0868886863146 14.082177415428 -0.160728633406652
"414" 413 127.004035753977 80.527996779626 13.4264977798676 -0.230416126741471
"415" 414 128.133817736876 66.706721745066 13.8673736125423 -0.279900318020392
"416" 415 119.703830138495 57.6508993592835 12.3722516136591 -0.831183330073431
"417" 416 106.636531879436 55.9982499216369 13.1713907373127 -0.695369659256246
"418" 417 98.3100514282627 70.3824607224539 16.6203428684883 -1.17186835140715
"419" 418 102.710221296425 89.8301258729398 19.9392370634912 -0.747242743569936
"420" 419 103.873699364245 107.580001594392 17.7879669816792 0.157055644135128
"421" 420 102.862301957904 113.237709493941 5.74739796692076 0.242350850628744
"422" 421 97.2645262653072 118.920201977889 7.97657906215139 0.600992160277871
"423" 422 95.2111047008268 118.677860205351 2.06767252150571 0.910383315597974
"424" 423 96.9849118796723 118.411331717426 1.79371941579475 2.87497540213352
"425" 424 109.65224207763 110.790345381354 14.7831216959977 -0.392471583891371
"426" 425 118.935138798706 98.9643596060408 15.0341647952949 -0.363681436475438
"427" 426 125.746230417021 85.0089190439897 15.5288534771253 -0.211451149305158
"428" 427 128.605921803682 67.7390217312262 17.5050617828197 -0.289950838486068
"429" 428 122.834337037183 53.2387173964847 15.6067298469926 -0.54290783826868
"430" 429 111.29241922527 42.5505495673654 15.7306324831641 -0.44497580453874
"431" 430 115.029693033353 33.4862078458751 9.80456558754844 1.21485341799471
"432" 431 120.808609893836 35.5691329329166 6.14283786198214 1.52566816758205
"433" 432 125.162751686585 43.9107316807267 9.40961319188139 0.743779490581919
"434" 433 128.529968182983 59.811849296091 16.2537284446143 0.272399027514146
"435" 434 126.509924508992 77.5736418732682 17.8762930161569 0.321920153017111
"436" 435 122.420003017888 88.1167811868501 11.3086358323621 0.256808476070712
"437" 436 117.546282386336 101.269552981805 14.0267087616656 -0.0151906217808396
"438" 437 106.633603142062 112.86106501098 15.9201042525145 0.400381580665072
"439" 438 95.0797572729357 120.916561548168 14.08482796587 0.206700410715051
"440" 439 81.8083450867149 125.13988861036 13.9271990324982 0.300759159059975
"441" 440 73.713535084185 127.236541939315 8.36193184371138 0.0546517342653623
"442" 441 59.8364213867715 127.856094564001 13.890936974362 0.208826429690568
"443" 442 46.0291190535788 124.832127387165 14.1345666791298 0.260223891416576
"444" 443 31.4178602512445 118.662241933713 15.8605286890923 0.183947536099246
"445" 444 20.3878499427354 108.796674968083 14.7983289245486 0.330173542173886
"446" 445 12.6549776069293 98.714702132202 12.7060415088778 0.186774793783345
"447" 446 8.44618448233497 88.9498407578001 10.633271238284 0.247338963575928
"448" 447 2.97686145960904 75.2611772295534 14.7408616951816 0.0268341233210053
"449" 448 0.564777112827039 60.3885682888688 15.0669388927719 0.219336443767844
"450" 449 4.039013492092 45.847424480312 14.9504241304432 0.395310909194625
"451" 450 10.0306260351666 33.1705358031599 14.02151658699 0.206993671842531
"452" 451 20.1137265498988 21.4432862008587 15.4660046303131 0.268635045652846
"453" 452 31.194938082538 11.0445872773279 15.1962557340068 0.107005357522991
"454" 453 42.9984647498133 4.33539860545474 13.5770561765013 0.236770223492962
"455" 454 54.1388677092822 1.38796107879219 11.523713206815 0.258218489806025
"456" 455 66.2788228858691 0.559205463092639 12.1682105323705 0.190484650776173
"457" 456 79.0781447484659 2.13372920046159 12.8958041680961 0.190562248251207
"458" 457 89.832904210094 5.62236197889216 11.306432228613 0.191270132040424
"459" 458 100.196317050739 11.573526590042 11.9505935390108 0.207597266107073
"460" 459 112.680519670659 21.6957181253053 16.0721522059669 0.160023082321827
"461" 460 119.986984697534 31.7900707427828 12.4611550810883 0.262972220521093
"462" 461 125.532816648085 43.8108531634318 13.2384085912292 0.194276986026069
"463" 462 128.066557037152 52.0495657047725 8.61952578150518 0.13389487798483
"464" 463 128.338504003492 69.0841818898022 17.0367867781392 0.282397520286666
"465" 464 121.899000339004 85.2266917042211 17.3795233120347 0.39553446698218
"466" 465 107.813522931929 91.0640332008877 15.2471384047614 0.798347303054954
"467" 466 96.0815150056466 78.9587929628499 16.8575458238427 1.19393198288705
"468" 467 101.537916385822 63.9596613998366 15.9607726525429 1.11864079527723
"469" 468 119.733940816345 61.2891964019564 18.3909403887098 1.07617681676821
"470" 469 127.272914042021 66.8015257556876 9.33926614897929 0.777066262754439
"471" 470 126.336089914257 81.2628888811725 14.4916756413292 1.00414148089624
"472" 471 122.666274927088 91.3244184413197 10.709898184846 0.285052222807732
"473" 472 120.01281842806 95.3801262076379 4.84660673853476 0.229615784878098
"474" 473 119.112173813303 94.6315754162971 1.17110589158564 1.68487278119169
"475" 474 126.966131847375 79.9362664218349 16.6624356936099 1.36819003452549
"476" 475 128.524436913035 61.5664230395995 18.435820040495 -0.406202035594751
"477" 476 125.570680187355 43.7783817175079 18.031613706791 -0.249178406449511
"478" 477 118.47119942245 28.675585773799 16.6882315554576 -0.274872669589969
"479" 478 111.776807180043 20.8665595375885 10.2857074745992 -0.269271589767129
"480" 479 101.546597664045 13.2144440263263 12.7754474887934 -0.219885790235668
"481" 480 89.2225089532869 5.43345226479512 14.5748754829549 -0.0790518608607577
"482" 481 74.0986172430144 0.951719549137489 15.7739667997193 -0.275072250394076
"483" 482 60.5607272330079 1.1626037708571 13.5395324172588 -0.303666751490545
"484" 483 49.7022973802945 2.36859532775904 10.9251963140996 -0.0950356029975821
"485" 484 45.5479271446392 3.89453594117614 4.42575268294269 -0.241399853763585
"486" 485 44.9202134930963 4.03513798962567 0.643267723705734 0.13165791852721
"487" 486 38.7531924242337 6.26300016810253 6.55709682329628 -0.126311817446933
"488" 487 32.0391258776734 10.2180976253672 7.79239921257259 -0.185683215226595
"489" 488 25.316318670106 21.4090464527099 13.0550171354282 -0.497487091435858
"490" 489 19.4539703546287 24.8162022073843 6.78054851089427 0.503359713841075
"491" 490 17.7419442435642 25.6616492228063 1.90940149283814 0.0677779177500374
"492" 491 11.7482075193647 32.3985414049012 9.01723883415479 -0.38500927865862
"493" 492 3.93912852634285 45.2578876437424 15.0447499284519 -0.181341916620956
"494" 493 0.415139858246514 58.8736232577326 14.0643788502355 -0.292487048693845
"495" 494 2.02732391380648 74.0960048894759 15.3075158001368 -0.35877543353192
"496" 495 6.03131229922021 83.7299397937181 10.4328627293616 -0.288377512523722
"497" 496 10.4584507984693 94.7472473930993 11.8735260993067 0.011805796840276
"498" 497 17.7339398172157 100.607195628834 9.34193415666125 -0.510661736115867
"499" 498 30.3102565158714 109.056942540738 15.1513024054075 -0.0864458401314191
"500" 499 46.9130854952173 112.166447247149 16.8915052507644 -0.406458782897475
"501" 500 64.096933951351 118.099767500312 18.1793546912413 0.147325164397421
"502" 501 69.9426054513772 123.190554168045 7.75164396644941 0.384014893095209
"503" 502 82.8369705886393 125.049568027614 13.0276853210042 -0.573296912041507
"504" 503 97.6114572953367 119.3959158632 15.8192680059023 -0.508658038987317
"505" 504 108.86525206329 111.021568857276 14.0277433842661 -0.274265086997236
"506" 505 118.861172558717 99.0008171750156 15.6338382221857 -0.237371080815605
"507" 506 116.318971585021 98.995047678177 2.54220752059148 -2.2622149044746
"508" 507 113.353408428395 105.284592957468 6.95362816493548 -1.13247149659194
"509" 508 102.055478087742 115.097891365126 14.9647604598274 0.415012539971615
"510" 509 91.5413091812669 122.235010731949 12.707722874306 0.118827230987382
"511" 510 73.8535298956074 125.431347283283 17.9742622493276 0.417582876548628
"512" 511 59.6175487827159 118.70282351306 15.7459896600073 0.62030209477721
"513" 512 58.698734336036 101.353823689146 17.3733132959036 1.0763623701727
"514" 513 72.1759924510833 91.3448932077537 16.7873516577496 0.984924923637695
"515" 514 86.0588415383971 82.2747306694535 16.5831645729129 0.0600659441498713
"516" 515 100.695426948692 71.9204930366813 17.9287442234184 -0.0369729156422369
"517" 516 118.148312073672 69.6531831272134 17.5995424205103 0.486502786142647
"518" 517 126.12696843125 60.235033913148 12.3434392245725 -0.738767944287452
"519" 518 125.40203794357 44.0597633247218 16.1915071201161 -0.747628807128534
"520" 519 118.478529541728 28.994446071009 16.5800709451255 -0.385993283144771
"521" 520 109.135548200801 18.8322233571333 13.8044221473887 -0.312641144076974
"522" 521 97.6436335112927 10.1145860479318 14.4243302612536 -0.178399368391935
"523" 522 85.3060257717727 4.46775500768889 13.5684658503205 -0.219742691294379
"524" 523 71.8516106907257 1.72284650100213 13.7315624705708 -0.227979032561114
"525" 524 61.9439608144002 0.776877032486207 9.95270738579295 -0.106063431479497
"526" 525 53.8922996449864 1.47775052104603 8.08210809343775 -0.182018340403804
"527" 526 42.9079698310025 4.53359821587296 11.4014782636443 -0.184511184460103
"528" 527 33.2919244630431 9.1537666985358 10.6683778207769 -0.176558042630575
"529" 528 32.1391089940561 10.519662186473 1.78735950203174 -0.421898608841637
"530" 529 27.4781441020206 20.8076350452332 11.2945552930327 -0.275612973352315
"531" 530 22.324644480453 33.2747970044204 13.4903182196012 -0.033411974193281
"532" 531 19.8400713666411 49.6158689568899 16.5288758272806 -0.241086303863629
"533" 532 13.3844675748555 65.2084434036581 16.8761132431174 0.241642963834459
"534" 533 6.37700218238553 75.7582132021938 12.6649995668677 0.193781243771719
"535" 534 7.35637841392828 88.4057292041371 12.6853789388541 -0.663595270659909
"536" 535 12.4295061307214 94.7258534011862 8.1043565257842 -0.599099627669892
"537" 536 23.6241889863622 105.994203768185 15.8838485333949 -0.10573702052356
"538" 537 36.1773481303694 118.423011911417 17.6651373149495 -0.00825707730049724
"539" 538 55.625138171503 124.858222999739 20.4848353480149 -0.460864518923141
"540" 539 69.040992364218 128.373767197912 13.8688209567178 -0.0632743696405874
"541" 540 82.1470915138506 125.811365992171 13.3542403325379 -0.44935827369305
"542" 541 97.6120042316609 119.46312012922 16.717169344897 -0.196443034811283
"543" 542 110.078866770284 110.174029816357 15.5470209492835 -0.250839703622094
"544" 543 119.312614761762 98.1230904377559 15.1818062784647 -0.276631614569204
"545" 544 124.165576814665 88.2106916841743 11.0366158643364 -0.198524412539886
"546" 545 127.860341151356 76.2990975402288 12.4714617649161 -0.154509096630293
"547" 546 128.180061940794 59.6384294329486 16.6637355705179 -0.281584077418762
"548" 547 125.582971796931 43.3934608605099 16.4512577371722 -0.17771672481681
"549" 548 118.281424060988 28.2494209464364 16.8123330998201 -0.290728886342616
"550" 549 110.175624081236 18.7476606325562 12.4894932793198 -0.257023967776153
"551" 550 99.8309371646286 13.2672903523459 11.7067077272326 -0.377330602143033
"552" 551 96.038082234153 10.8173055929844 4.51532654907001 0.0863370662150882
"553" 552 80.7760264067754 10.5801126294129 15.2638988656227 -0.557980911216016
"554" 553 63.7227440337341 17.3776564175372 18.3581328365972 -0.394844332945744
"555" 554 45.5005875140643 26.1544954040145 20.2257234931632 -0.069562021682002
"556" 555 29.292269869608 28.293070183045 16.3487939294952 0.317680974734082
"557" 556 24.6883040125633 24.2862979491425 6.10333723033595 0.847339801441617
"558" 557 26.6003481993333 16.9023162664456 7.62752243278008 1.10802129202109
"559" 558 34.3369127617182 9.31918319330532 10.8332053628141 0.542033649978484
"560" 559 47.4929564111234 2.95644156560062 14.6138963156983 0.32491194643285
"561" 560 60.3469547303799 0.186993704293262 13.1489586754218 0.238260996877548
"562" 561 68.0072698437622 0.165354954069502 7.66034567573973 0.209385468601427
"563" 562 68.0924150191546 0.0918356773305913 0.112493488455165 -0.709430606222393
"564" 563 68.1941425859829 0.0754282398557184 0.103042233367204 0.552344509096426
"565" 564 68.0885366462114 0.212321923570798 0.172894462479585 2.38779240041593
"566" 565 68.736266822564 0.509745044128778 0.712751635564791 -1.79742185370852
"567" 566 74.3744460481405 1.17527572174323 5.67732296620226 -0.312963367194189
"568" 567 84.4217638187735 3.25243328063828 10.2597844962043 0.0863691672011108
"569" 568 90.9785018057996 6.14746178663746 7.1674265312634 0.211926598623556
"570" 569 100.583832270331 12.1605504242394 11.3322375679522 0.143537375183626
"571" 570 110.705845801549 20.355691209448 13.023651193715 0.12125920743217
"572" 571 117.708269621577 30.7334981669929 12.5192977679807 0.296629869424658
"573" 572 124.483808552317 44.1828336166199 15.0596331907043 0.126908830250382
"574" 573 128.164638986653 59.3848270869681 15.6412633172275 0.229112730815719
"575" 574 127.021664857371 76.1469230703159 16.8010193623832 0.305638874844531
"576" 575 124.662259949859 84.1300627850358 8.32450065903825 0.219285224658559
"577" 576 124.517716077811 83.1918333663892 0.949298358241947 2.70136631654665
"578" 577 123.945650934495 83.8772717426828 0.892795775019325 -2.29325030436828
"579" 578 126.335966124689 80.658515245272 4.00923934158278 3.08487038770105
"580" 579 128.848576722604 65.7225011368532 15.1458816007402 -0.472097116948609
"581" 580 127.092724013625 48.9518462469307 16.8623214348592 -0.270982348822131
"582" 581 120.763839563961 32.8436442686476 17.3069046727127 -0.270051367101079
"583" 582 111.458120486349 20.0757276042112 15.7992437635924 -0.255448850629924
"584" 583 99.1693826842488 10.3562172338285 15.6678638814852 -0.27179336365333
"585" 584 88.8303663026705 5.07203647931927 11.6111078706931 -0.196703697489433
"586" 585 75.4611317443509 0.700450037293267 14.0658167446996 -0.156451774389664
"587" 586 61.9831540253095 0.158859426709294 13.4888547988497 -0.275867643482863
"588" 587 48.3721169695352 1.71178307483477 13.6993394581844 -0.153763510346332
"589" 588 36.9256013987546 6.14084251757902 12.2735197176477 -0.255591360993013
"590" 589 31.5797334405268 9.36864627357993 6.24475950810438 -0.174011536048483
"591" 590 29.8739835570319 11.5965684932713 2.80592588676844 -0.374166212008073
"592" 591 20.8842449052956 19.9111157207925 12.2452887522182 0.17097164592901
"593" 592 12.981262509873 27.259540947733 10.791500547111 -0.00265391979889349
"594" 593 5.7202152382664 42.1254968983333 16.5444689792598 -0.367390643403853
"595" 594 0.147996595000406 59.2853945991752 18.0419430691853 -0.140370941471892
"596" 595 2.25413623277821 77.035783350443 17.8749020974927 -0.432082604874382
"597" 596 5.74758580115329 87.0820005135444 10.6362901979484 -0.216557096718293
"598" 597 11.0236605514454 98.477788742209 12.5579040497705 -0.0989412364348708
"599" 598 19.7544048103248 109.298190691546 13.9034885427781 -0.245321471727774
"600" 599 28.6669397467049 116.825239579817 11.6657508956186 -0.190556122963837
"601" 600 40.3490180351787 123.708241045546 13.5590066861573 -0.168883958081305
