"time" "x" "y" "speed" "angle"
"1" 0 74.1042622405587 124.357057806421 NA NA
"2" 1 61.608509017778 127.701852506843 12.9356677520954 NA
"3" 2 56.6618219232767 122.169537299863 7.42133578005235 1.10276905008429
"4" 3 44.1686985687493 120.953706240172 12.5521462832914 -0.744211443665022
"5" 4 40.2519754297889 120.883457815155 3.91735305895253 -0.0790809258018198
"6" 5 45.4151177591694 112.414108847312 9.91906803346664 2.1003307358073
"7" 6 54.6444947252288 101.211238767614 14.5150162660685 0.141641674679435
"8" 7 48.7052889356315 85.7554368229286 16.5576562098781 -1.05598286235615
"9" 8 41.3334978348381 69.6565150059353 17.7064561023203 -0.0625357901240898
"10" 9 30.1703875034884 55.469402962484 18.0524009595214 -0.237261258575338
"11" 10 14.3879661986725 51.0899816003054 16.3787714347021 -0.6334489325379
"12" 11 3.01255738288441 47.8336522293377 11.8323119760483 0.0081273545018756
"13" 12 7.40667130540908 44.1480909943799 5.73511977039264 2.16486189485581
"14" 13 11.7420959117889 29.3654168981718 15.405302981516 -0.587592134793631
"15" 14 21.5977584486623 15.6985396339987 16.8498551386859 0.339492158687442
"16" 15 32.5400002015458 7.56377977913878 13.6347707158862 0.306745015748492
"17" 16 47.9155263533697 1.95808911834727 16.3655300014972 0.289672360139875
"18" 17 61.3973273369272 0.0306823915996005 13.618878604737 0.207607475378785
"19" 18 74.5641171981176 1.62121918228393 13.2625096618727 0.262218015060021
"20" 19 79.0822518655422 5.06101713141475 5.67853421261414 0.53049723091514
"21" 20 85.9147663668007 8.98888827666841 7.88108026501591 -0.128970305577325
"22" 21 94.2321112332061 11.8833010226313 8.80657997015372 -0.186854087901473
"23" 22 96.4035426906329 24.4473562524042 12.7503175800089 1.06476857286565
"24" 23 91.8212222811255 34.8954339965754 11.4087680703762 0.584455049189481
"25" 24 91.6616153703934 35.0195937189652 0.202212765713176 0.496354355845521
"26" 25 88.9308976209404 44.2925581561619 9.66667930991255 -0.623284709340757
"27" 26 75.9131861952875 49.3047531599777 13.9492978145084 0.916875903966066
"28" 27 65.5028179394374 41.0526658323741 13.2843032367079 1.03779536737077
"29" 28 67.0175514823303 30.5745354719549 10.5870502764417 1.04410182273112
"30" 29 58.5126200307928 33.6152418781675 9.03215115263991 -2.05772399665025
"31" 30 42.876672497925 39.6103030650583 16.7458536326208 -0.0227671502755081
"32" 31 29.5800867267649 36.8760956941696 13.5747958775387 0.568933271141661
"33" 32 36.5967815537181 27.6182765673152 11.6164203298668 2.01654227272762
"34" 33 55.9262066750596 29.943207436916 19.4687436438505 1.0419493811725
"35" 34 74.2017379668717 25.068969950789 18.9143658384089 -0.380345653123464
"36" 35 79.6750919392112 11.9512864411214 14.2137688304802 -0.914866891791887
"37" 36 80.0511645796419 18.3705730962212 6.43029328967366 2.68778664554346
"38" 37 78.2715839500911 32.3346249189595 14.076990108869 0.185274777252921
"39" 38 76.3268121575614 49.2150956254394 16.9921284304628 -0.0120541732412908
"40" 39 61.2429180023738 62.1420356792835 19.8652873636548 0.747548090492877
"41" 40 46.9299280750251 71.4629046863514 17.0804063097838 0.13131494094733
"42" 41 48.6170103534128 87.5573525660136 16.1826295503917 -1.09800816287011
"43" 42 59.8389402830783 102.745002163038 18.883760526662 -0.531907178891362
"44" 43 76.0796957752063 113.339036750997 19.3906087528465 -0.356448114063652
"45" 44 86.0349647558623 122.884616848598 13.7922253417248 0.186393891096421
"46" 45 90.7924719982104 123.498877506072 4.79699815679712 -0.63598887920336
"47" 46 101.422353122984 117.642621166917 12.1363137334491 -0.631955920923389
"48" 47 113.345567615436 105.971852667464 16.684420313599 -0.271146661399646
"49" 48 120.941258330312 93.3790396914159 14.7062386790704 -0.253345349751159
"50" 49 125.799297498326 77.8798498318182 16.2427039270502 -0.239012568684373
"51" 50 126.289364831235 63.48371089697 14.4044778531621 -0.269710987842955
"52" 51 125.983717008223 51.274408754451 12.2131273390165 -0.0590572257937264
"53" 52 123.191202570948 39.4535774881179 12.1462005874063 -0.206954851270791
"54" 53 116.958971627473 27.7779673700541 13.2348242965987 -0.258322961197512
"55" 54 111.101072398699 22.3041614251399 8.0173271666462 -0.328974047459694
"56" 55 102.10806845546 14.6768855825129 11.7919233674003 -0.0481057026585634
"57" 56 91.8505162237556 8.43970786453989 12.0049891158518 -0.15708717532659
"58" 57 84.7150009759178 6.92595233111657 7.29431516093838 -0.337278217322378
"59" 58 76.6539065509006 3.48090686079304 8.76638931497122 0.19482919315279
"60" 59 65.7982530945721 1.69665948936355 11.0013067699409 -0.240969171243105
"61" 60 55.2678851235674 1.68443570186563 10.5303750657678 -0.161743796150198
"62" 61 42.2868451138116 4.39997621601286 13.2620345354268 -0.207379805323994
"63" 62 35.9690435530224 18.3949968106244 15.3549737220587 -0.940533109244556
"64" 63 28.0298644006653 34.2012715675897 17.6881001610094 0.0414258955334013
"65" 64 29.8331980024129 52.244662068324 18.1332830133206 -0.565083600182844
"66" 65 38.4741578841876 67.0893772565445 17.1764884856545 -0.427532778805941
"67" 66 36.2959720434379 86.5042805445575 19.5367080962925 0.638870501265751
"68" 67 29.5328148005005 104.05343778349 18.8072649710016 0.256118630123585
"69" 68 42.5598486596562 114.390611251718 16.6301162497391 -1.26786379587514
"70" 69 61.4446667024871 115.917996348387 18.9464840470299 -0.590072074222353
"71" 70 80.1543873492903 114.698203146926 18.7494411152904 -0.145806886080084
"72" 71 89.1760706167864 121.786267261053 11.4730737758017 0.731045289977438
"73" 72 85.7034647949504 125.490294487276 5.07728361296215 1.65801741220695
"74" 73 73.0337453181063 128.159132562377 12.9477599720195 0.610021746694164
"75" 74 69.9889862126942 124.156312439524 5.02922727125205 1.12812353735741
"76" 75 79.0112531155174 117.050412432408 11.4845598512483 1.55394933612081
"77" 76 85.4278258259297 104.014061065908 14.5299298793509 -0.446271649173946
"78" 77 79.9920855666771 88.9495834475362 16.0151727458838 -0.803684752135094
"79" 78 85.6312993555905 73.0976744100529 16.8250929355447 0.688073958470766
"80" 79 80.8728964437072 55.8276845759368 17.9135408878952 -0.610641363848906
"81" 80 87.7597682492076 40.9879184711994 16.3599407489364 0.70336182746257
"82" 81 88.9250883771864 38.4070398150293 2.83176722887792 -0.0103849874101856
"83" 82 90.2746249420447 31.1227724890352 7.408225119179 -0.240927606968335
"84" 83 90.9406609953413 30.5085149509864 0.906044340714405 0.642628612702577
"85" 84 93.6601906220079 31.6577823514031 2.95239850765071 1.14481175765892
"86" 85 97.9500731278002 30.9509692318785 4.3477208626399 -0.563129966808031
"87" 86 102.068543022008 31.9511748566274 4.23818422927501 0.401541798164719
"88" 87 101.884063320047 31.2939060312805 0.682667612538084 -2.08267802609485
"89" 88 101.257379614319 30.1920162143638 1.26763308399958 -0.243477881770262
"90" 89 102.077823620255 21.0299111813876 9.19876605867149 0.606422830364979
"91" 90 97.5978692195457 15.7875620749403 6.89581145234608 -0.796450558347243
"92" 91 83.4657860018382 8.71723232219343 15.80206755095 -0.399764778105832
"93" 92 65.9826725626355 2.30710983078935 18.6211956083071 -0.112463301886236
"94" 93 52.8188915793588 12.7704702140702 16.8156784069537 -1.02302583281825
"95" 94 34.9933537327858 25.3016739557919 21.7894668759046 0.058867865618369
"96" 95 30.2485507205054 44.7770038756684 20.0449901749385 -0.719089566288333
"97" 96 35.2046729645601 61.1573583147872 17.113712608583 -0.532784175554963
"98" 97 38.7716920470797 76.2389334459515 15.4976621969899 0.0615611486828234
"99" 98 47.5509763358609 93.0177065898363 18.9368176005683 -0.249817160176439
"100" 99 66.3731633038834 99.8596396685581 20.0271508336284 -0.740078200405461
"101" 100 84.3717153832995 105.046466268736 18.7310183155046 -0.0680757648729458
"102" 101 100.158767408304 93.600645197698 19.4996879880278 -0.907894834933555
"103" 102 106.290199846376 74.8440841604774 19.7332978917772 -0.627534268865039
"104" 103 115.987698432933 58.6841732290393 18.846331211891 0.224544901264915
"105" 104 121.261147630593 43.038530372312 16.5104635561984 -0.215393405592399
"106" 105 125.171305013596 51.6054089749572 9.41704517098215 2.38830993332426
"107" 106 119.092621098251 54.8243462828232 6.87836866812597 1.51197896127816
"108" 107 107.568501095581 48.8401551181651 12.9852179701032 0.965952067656163
"109" 108 89.2434164636205 43.4960235462516 19.0884380981381 -0.195189022419218
"110" 109 76.2860943754293 33.5049192133761 16.3619791433533 0.373095367619326
"111" 110 56.8761993312926 30.8109791296206 19.5959521023927 -0.518943973028971
"112" 111 39.1353017345678 29.7941749525848 17.7700123317884 -0.0806595648777156
"113" 112 32.455734391871 48.5684915093177 19.927156898515 -1.2862311570352
"114" 113 31.6345735128651 69.0997341944656 20.5476575644439 -0.301842302083265
"115" 114 38.0500453523922 87.7786021266487 19.7498958516673 -0.370812401529424
"116" 115 48.9120683235595 105.399896739398 20.7000861557504 -0.221563663187101
"117" 116 66.4131353715695 112.09561938122 18.7381976058303 -0.652986901885895
"118" 117 86.1288255299342 117.262701575969 20.38154009951 -0.109092641980489
"119" 118 102.812475963866 116.204327078928 16.7171872148883 -0.319668016834098
"120" 119 113.184610166731 105.094914952513 15.1986909211542 -0.756353220268752
"121" 120 122.424587996429 90.7827948234005 17.0356676676746 -0.177810718505921
"122" 121 125.976721159905 77.3212393536984 13.9223247223636 -0.315287615674036
"123" 122 127.894536026505 65.3080241694505 12.1653340655155 -0.0996855676947776
"124" 123 127.291401141143 52.6562006721962 12.6661915939882 -0.2059419849759
"125" 124 124.682046715684 42.457664299482 10.5270544153262 -0.202846630396308
"126" 125 121.036665263354 34.4207173224861 8.82503952648545 -0.175342973464975
"127" 126 116.823395355898 29.4540713873261 6.51300354355194 -0.277688495352617
"128" 127 108.875175375364 19.6183246232102 12.6457943707292 0.0238562115655322
"129" 128 101.792767415201 13.7004960390055 9.22936604898809 -0.195083485379414
"130" 129 91.2493018518551 8.68606820094894 11.6751510751914 -0.252120906706099
"131" 130 90.2119994183918 7.84973413423889 1.33246050958687 0.234611226795004
"132" 131 91.541096758723 8.62907900360308 1.54073948657117 2.99338539909902
"133" 132 86.3270289737552 7.98959369167042 5.25313661828976 2.7332910305485
"134" 133 76.2171046461717 3.71345582675145 10.9770635850057 0.278108510552374
"135" 134 63.7844451035301 1.18981685957858 12.6862041974686 -0.199881440056718
"136" 135 51.4870463957736 10.6524618334361 15.516689881505 -0.856118119377072
"137" 136 51.6450908184811 25.2452320963673 14.5936260739488 -0.925771862904603
"138" 137 67.6818994178829 28.8001142317343 16.426089523992 -1.3418236128092
"139" 138 85.3880216670204 21.4586992439482 19.167763018263 -0.611193705613039
"140" 139 90.6837152872162 14.9040432289426 8.42661773157131 -0.498188684253438
"141" 140 80.4932070951614 20.3988859201178 11.5775538613775 -2.74487592154596
"142" 141 64.11467789594 25.2942014429279 17.0944532757737 0.204088243868209
"143" 142 45.4957884788795 22.7638480664652 18.7900434095961 0.425509555271042
"144" 143 36.0465894662396 40.8348556037624 20.3923680673317 -1.22407764009031
"145" 144 45.4945372734294 59.3709007791587 20.8050159459615 -0.953176482371673
"146" 145 60.2468118926491 75.0229095068328 21.508486317081 -0.284431609316787
"147" 146 76.1577655696893 87.3920127585745 20.1532419765448 -0.154176961831593
"148" 147 88.1547498902106 102.650520972269 19.4100413625064 0.243691749509645
"149" 148 98.4923745332288 110.24989398729 12.8303138496832 -0.270588326825954
"150" 149 109.775291926298 103.515004276966 13.1401280172248 -1.17205290968908
"151" 150 120.917281712221 87.8938180265595 19.1876365469929 -0.413080833889317
"152" 151 115.989958518697 70.0936628485384 18.4695435302302 -0.889622342351695
"153" 152 99.8539323000008 67.1256660957354 16.4067165165702 -1.11884208644487
"154" 153 81.5584459105375 72.8340732336537 19.1653524433879 -0.484342834822233
"155" 154 64.0383075021774 74.2060375214561 17.5737740925249 0.224291648418327
"156" 155 47.9778078151033 78.9282142675784 16.7403286532888 -0.207817132516725
"157" 156 46.0784690488494 96.0652214501457 17.2419402308545 -1.17444874590248
"158" 157 57.9330090858903 106.073012989825 15.5140584951676 -0.980051893560535
"159" 158 70.9968060771083 117.969148550465 17.6686398204523 0.0375242977130917
"160" 159 89.8077495141018 114.151662578904 19.1943948102782 -0.93887133826956
"161" 160 99.5573147805265 98.1599380129663 18.7293693827924 -0.823081318926476
"162" 161 97.5436446903845 81.1574125373353 17.1213533279765 -0.665378946401926
"163" 162 81.9406999998398 73.0701900578904 17.5742724016739 -0.974720737690198
"164" 163 73.3508420676339 57.873692873005 17.4562076633417 0.578127286275233
"165" 164 61.8020600079722 45.1195842031231 17.2058610660647 -0.221364833969312
"166" 165 44.0397829982354 40.7322489483527 18.2960978136972 -0.592797626447764
"167" 166 34.471828800835 30.7929748776362 13.7961921042138 0.562274903616925
"168" 167 37.3961042313577 15.9161614731283 15.1614960959038 0.960456922136421
"169" 168 48.0959063508816 12.6069861910106 11.1998395722772 1.07676129254249
"170" 169 54.0137595553413 23.2923977276531 12.2147045096042 1.36496441508528
"171" 170 59.9270167233413 24.2763720876114 5.99456552853993 -0.900130246364867
"172" 171 63.6566927113702 24.0041782430576 3.73959522738653 -0.23774198795664
"173" 172 77.5185926839036 25.961381809848 13.9993898670756 0.213117243268825
"174" 173 96.3943688969691 24.8166074370531 18.9104583765264 -0.200839449048553
"175" 174 101.645086924306 15.2930529295053 10.8751151837961 -1.00635117751803
"176" 175 108.067015716455 21.4062412306015 8.86635441520885 1.82769788530997
"177" 176 109.34361250303 23.5302837228906 2.47815573855736 0.26885241731519
"178" 177 104.896860598211 32.5768049213873 10.0803347314397 0.99802975912259
"179" 178 101.560256530577 49.6619497189407 17.4079033619077 -0.263993706985735
"180" 179 94.7564366250743 66.464385804696 18.1277087278675 0.191884382364286
"181" 180 96.4693851575417 84.26207688652 17.8799329002914 -0.480699630842498
"182" 181 104.520778897842 101.245680005979 18.7954174223566 -0.346738152997664
"183" 182 104.326389187875 109.007430976083 7.76418479180218 0.46772749617514
"184" 183 99.3957618686506 106.741287305168 5.42646228203088 1.97657012083066
"185" 184 84.5559624452014 104.484178108797 15.0104693082044 -0.279871627307427
"186" 185 68.4796964577536 116.060075860282 19.8102937093826 -0.775004956348745
"187" 186 49.9164353078667 124.674960282199 20.464869853529 0.189560439543615
"188" 187 33.1039161060236 120.750745760378 17.264421841626 0.663807904244971
"189" 188 22.2809204411828 114.457709292995 12.51956641186 0.297363615375428
"190" 189 26.5679751671035 113.316936059559 4.43623734635154 2.35485349789633
"191" 190 37.9454945008189 109.41666559428 12.0274708850779 -0.0701800408814231
"192" 191 49.8440339811275 104.336120314087 12.9378198359904 -0.0733034355705491
"193" 192 45.9000486730396 90.3662621338619 14.5159208349324 -1.4424019301077
"194" 193 39.3425252072889 77.264606964516 14.6510915013291 -0.188896651626796
"195" 194 46.7486483393758 72.3274093921572 8.90093139599094 1.44687047008273
"196" 195 61.9800787451676 79.3541367948577 16.7741280011314 1.02021877619351
"197" 196 79.6215060239534 83.6782207728632 18.1636356129914 -0.191865830537845
"198" 197 96.9496065704601 92.6044989605507 19.4920884164277 0.235309960921358
"199" 198 109.745382689359 104.587923070488 17.5309537642306 0.276945608361738
"200" 199 115.331531305428 102.236280814803 6.06096342667902 -1.15108480722096
"201" 200 121.359124752358 92.1437106303703 11.755503208675 -0.633956982557159
"202" 201 124.928098548719 79.9036729429189 12.749748881815 -0.254664799794227
"203" 202 127.707303138718 66.1852075199214 13.9971522716247 -0.0838326661895909
"204" 203 127.559690221422 61.8539499156578 4.33377226072666 -0.233951005504327
"205" 204 127.537430976399 55.5679419216405 6.28604740475588 0.0305265955032825
"206" 205 127.342149906168 59.9453451423367 4.38175691395044 -3.09346998149375
"207" 206 128.003630188512 65.8765882212858 5.96801479769543 -0.155647386092077
"208" 207 126.412118167482 70.2527260136241 4.65655371391911 0.459874962970583
"209" 208 119.880512431998 79.9718285415482 11.7099456630724 0.242902785599753
"210" 209 106.246879542439 81.8178290836807 13.7580399682812 0.844502328999978
"211" 210 91.1554615867232 78.9492084460228 15.3616366405701 0.322423992798068
"212" 211 75.9938256235969 89.8568224668975 18.6775600308699 -0.811484231664817
"213" 212 58.4110521325002 99.9545169875989 20.2760291544625 0.102338160541102
"214" 213 38.257078370746 98.8202467537866 20.1858670200908 0.577525023391059
"215" 214 36.669155480515 97.7144577338723 1.93501123042802 0.552067682436916
"216" 215 48.3545402107074 96.4115083992408 11.7578013787115 2.42226025552115
"217" 216 56.2384548028277 80.6998221393362 17.578771129562 -0.994676613416849
"218" 217 75.0044821267767 76.4891247510238 19.2326221306181 0.884997379950007
"219" 218 95.6795517175957 79.2209915763137 20.8547740082775 0.352095384474989
"220" 219 115.401228050633 75.8242102886624 20.0120623750083 -0.301934832948744
"221" 220 125.126881951969 73.7435516107755 9.94572693886349 -0.0401956025966961
"222" 221 127.230401686752 61.5593441874983 12.3644533161828 -1.18908032368641
"223" 222 125.217714757111 47.0514195011822 14.6468695420068 -0.308808231525755
"224" 223 117.533907923199 31.7777658500629 17.0975256489125 -0.328254978548922
"225" 224 107.880540259655 20.3445641332186 14.9634758243403 -0.235086418180621
"226" 225 98.216164408383 11.9246190073527 12.8177859444303 -0.152910837936475
"227" 226 84.0506225190694 6.72810788724729 15.0886150736003 -0.365094728589568
"228" 227 77.1063981135665 4.99112816509751 7.15816674499423 -0.106495212578399
"229" 228 63.2595607298967 1.6470646495013 14.244917210224 -0.00813747017455977
"230" 229 49.1549101734501 11.4319712031755 17.1664079988682 -0.843476054110536
"231" 230 48.1523507647163 29.1117363440937 17.7081681945385 -0.907640706915378
"232" 231 63.9609046908313 40.609964645039 19.5478804808998 -0.998600543255696
"233" 232 82.6049858138512 44.028098146579 18.9548251787269 -0.447519249251208
"234" 233 100.727264839491 47.6802757485634 18.4866275539802 0.0175435285505938
"235" 234 115.673232191224 59.3829299118382 18.9824670299805 0.46542120277911
"236" 235 123.736634866465 54.4882313330107 9.43273750724816 -1.20985718700169
"237" 236 127.879704180111 61.0412093147725 7.75284101263099 1.55257605430424
"238" 237 127.182642868139 62.3878498232993 1.51635587242991 1.04144206022234
"239" 238 126.552866117115 52.7623939252594 9.64603649180549 2.59860572291698
"240" 239 123.530046680664 42.672824348685 10.532656435388 -0.225753234246323
"241" 240 116.459295678765 29.4013709959982 15.037519536925 -0.198437252714588
"242" 241 111.848278748385 23.2951847956603 7.65160029310539 -0.157256097874007
"243" 242 110.597552106039 21.9536976666841 1.8340951041542 -0.103618015322925
"244" 243 110.069442222008 22.8584726779095 1.04762487110091 -1.86285095550727
"245" 244 110.313492534853 23.3455559515962 0.544803332134949 -0.992824694638311
"246" 245 110.086900399992 23.5547710135445 0.308407097400399 1.28973308091791
"247" 246 110.03314758883 23.572660101219 0.0566514268639777 0.424272944949138
"248" 247 109.312202886925 24.4287292265013 1.11920311403544 -0.549600096454676
"249" 248 97.2300639170432 25.3526968808953 12.1174171469787 0.794547832701072
"250" 249 87.3435396424535 37.159498423087 15.3994780719592 -0.797362018355961
"251" 250 97.8260454474828 52.3164620826046 18.4286862073347 -1.30217288124435
"252" 251 112.191240624186 58.9749320322541 15.833321020404 -0.531697249312943
"253" 252 122.926719458415 66.5758222872671 13.1538602116995 0.1820503465611
"254" 253 125.134915416014 50.9346957032898 15.7962327851662 -2.04662996550735
"255" 254 121.570889563789 38.6849930566682 12.7576445790741 -0.42338353381709
"256" 255 111.791887171995 26.6148416055849 15.5343955090243 -0.397786252557517
"257" 256 103.613059824852 16.1442510707895 13.286326916109 0.0177932501889582
"258" 257 87.1393926606654 8.88534547225545 18.0020393379427 -0.49263137047791
"259" 258 70.269646617648 4.6321158367509 17.3976519647978 -0.168065752709996
"260" 259 53.5477359219824 13.0030806250403 18.7001430155119 -0.711100950984638
"261" 260 40.8226851694524 25.7224698470273 17.9919364948541 -0.321049297586318
"262" 261 24.3185031228301 23.5915361926624 16.6411809456948 0.913580044424342
"263" 262 24.3123706983996 43.6847456286652 20.0932103718073 -1.69889551458299
"264" 263 31.809909889287 61.4498353954876 19.2824144842432 -0.399664153131976
"265" 264 48.9443517908206 62.4368513429377 17.1628464934448 -1.11389675335957
"266" 265 61.9866254412014 48.8253506144578 18.851362127253 -0.864291876984653
"267" 266 57.8992678249234 30.2638798693105 19.0061750098831 -0.980792389165909
"268" 267 42.9767970509482 22.4859894074221 16.8278255885091 -0.873569853835085
"269" 268 34.3020588573714 38.3370259611824 18.0694892721334 -1.55053349777253
"270" 269 30.5686685822779 56.393496189281 18.4383925558704 -0.296853120286428
"271" 270 27.0590815547575 76.7371873204806 20.6441994261193 -0.033055597872467
"272" 271 41.906204675372 90.8764618192586 20.5025888197193 -0.9806466018735
"273" 272 61.2806481317163 96.3479911850096 20.1322302004363 -0.485741239092161
"274" 273 81.0824091165425 99.8483525430116 20.1087609697061 -0.100278996945873
"275" 274 92.8918630451919 113.484675651672 18.0391937185859 0.682107028777896
"276" 275 105.554212979396 103.091328127082 16.3815987810447 -1.5443698775016
"277" 276 108.979833099409 84.0251362995591 19.371487914214 -0.705723084622561
"278" 277 115.012651059404 67.6038954283465 17.4943432082722 0.174299358766561
"279" 278 101.109842637898 59.4733858762107 16.1056905341703 -1.3936928921978
"280" 279 85.0227254966874 64.1802724029115 16.7615667134749 -0.813818314555083
"281" 280 70.2051033998131 72.6924397781797 17.0885610286635 -0.236787821664414
"282" 281 67.1532166263112 89.8510717256058 17.4279276790302 -0.873343836756477
"283" 282 79.9463223964312 102.85424574588 18.2413291688686 -0.953277282061192
"284" 283 96.3929577652241 107.185799355899 17.0074739932329 -0.536019080413047
"285" 284 109.032912617992 93.0515345174122 18.9616956310473 -1.09867410260348
"286" 285 114.028518226802 74.0846276350618 19.6137612936052 -0.472108044955019
"287" 286 102.539465879537 61.0217792666391 17.3964459397484 -0.978921397637142
"288" 287 88.2265093129977 53.1309959956518 16.3439648281969 -0.345567926219915
"289" 288 71.2669976747772 53.088880695019 16.9595639302868 -0.501360159739696
"290" 289 57.9067137668776 43.3317027735476 16.5438721915678 0.628298093199749
"291" 290 50.2204038380469 27.7989337613271 17.3305012480608 0.480500005508866
"292" 291 37.7250229583893 27.5463452480173 12.4979336005905 -1.0910695803866
"293" 292 31.338502560221 44.2764212077295 17.9076264316061 -1.22634252751784
"294" 293 26.8128766280355 62.516617832163 18.7932451422331 -0.121463926557788
"295" 294 39.2857658379513 75.3112902839454 17.8683129699262 -1.01586548930771
"296" 295 57.8400572103787 79.6795880598905 19.0615779460217 -0.566909978164226
"297" 296 74.30746687342 76.9380603666438 16.6940574787337 -0.396191550107411
"298" 297 84.7015197041381 63.7924215148615 16.7584055049772 -0.736792417551303
"299" 298 84.2799867887774 46.7022133692875 17.0954059459778 -0.693695060879846
"300" 299 95.543549914506 36.0671340934377 15.4910543698899 0.838750130893269
"301" 300 106.470939556154 24.6497767434116 15.8039201857826 -0.0506159288686614
"302" 301 110.571748105719 23.0889300105803 4.38780962253136 0.443634271951334
"303" 302 108.587481159448 23.5205666000177 2.03067118446214 -2.99209726494814
"304" 303 102.094324834637 14.962354105755 10.7426291081558 1.13594006193841
"305" 304 91.2987999195355 10.8675069016083 11.5460439899508 -0.559203761850762
"306" 305 77.2888810657452 4.27469456942517 15.4836365475677 0.0772936206223198
"307" 306 63.5316393826728 1.66809038140162 14.0020028610013 -0.252585546059124
"308" 307 54.5033109508496 15.2415658026412 16.3018388313669 -1.17109970855151
"309" 308 62.1585045910055 30.3304564127379 16.9197106804977 -1.05645049234198
"310" 309 80.2121714973628 31.1983974117436 18.0745182603426 -1.05325557165096
"311" 310 87.1823080048654 38.0376427591025 9.76514617681632 0.727881404386362
"312" 311 79.5188173388419 55.2193088040321 18.8132596130419 1.21442155079486
"313" 312 77.921988477472 73.1208879437591 17.972656957401 -0.330580259322764
"314" 313 94.3284181734195 81.8018311659439 18.5615115385268 -1.17309128245163
"315" 314 110.456875330289 89.3471647770888 17.8061559457526 -0.0490901695713671
"316" 315 123.17951172409 84.7128634500938 13.5403923723886 -0.786898353657361
"317" 316 125.72951565546 71.8576934746827 13.1056444002847 -1.0256557734158
"318" 317 126.007410937684 75.0528788233225 3.20724729324766 2.85901576415856
"319" 318 123.802555866486 76.7351658480878 2.77335095483391 1.00578681346468
"320" 319 115.324794507291 82.4057057925725 10.1993853209624 0.0622362960217173
"321" 320 111.223674904212 96.2824587955702 14.4700883171102 -0.693909297263566
"322" 321 93.899587377025 103.196209954278 18.6527200090002 0.903721614114138
"323" 322 80.6414152627247 118.617034550396 20.3366899724768 -0.480948915924849
"324" 323 60.5703052988087 122.629701662232 20.46829139264 0.663343572540956
"325" 324 40.7718553642147 120.016753660208 19.9701306223547 0.328540119939109
"326" 325 31.5576797191536 117.737888477665 9.49179958375869 0.111237234616437
"327" 326 34.6011928809512 107.354357096411 10.8203833717446 1.61346348045649
"328" 327 41.2471010871045 94.5948180115771 14.3865886693828 0.195071006269641
"329" 328 39.3979374923482 82.4981720067615 12.237166770376 -0.631885955823851
"330" 329 48.9393197151399 68.3948966957 17.0276348686776 0.746496069072234
"331" 330 44.6554898520766 50.6447879355724 18.2597250606911 -0.831617163586385
"332" 331 51.0576470405502 33.7353510110885 18.0808371976804 0.598748338452545
"333" 332 55.0493023685055 18.2988614790368 15.9442316004985 -0.10889288460269
"334" 333 72.7582591741893 10.4079888825104 19.3874449446075 0.898575853735888
"335" 334 77.38895694071 4.82521898898674 7.25332210017552 -0.459169258931518
"336" 335 67.6383262995567 2.20335788945351 10.09697744503 -2.00056746180562
"337" 336 55.2557637685715 7.0100929593158 13.2827917572174 -0.632958734860535
"338" 337 41.9283810652832 18.1206073181393 17.3511572823698 -0.32465098137826
"339" 338 27.1654220946804 29.2011361870295 18.4586856948703 0.0510701592484581
"340" 339 20.7960724710894 46.9479147818607 18.8551522168742 -0.582352097767048
"341" 340 33.5939610213066 62.407906369895 20.0698104436956 -1.03605090992852
"342" 341 52.3791423241227 67.7124958654499 19.5197773116402 -0.604112608132158
"343" 342 71.3384123812663 70.8100294115903 19.2106385934765 -0.113268287376272
"344" 343 87.9997762284749 80.6403182474493 19.3451705561229 0.371090355851466
"345" 344 101.197036971709 93.7917894538241 18.6313951709743 0.250622480837571
"346" 345 110.13365951846 103.484195779823 13.183548950543 0.0422858073189644
"347" 346 118.110525511705 96.7597637684864 10.4330425547523 -1.52635744702945
"348" 347 120.725282852733 92.2082283428342 5.24913618449982 -0.348943069218348
"349" 348 122.189804698756 90.0247305023279 2.62916090359177 0.0693635045247177
"350" 349 122.566918609887 89.1199036209864 0.980268630104276 -0.195917622733312
"351" 350 122.614061955341 89.1208001603454 0.0471518695649204 1.19492350143669
"352" 351 122.685804911131 89.0177689134864 0.12554875361677 -0.98155789029422
"353" 352 121.903560053946 89.6370608828469 0.997712162853844 -2.84870034467638
"354" 353 122.002106874411 89.6460054266841 0.0989519109883444 -2.38142569616947
"355" 354 122.378973806008 89.1898336909864 0.591710517551194 -0.970827937826649
"356" 355 122.536275435341 89.0071413831114 0.241081484041404 0.0203719567589881
"357" 356 122.858143967973 88.8861899659864 0.343843856427533 0.500486187890064
"358" 357 122.465851692379 89.456440584935 0.69215532787242 2.53282873138169
"359" 358 122.84321505743 88.1862973094019 1.32501586770316 2.82781052631524
"360" 359 124.725220024179 83.6775877729505 4.88573478393519 0.10663208388715
"361" 360 126.537186809839 73.789087245024 10.0531421119538 -0.214199682625297
"362" 361 128.208574772155 59.4149373488185 14.4709959214686 -0.0654717596199369
"363" 362 124.828811577717 44.8174122736226 14.9836757029593 -0.34327842908067
"364" 363 118.561040507829 31.4978339951543 14.7206018797047 -0.212305332356633
"365" 364 108.887000808151 19.565554378363 15.3611959483706 -0.241432455117678
"366" 365 99.8642483298487 12.1346005848582 11.6888466738986 -0.200583402630821
"367" 366 86.1027368072733 6.67003755358185 14.8067771141721 -0.310958702517899
"368" 367 70.3863276980318 6.48868767467229 15.7174553623552 -0.366457143820808
"369" 368 65.1192208807933 20.4546346955944 14.9261545756234 -1.22168984356254
"370" 369 71.6825273339896 32.5450751637615 13.7570251985253 -0.85798275093401
"371" 370 87.7214830959187 32.3202803531265 16.0405309961986 -1.08747306856068
"372" 371 97.4780102341201 26.3793513338542 11.4229794454202 -0.532936729340207
"373" 372 88.8313033729158 29.4112905576054 9.1628704563646 -2.93189211793785
"374" 373 77.7514828358019 42.9407084864665 17.487354649244 -0.547360272370479
"375" 374 83.2341693229583 61.7367434507192 19.5793457881988 -0.9700043234828
"376" 375 99.6896348381892 74.6398257715267 20.9110468102505 -0.621993643546775
"377" 376 118.624764497914 70.1139329569078 19.4685089567747 -0.899602640548342
"378" 377 115.138766834484 51.6194354074708 18.8201652308255 -1.52247985261199
"379" 378 97.7890742612085 51.408952783931 17.3509692905604 -1.37236256388357
"380" 379 96.9741999549296 68.6825351809627 17.2927923992072 -1.53578786003885
"381" 380 95.81693455907 88.4125371909773 19.7639126316535 0.011448330362341
"382" 381 95.2174643577474 108.945789792627 20.5420015316282 -0.0294011787478339
"383" 382 94.0138824886735 120.81849414051 11.9335542839431 0.0718419226122493
"384" 383 88.851259959569 125.074251387459 6.69060095379867 0.780360281902676
"385" 384 76.0431243818077 128.720759806008 13.3171078175731 0.41204332169559
"386" 385 65.7243395076315 128.328508649875 10.3262375650097 0.315359013858988
"387" 386 64.720324391316 127.181076639754 1.52467917006802 0.813965336176984
"388" 387 60.2219876636476 120.548064691864 8.0144794476212 0.122908960674195
"389" 388 51.9401549085312 113.576165503189 10.8257162386962 -0.275137240210864
"390" 389 43.4747788071996 102.214436580759 14.1686794248362 0.230720571856782
"391" 390 34.487655736499 108.739037249001 11.1058000597863 -1.55841230031705
"392" 391 28.5333718064297 96.9426914504222 13.2139044691391 1.7313103034465
"393" 392 15.4454603829893 85.4093719596114 17.4445087034556 -0.381009077133567
"394" 393 24.182518376132 68.8545755495417 18.7189066602298 1.33406760637968
"395" 394 31.7509797126798 49.4037873316532 20.8713863770467 -0.114531066916073
"396" 395 25.1131905137138 30.2896913740638 20.2338555328895 -0.705324194769678
"397" 396 32.6372042183104 15.615989909588 16.4902485395314 0.808041871661615
"398" 397 51.9345542602181 9.84815452912438 20.1408948067369 0.806556334120815
"399" 398 65.7082666925935 1.79713418661135 15.9541243170953 -0.238519384434931
"400" 399 76.435127265819 2.53180120695631 10.7519892758596 0.597341672778983
"401" 400 84.1574187941047 5.64737778550559 8.32710056770294 0.315097229256198
"402" 401 91.0886270523022 12.4678511169868 9.72422255935926 0.393866889244007
"403" 402 103.756801534012 14.8591825597262 12.8919009757321 -0.590774375634496
"404" 403 101.19981453289 23.4547005738986 8.96778191393344 1.67336727405394
"405" 404 104.530679025373 37.9632889962427 14.8860268801403 -0.514810769169246
"406" 405 119.979562039028 43.3054211477076 16.3464480023435 -1.01220501551334
"407" 406 119.026544978622 56.8263213931026 13.5544452104595 1.30824169596932
"408" 407 115.002638957542 76.9288751619997 20.5013289251668 0.127189599907145
"409" 408 100.268169395217 90.3831022848084 19.9529652120988 0.633225891507328
"410" 409 86.653646965158 104.282478423052 19.45630689599 -0.0557383982529114
"411" 410 80.9844203727831 121.406101868048 18.0376996882 -0.45532756143888
"412" 411 61.7206922989405 125.744364477008 19.7461829670257 1.02957013198053
"413" 412 51.1756525105816 127.445402652174 10.6813573581003 0.0615743597394622
"414" 413 50.7787555818847 120.732139063025 6.72498588767354 1.67167770427935
"415" 414 43.1924015722521 111.526862242 11.9285325380433 -0.630230185785365
"416" 415 34.103602559346 104.700211292796 11.3670326241844 -0.237305034704853
"417" 416 20.9583544727972 93.2788820723128 17.4139113475284 0.071131129301328
"418" 417 13.2000845914644 94.7460722264642 7.89578358999504 -0.902245435648053
"419" 418 19.0092039615874 86.7364850441316 9.89441027488371 2.38518773996814
"420" 419 26.229916236497 77.1641876844298 11.990311192775 0.0187836545135882
"421" 420 38.7205015477273 64.0845488080358 18.0856759496016 0.116096240225311
"422" 421 58.7405740280543 59.9676049743124 20.4389952944752 0.60561730771292
"423" 422 76.7407157608982 50.9694757485574 20.1239020064662 -0.260747829664975
"424" 423 92.4386722847902 40.6188911250835 18.8032029472029 -0.11936487081286
"425" 424 110.668346044166 33.528000163945 19.5602080765011 0.211959924032522
"426" 425 107.793305410697 20.7561322635926 13.0914654759559 -1.42124663399983
"427" 426 97.062147485162 12.3997604656211 13.600981584015 -0.687761125276316
"428" 427 84.7275856340296 7.1987984304783 13.3862400303598 -0.26258241514028
"429" 428 72.4397755252183 2.1511991739953 13.2841460216399 -0.00927054358564154
"430" 429 61.1782487340275 4.40956857823145 11.4857397687175 -0.587678948211238
"431" 430 51.6826793791578 16.1951474332115 15.1349167926386 -0.694679835749868
"432" 431 50.5416951816524 33.2127560696301 17.0558156838442 -0.611256147595663
"433" 432 65.7351583792292 40.7213747578296 16.9475862157683 -1.17874606193233
"434" 433 79.596644715649 28.3671833484902 18.5678983418519 -1.18696279658181
"435" 434 83.4780721162317 9.58380619343487 19.1802173088588 -0.639057372376214
"436" 435 83.9792382928205 8.35157697738053 1.33024673555491 0.182508286417501
"437" 436 91.8407092806955 9.78130034780331 7.99042145378661 1.36441298822381
"438" 437 91.2514826605941 23.0259145353474 13.2577144707046 1.43535658476078
"439" 438 106.313280251555 28.8731379668365 16.1569727526173 -1.244948791769
"440" 439 105.84155559974 36.6933714705587 7.83444804691881 1.26073813171038
"441" 440 106.188729053878 47.2386141368401 10.5509559897679 -0.0931584369725617
"442" 441 106.547199882298 52.601204891856 5.37455867403177 -0.0338368792402091
"443" 442 105.441761635341 54.7834791415299 2.44628588243976 0.535623778022275
"444" 443 104.616272035341 55.5817750493197 1.14835074611472 0.333267190773004
"445" 444 104.189769075341 55.3436798109864 0.488460968149694 1.27780767392696
"446" 445 104.008899606073 55.4562501675718 0.213039550542054 -1.06587134599653
"447" 446 103.631187779341 55.6321413497364 0.416658051663765 0.120903284566093
"448" 447 103.557900409975 55.5688205241571 0.0968533193061023 1.14838307142009
"449" 448 99.5591842070294 57.1355376534584 4.29468669811307 -1.08599189916161
"450" 449 91.5934103366714 68.9361920288604 14.237590984481 -0.603605475038797
"451" 450 96.3057367089482 86.2164853929595 17.9112969543856 -0.859995149734171
"452" 451 112.406865443959 97.4152764432369 19.612732281076 -0.696851651809261
"453" 452 111.715846423289 106.931773187516 9.54155215731662 1.03556333244363
"454" 453 102.664749926812 116.15385260897 12.9216522412643 0.703555856824609
"455" 454 87.3417807230575 125.958177195324 18.1911562527996 0.225551741811065
"456" 455 73.3189096792733 129.669003407028 14.5055556075618 0.310506291988517
"457" 456 67.903283762637 130.38740552852 5.46306742381126 0.12681331632333
"458" 457 60.1279130827505 129.874007570293 7.7923017570645 0.197816621692653
"459" 458 53.3379476465366 129.179506870842 6.82539096656872 0.0359958855227431
"460" 459 43.2969557786422 126.208742303339 10.4712444249311 0.185728754726134
"461" 460 38.1128357002813 122.126369243468 6.59855065804809 0.379400237670566
"462" 461 39.4932867771801 113.918046198849 8.32359371789227 1.07035623416658
"463" 462 46.5541199696569 103.747568472201 12.3811947145749 0.440237257172499
"464" 463 45.2463979083286 89.7244617434525 14.0839504158301 -0.699840955610991
"465" 464 34.4222434101665 77.3142195061533 16.4674355316342 -0.624253390156842
"466" 465 27.9180148856788 59.587395124465 18.8824069270307 0.365576046682009
"467" 466 26.1810341220208 42.9189184319834 16.7587355555579 0.247830456177322
"468" 467 28.6398320928126 22.9725204586697 20.0973749422899 0.226484283778391
"469" 468 39.8649802904109 10.8005631022746 16.5577926652059 0.622301775452854
"470" 469 54.8112486224578 6.51724637645147 15.5479175205963 0.546742241547363
"471" 470 71.4372032513376 8.66420342550916 16.7640028600591 0.407522969242869
"472" 471 82.1565766549587 9.56814708780014 10.7574197794293 -0.0442931906800813
"473" 472 100.262222471467 13.282105224906 18.4826376763984 0.11819155345286
"474" 473 101.299680151143 22.1632014097822 8.94148689436718 1.2521864380386
"475" 474 114.971606379657 31.0816852703913 16.3236307594201 -0.876501892731422
"476" 475 117.709620643365 46.1859033209442 15.3503786607013 0.813463773182167
"477" 476 120.801370441078 62.6594609166222 16.7611758737203 -0.00619392578676862
"478" 477 117.493001436581 81.8309347862184 19.4548378508414 0.356405650636103
"479" 478 105.637438861962 100.007954753439 21.7015764139254 0.407055670286819
"480" 479 88.1846486660873 111.994194093977 21.1723834073984 0.39105765766719
"481" 480 73.2553109129428 123.976055506049 19.1428871554313 -0.07450824133785
"482" 481 53.376518725639 125.648494930873 19.9490208395227 0.592372799254675
"483" 482 43.1757462511783 125.525819341973 10.2015101027165 0.0959597101307411
"484" 483 32.8660679288209 120.830920770451 11.3283511468953 0.415299598012053
"485" 484 27.2119756413412 112.902631370652 9.73789157889393 0.523971411664573
"486" 485 28.5732073725404 99.764895228431 13.2080680937318 0.722743732955884
"487" 486 41.4238418079469 94.3969531733717 13.9267227766955 1.07186573802739
"488" 487 54.1051713303118 87.4799243092666 14.4451170560043 -0.103656432357977
"489" 488 54.6396810764513 70.6423816049004 16.8460246049349 -1.03971879084399
"490" 489 46.6783350858939 51.7386475525665 20.5118061394587 -0.430341332438932
"491" 490 41.9862752258803 31.1865233714519 21.080921091971 0.174153214157833
"492" 491 48.3579592671267 23.5641921958039 9.9347013076755 0.920718480472525
"493" 492 66.3121839014055 26.4264586505387 18.1809447355203 1.03262140964606
"494" 493 87.2192575466273 29.7828775014145 21.1747792410982 0.00109170678042343
"495" 494 106.467837403145 38.3021297760971 21.0495958586482 0.257494109973461
"496" 495 118.92491569692 42.7018205300204 13.2112103286338 -0.0771636267248132
"497" 496 124.735546979215 46.9335536959634 7.18825441164434 0.289938933652511
"498" 497 120.522520355758 38.0966476786383 9.78981620302425 -2.64512548586765
"499" 498 113.013058198789 26.8661937651839 13.5098155793915 -0.144509776852764
"500" 499 103.781442530252 15.571953761966 14.5870691059531 -0.0958573891286045
"501" 500 92.4700861447978 9.53329300379192 12.8223323553508 -0.395185131319299
"502" 501 77.9261227177061 4.82842942675373 15.2860267384014 -0.177498054192257
"503" 502 62.9934142708168 2.53593123305652 15.1076579762682 -0.16053525979655
"504" 503 44.8077866489217 6.65531684308417 18.6463505760869 -0.375092121880948
"505" 504 37.5241014480242 11.0378636315962 8.50051683483248 -0.318904327843405
"506" 505 37.6800720033413 14.1706028467364 3.13661948667724 -1.07887866195486
"507" 506 37.7936130290255 14.3416554784864 0.20530603337949 -0.536254099783868
"508" 507 36.546689264815 14.3112911059864 1.24729341731218 2.18114324250727
"509" 508 36.9283558883143 13.8364032622026 0.609251898369603 2.22344174091052
"510" 509 35.4990338321913 15.0495815811889 1.87477016558774 -2.95157304729287
"511" 510 29.6628331498772 20.9018158253125 8.26497937398132 -0.0829852168752117
"512" 511 19.9804715914219 30.958096743759 13.9598320641534 -0.0175695090860824
"513" 512 17.6888718460609 52.0646368084696 21.2305784870825 -0.658307569531703
"514" 513 9.46618243665524 68.4127922711468 18.2995849175716 0.357874260103896
"515" 514 22.8535325246204 84.9824500629659 21.3019882103933 -1.14558950779124
"516" 515 25.5368866245895 106.35566554335 21.5410011187214 0.554671857602788
"517" 516 44.8900455664583 118.043994715179 22.6088876298299 -0.902583848125021
"518" 517 66.7349752160103 118.574465661137 21.8513695410238 -0.519039718390874
"519" 518 84.6562957703066 109.175175768457 20.236609916102 -0.507314291411802
"520" 519 101.391239821841 107.365205868272 16.8325382354407 0.375299240939637
"521" 520 110.001927190873 92.9683179628354 16.7754081419467 -0.924043386174087
"522" 521 117.22217449977 74.9137323050131 19.4447945342006 -0.158585999110959
"523" 522 116.647497045703 53.8680333076305 21.0535436557518 -0.407729988268196
"524" 523 105.194306540464 38.4832885642183 19.1798316877193 -0.612640971546811
"525" 524 90.2339549703734 30.864422416317 16.7886640469199 -0.459819470900498
"526" 525 74.2068314963257 23.5266343939055 17.6270195981685 -0.0416856047794092
"527" 526 54.2797096479232 18.0543665247866 20.6648469820725 -0.161343520582516
"528" 527 35.8357034501402 10.5572638730577 19.9094930320794 0.118071909638516
"529" 528 20.4181378149372 18.0442058684832 17.1393007604937 -0.838149703055912
"530" 529 9.89914848804982 31.6693691576722 17.2131987473634 -0.461276123743338
"531" 530 2.35536554682591 48.8039356674894 18.7216994566105 -0.242719297025522
"532" 531 0.646774126007936 58.6513721219864 9.99456299037879 -0.242934582417896
"533" 532 0.367126784970917 63.3208877961716 4.67788192099911 -0.11197947677583
"534" 533 0.174758540168865 65.2110538261588 1.89992977831441 0.0416075605838986
"535" 534 0.210181848674627 65.870745348579 0.660641896596455 -0.155069243011847
"536" 535 0.453242675341304 65.9892842172364 0.270425643832953 -1.06339809377779
"537" 536 0.480758995341298 66.7585149872364 0.769722758778201 1.08128738073488
"538" 537 0.274386595341301 67.1484135506018 0.441146752448824 0.522566078426486
"539" 538 0.28742929912359 68.1075991806775 0.959274301264065 -0.500406954887565
"540" 539 2.40118495070499 79.4787318005945 11.565924952823 -0.170193273685328
"541" 540 8.23967554115089 95.0161968648106 16.598216560717 -0.17565416959782
"542" 541 18.0204916838535 109.358723058228 17.360081279367 -0.239061271755062
"543" 542 30.6950646353485 120.161341855296 16.6535693584744 -0.266459278436037
"544" 543 40.323213094202 125.875205788079 11.1959583684511 -0.170239069603996
"545" 544 51.0955584330367 128.932353047123 11.1977485890063 -0.259067272793289
"546" 545 57.819934787141 129.614224556235 6.75885982297126 -0.175467639352192
"547" 546 66.2579579566139 128.516926793562 8.50907147628508 -0.230373851858199
"548" 547 74.6427042516424 123.061245934603 10.0034206183092 -0.447527886665648
"549" 548 85.2716227564272 115.425630939343 13.0872657548166 -0.0461118638723706
"550" 549 98.1354679665672 104.554101138495 16.8424663811794 -0.0786997189677356
"551" 550 94.6576490658008 91.7045967464019 13.3118363657669 -1.1334653703744
"552" 551 79.6156083926365 93.8112371737078 15.1888420066537 -1.44561661820154
"553" 552 76.7108366074033 108.872145080897 15.3384694840493 -1.24112232387869
"554" 553 80.2308305582821 122.552273215969 14.125730537081 -0.4423728632272
"555" 554 79.4615873896014 126.863981676271 4.37979050859709 0.428394459496841
"556" 555 89.68591651552 123.862910676362 10.6556714111125 -2.03285039710153
"557" 556 95.7935392498868 121.287735820986 6.62831660386798 -0.113511631131909
"558" 557 96.5998508086746 120.63672016932 1.03632027315395 -0.280221398018967
"559" 558 96.5680683925506 120.522570752731 0.118491397503459 -1.1631102505614
"560" 559 96.7382856278994 120.424180770521 0.196607466310291 1.3182415010366
"561" 560 96.343031822008 120.673350205986 0.467237604053552 3.10322241401778
"562" 561 96.4170798050974 120.690771808791 0.0760698103317215 -2.34804492632601
"563" 562 97.1776935286746 120.38946742182 0.818118310577596 -0.608240620875652
"564" 563 97.0184120665608 120.259252108547 0.20573432378611 -2.07909293220168
"565" 564 97.060572782008 120.304232144192 0.0616500570442914 -3.00918332215524
"566" 565 96.9667350753413 120.394287163486 0.130059300677247 1.55902114748359
"567" 566 96.440950258044 120.613950146527 0.569825850781276 0.369090629218595
"568" 567 96.535646062008 120.52683005932 0.128674802830118 2.79357772778574
"569" 568 96.7644901233413 120.545602953111 0.229612773923522 0.825605572022658
"570" 569 96.9300466486736 120.517672550154 0.167896010939673 -0.248982662449324
"571" 570 97.3527387025039 120.241122087478 0.505122490865285 -0.412231679313804
"572" 571 102.958292414567 116.8603157379 6.5461503184828 0.0366555826772486
"573" 572 113.833542906172 105.261195504518 15.9000208629924 -0.274887237880201
"574" 573 122.457426266009 91.4988160267429 16.2411345999707 -0.193431929867869
"575" 574 126.391098150953 76.442871061987 15.5613384154499 -0.304211093484393
"576" 575 128.339333187876 63.2232512261211 13.3624087785067 -0.109236343544947
"577" 576 126.969631433592 54.4233768391772 8.90583360060595 -0.300732383187622
"578" 577 125.875684804525 49.5692453812397 4.97587293227883 -0.0672497720096647
"579" 578 124.433136632795 42.313223097013 7.39802707598144 0.0254127030737263
"580" 579 118.012242314056 30.5215606809398 13.4265105811992 -0.302384412292231
"581" 580 111.707821373896 21.9570339794644 10.6346998552388 -0.135918497231879
"582" 581 100.447754367968 12.7985003488126 14.514401373869 -0.253408421711176
"583" 582 88.9487262266015 6.7217392519881 13.0059476249833 -0.196682301249627
"584" 583 77.6674343426711 2.12431902256355 12.1821106273238 -0.099177032689317
"585" 584 60.9556629939045 1.26492935354738 16.7338534778056 -0.335598506083935
"586" 585 51.2824248464459 9.11748651645514 12.459301354979 -0.733262652657464
"587" 586 49.0566725432112 25.7695746037999 16.8001788973822 -0.756038130566742
"588" 587 60.6647380930691 38.1074717661544 16.9402152347197 -0.887803819054116
"589" 588 79.9242013720473 42.8274614556333 19.8294031292698 -0.575530120653277
"590" 589 93.35271662417 55.5023465649968 18.465582428184 0.516198339620411
"591" 590 109.715421419764 69.6755574162368 21.6475867953327 -0.0427168125147316
"592" 591 106.462736932727 81.9842358000695 12.7312026112557 1.11533155438346
"593" 592 106.484691703612 101.453600584522 19.4693771631771 -0.259481296138829
"594" 593 102.646454046543 105.749350969439 5.76068916724882 0.730337987467695
"595" 594 89.0727822228747 102.030828895782 14.0738045030088 1.10897677441658
"596" 595 72.3763197504864 112.089239840939 19.4921391805395 -0.809593416613263
"597" 596 66.834953582008 117.345652259576 7.63784069799606 -0.216811614283211
"598" 597 66.8143516193413 118.860163390986 1.51465124963844 -0.798179868412525
"599" 598 67.1115278753413 118.410207940581 0.539234303878852 -2.57150354043521
"600" 599 66.9193690792295 118.169903311575 0.307687044974072 -1.25821677823959
"601" 600 66.2181395271794 120.601355014099 2.53054940010535 -2.18628670665247
