"time" "x" "y" "speed" "angle"
"1" 0 102.709153009054 15.4117623522209 NA NA
"2" 1 112.501869381006 25.7910464497129 14.2697873956813 NA
"3" 2 116.917571378761 45.1773656252882 19.8828517901797 0.532374716846363
"4" 3 115.663637133027 63.562923806571 18.4282690649436 0.292050002945936
"5" 4 101.450227026362 75.6359142701146 18.6488102996701 0.798549118651979
"6" 5 84.6034519070713 80.1850607363138 17.4501737954347 0.440410083573773
"7" 6 70.615727998521 83.9487904151819 14.4852366648745 0.00089210507813716
"8" 7 63.8527268664549 75.0378080712761 11.1867685524341 1.18443933549098
"9" 8 62.703607038699 60.3334517347832 14.749188847157 0.571215583478788
"10" 9 70.5513514062435 51.2035327278828 12.0392073132282 0.788009735519942
"11" 10 83.8634064329272 56.3249554406051 14.2632317388397 1.22804188883728
"12" 11 84.0834215557768 67.7119960692861 11.3891659454726 1.18421164678761
"13" 12 71.6553954336569 67.8732711561941 12.4290724893595 1.5771394621592
"14" 13 67.5921416360093 58.7845102421912 9.95568211505389 1.1633630266776
"15" 14 77.0321692926928 47.4402448647339 14.7582681610386 1.11444345351604
"16" 15 91.0139170564076 37.4593360446556 17.1787022618958 0.256799448968115
"17" 16 92.9251610580721 22.5657173494042 15.0157494476113 -0.823204768743289
"18" 17 84.5829605130312 10.0255240479696 15.0614991940054 -0.714641015846513
"19" 18 68.6505479806601 9.99237760629488 15.9324470119393 -0.981703709294534
"20" 19 57.9899048708175 21.9104078502817 15.9902706797608 -0.843110289184185
"21" 20 52.3264497157008 38.4639313211797 17.4955383911325 -0.40012002208777
"22" 21 47.6433556968607 54.312103422027 16.5256143161872 -0.0423255650819063
"23" 22 42.660592866806 70.5558978345112 16.9908440736659 0.0103158170721725
"24" 23 34.560903838032 83.7428607931362 15.4758183769063 0.253172711787388
"25" 24 20.8033675176695 92.4499702514601 16.2813869410847 0.455728685852242
"26" 25 12.4757999387684 97.9963114241554 10.0055125898227 -0.0232977694391205
"27" 26 16.7884219824617 103.344750979603 6.87055416760752 -1.6618308056776
"28" 27 20.9570104189107 109.794272505982 7.67941778207986 0.104791977757754
"29" 28 26.4563636900049 114.993113803451 7.56774981329075 -0.239682255280211
"30" 29 33.8979917781253 119.7427666694 8.82819522603114 -0.189241638096183
"31" 30 42.1793076649606 124.268839382986 9.43745341849265 -0.0678908220754985
"32" 31 51.26328001525 126.784972506129 9.42600018853173 -0.229971481113862
"33" 32 60.8741172656634 128.365298931571 9.73989857569784 -0.107238293633436
"34" 33 70.9696959857831 128.286482482517 10.0958863764791 -0.17078020996638
"35" 34 82.7308752024769 126.002710489801 11.9808576939177 -0.183985196771313
"36" 35 93.4562554919927 122.006508726249 11.4456721467003 -0.164866702972001
"37" 36 101.441923380818 117.139940597113 9.35170449630061 -0.190653168335578
"38" 37 108.930085613613 111.041359709114 9.65739418643218 -0.136165815420346
"39" 38 114.530782790032 103.771730654767 9.17689029299944 -0.23087368934161
"40" 39 119.047856106327 95.6858806163748 9.26201501770273 -0.146993048062162
"41" 40 124.266843227559 87.9697743937942 9.31537019177105 0.0852423512934508
"42" 41 126.107345081353 78.7543077954201 9.39746091769299 -0.397569036826848
"43" 42 128.000926368556 67.1428136334662 11.7648819273436 -0.0354699984876278
"44" 43 127.658778685136 56.6733973859839 10.4750055656461 -0.19432421090147
"45" 44 125.277474068406 44.8070345493203 12.1029409090935 -0.165377260034275
"46" 45 118.135685396642 34.9796314630962 12.1483742472508 -0.430389579680849
"47" 46 113.982940111904 23.7899272710278 11.9354418982251 0.273069452719212
"48" 47 103.311132982486 14.8858672641109 13.8985521553245 -0.520089822410929
"49" 48 93.4536662745634 7.03235375497043 12.6034647750549 -0.0226102246709765
"50" 49 82.2115073372562 3.68049723199219 11.7312011201883 -0.382970593764405
"51" 50 70.2775065438774 3.20834112896326 11.9433373192753 -0.25021592505375
"52" 51 62.1565970421924 14.6668397888505 14.0444424123279 -0.99378281457798
"53" 52 71.5675772339357 25.0318810430113 14.000022441762 -1.35374904138624
"54" 53 84.450485125446 28.5132553854716 13.345009668542 -0.569676029268737
"55" 54 97.7629029909679 26.3165844362419 13.492436128641 -0.427463625884356
"56" 55 110.389440362355 30.3884124043647 13.2668469876236 0.475488092336989
"57" 56 113.531499622155 44.5659418467817 14.5215315129877 1.0407464189279
"58" 57 107.781222905418 57.8600522264362 14.4844417602296 0.626339752548483
"59" 58 98.5271499393684 62.3074327240831 10.2672810301374 0.714557568911824
"60" 59 87.0310032202419 66.8718719390525 12.3691347609618 0.0700436245126144
"61" 60 73.8897317570897 69.4302869040487 13.3879984613599 0.185672459364546
"62" 61 63.9786386966136 78.4460748805504 13.3982908794611 -0.545849759965308
"63" 62 56.3772621552113 88.4924525088407 12.5980406720408 -0.184936363143235
"64" 63 57.0838298891549 100.536992094837 12.065246445941 -0.706325681313468
"65" 64 65.3621354866483 109.508975876661 12.2076548340292 -0.686611509119709
"66" 65 77.721524592841 114.181157250851 13.2130154723136 -0.464167328690458
"67" 66 86.0718111242723 121.604574023901 11.172931653931 0.365283478061697
"68" 67 81.7322292045536 126.413339794715 6.4773605331568 1.57824798799208
"69" 68 84.0566350357512 125.302894815179 2.57603387413324 -2.75062891898812
"70" 69 91.3958565812203 122.906946798881 7.72041059725968 0.130125621615179
"71" 70 99.2757502291661 118.788795866684 8.89111303512074 -0.166025428879957
"72" 71 106.622049548582 113.29617218638 9.17262386582368 -0.160434117016684
"73" 72 114.342045481626 104.734502225982 11.5282492043244 -0.195037134548721
"74" 73 118.122231618616 98.8601506148689 6.98554322019969 -0.161952407890768
"75" 74 123.214040500688 90.1061479699651 10.127145698494 -0.0449758803128587
"76" 75 126.181133806047 79.2078338016207 11.2949942184424 -0.261011166400612
"77" 76 128.480755650017 66.8366700557127 12.5830820172696 -0.0820221199797919
"78" 77 127.656466550118 56.9197424047694 9.95112589379991 -0.266716746990074
"79" 78 125.332903911908 44.7591379944434 12.3805994587551 -0.105868542246648
"80" 79 119.751269613143 32.1896190934001 13.7530886294255 -0.22910685080856
"81" 80 110.621918005902 24.0655083148229 12.2207297945429 -0.425691341360807
"82" 81 97.4053681697332 23.9412561756279 13.2171338862111 -0.717799842976157
"83" 82 83.9008169448958 25.5047820195413 13.5947606396303 -0.124665482202262
"84" 83 71.656780574321 18.1895143559182 14.2628737509104 0.653810996964031
"85" 84 69.0646866020307 5.72240060151267 12.7337298748824 0.827255871354842
"86" 85 75.3425926574648 6.19940640003815 6.29600182438691 1.85162624752646
"87" 86 88.5625422521989 6.62789556482426 13.226891934678 -0.0434349855095783
"88" 87 101.108519269844 11.4138200412099 13.427829773308 0.332030666279529
"89" 88 109.689077317632 20.0977089181494 12.2080261483378 0.426951634667082
"90" 89 105.195742633083 30.7680293057911 11.577814723094 1.17798073133088
"91" 90 93.6298688969651 38.2105949607602 13.7535893063719 0.600440959791194
"92" 91 88.6521819382022 51.4298248310365 14.1253462195672 -0.638880686017659
"93" 92 79.9569176818858 62.7439271045683 14.2694264335716 0.295129335319221
"94" 93 72.2374408030513 74.5030318692074 14.0665158496558 -0.0743485178028152
"95" 94 68.8290261009677 87.2836015952387 13.2272541860859 -0.320287180991512
"96" 95 61.3311789854021 98.3947483692904 13.4043013246837 0.332993468448136
"97" 96 50.0804433698397 105.978796931012 13.5682292314742 0.384054573153501
"98" 97 39.4937268570218 113.203053287875 12.8167252616435 -0.00568159833319939
"99" 98 33.2880118006915 117.97156584619 7.82621309313567 -0.0563693523136826
"100" 99 27.7341842660949 115.941991175185 5.91305112689084 1.00553816985009
"101" 100 29.6491988663248 116.658703838853 2.0447390937124 -3.13383175029482
"102" 101 34.2496427096843 120.837915632092 6.21529522779505 0.379335304693265
"103" 102 42.2393377178764 124.3818705318 8.74041432971541 -0.319966410576751
"104" 103 52.0129138300256 127.15931941485 10.160561614297 -0.140610290109766
"105" 104 62.1708821942799 128.417917011035 10.2356430769305 -0.153605802534707
"106" 105 72.3260327950024 127.934333777212 10.1666580776276 -0.170857784475022
"107" 106 83.5676951569506 125.957830042654 11.4140939050265 -0.126457169751931
"108" 107 95.3209312405281 120.756188489817 12.8528453379206 -0.242618098931628
"109" 108 104.26168207856 115.307528584107 10.4701919904008 -0.130657350749864
"110" 109 111.68719403404 107.867191311116 10.5117480247985 -0.239079258590767
"111" 110 118.551397850151 98.8336142025647 11.3456074938824 -0.134622704117303
"112" 111 123.282634511494 89.2732338000601 10.667027410963 -0.19023532892555
"113" 112 125.798822801862 80.3981793213891 9.22484663893984 -0.183280054973972
"114" 113 128.495131763296 68.2376988548788 12.4558166007649 -0.0580656581366997
"115" 114 128.005207117153 57.3613521575614 10.8873754247361 -0.263211679032051
"116" 115 125.025889285743 44.5955525523318 13.108850990893 -0.184264293651745
"117" 116 118.433040840658 32.5892638307261 13.6973216172509 -0.272885639420154
"118" 117 111.343405036914 22.9577697065306 11.9594571320834 -0.132373920680426
"119" 118 99.0586939979571 16.1232502613058 14.0579081430286 -0.428557507386178
"120" 119 84.5386237089378 16.4628262149057 14.5240405199904 -0.531082828880946
"121" 120 76.3792369515418 27.3103493610893 13.573663862928 -0.902513380094392
"122" 121 74.6452228698856 38.3838652862653 11.2084592955727 -0.489570849390706
"123" 122 81.5634032067061 49.3455012290836 12.9622020396094 -0.718322553860494
"124" 123 76.0164693833505 61.0221481565442 12.9272022614818 1.00647798219611
"125" 124 65.1889622852895 67.8018315703718 12.7749370703065 0.567882701589204
"126" 125 53.6123375216738 72.7354906130654 12.5840864772582 0.156563694936184
"127" 126 41.3163536950889 71.9294095333817 12.3223774074105 0.468327583868101
"128" 127 27.5867059582623 68.7415013931431 14.0948921701426 0.162686046321363
"129" 128 22.0979301373139 57.4021414204157 12.5979262025034 0.891844072138859
"130" 129 25.7695183451306 43.8589353072224 14.0320701178484 0.715541957952234
"131" 130 35.1742869688966 34.5147639067012 13.2575718753055 0.5238916560853
"132" 131 48.5292431921638 29.0587692304911 14.4264594974725 0.39432195366676
"133" 132 63.2656786919737 29.5457497543376 14.7444796880278 0.420878183806826
"134" 133 75.2302615657755 36.8901710753863 14.0389375625489 0.517504833166999
"135" 134 80.5621862122489 48.7514497954457 13.0045897017401 0.597799819825036
"136" 135 81.9991814536613 63.0376908561756 14.3583299505593 0.322208901286889
"137" 136 81.0492276724222 76.524306960997 13.5200305526769 0.170569411436887
"138" 137 75.8468262628835 88.9768859263549 13.4956179300707 0.325416215461202
"139" 138 73.4857217228134 100.917103287058 12.1714257698091 -0.200511606073055
"140" 139 74.3097500603711 113.41058444192 12.5206267442167 -0.261086515178294
"141" 140 75.15661618353 126.25598206402 12.8732832758547 2.89468394062681e-05
"142" 141 68.2840208320467 128.410806134609 7.20248801737426 1.33279784381388
"143" 142 63.5550162827664 128.48972432701 4.72966300154733 0.28714423511889
"144" 143 66.7334391614109 128.696587008689 3.18514743215482 -3.05991430903238
"145" 144 73.6154772232039 128.024553557805 6.91477236379295 -0.162333506989609
"146" 145 84.4999172384676 125.480048514064 11.1779041131823 -0.132308592728518
"147" 146 96.6191868108874 120.255818706618 13.1973206390535 -0.177348760731286
"148" 147 106.336249994434 113.532878365086 11.816058723146 -0.198249346902565
"149" 148 113.269154558299 105.016211458372 10.9817476246531 -0.28230462341034
"150" 149 118.830633259676 97.9396647747909 9.00041989635876 -0.0171574115928967
"151" 150 123.946604419099 87.5346149928751 11.5947497544449 -0.209115115182718
"152" 151 125.664709173547 76.0425215976741 11.6198147382511 -0.308566697640793
"153" 152 128.483664809731 64.1031228975127 12.2676710177681 0.08345513658459
"154" 153 126.757323616376 51.6382604581054 12.5838408107073 -0.369480330534119
"155" 154 119.660564111694 39.572162768923 13.9983823676947 -0.394044730620954
"156" 155 107.242494148108 34.5196459933394 13.406580003419 -0.652717335927811
"157" 156 99.404954425458 21.5770350811269 15.1307040857006 0.639884812458848
"158" 157 98.1418616286885 10.7588809655596 10.8916418358949 0.428267877044661
"159" 158 87.489400503764 4.76217635053639 12.2243770498896 -0.941841579808702
"160" 159 74.8369857843653 3.49991435584871 12.715223300237 -0.413288729951967
"161" 160 63.6138981004147 9.2334839018485 12.6028376527058 -0.571743410055199
"162" 161 64.3824085717674 22.9938807121519 13.781840541872 -1.15427989026764
"163" 162 72.2886423068439 32.9117612915869 12.6835675999143 -0.617221274202114
"164" 163 80.7271860676466 42.8217242484298 13.0160050172463 -0.0323637929764247
"165" 164 74.6778856508744 53.4516453600594 12.230668762248 1.22275218069359
"166" 165 60.9946727958333 56.8611571894499 14.1015986665029 0.809218841214342
"167" 166 47.4941437712716 52.8547654792467 14.0824521472156 0.532681805794494
"168" 167 37.0900519015628 43.9902714452979 13.6683715969113 0.417185640143674
"169" 168 29.3304073738453 32.520187024309 13.8482821974839 0.270343379519271
"170" 169 17.8653187701809 24.8471060742261 13.7958119716239 -0.386215797286802
"171" 170 17.5913567821771 23.3146456129682 1.55675631882122 0.804099318726549
"172" 171 22.4445318579443 22.4851270549248 4.9235565757069 1.57841320307875
"173" 172 31.9934205618953 28.2774812721048 11.1683769124132 0.714545143631077
"174" 173 37.216405856692 39.9452221501448 12.7834170935141 0.604645828096137
"175" 174 40.1768198028812 53.1693716879634 13.5514641914215 0.20065918272953
"176" 175 39.0044608970743 67.1795171646234 14.0591109847387 0.303717914038271
"177" 176 32.5153243743751 78.440839331848 12.9971639123408 0.439275038498174
"178" 177 21.173073686914 87.5338458091609 14.5371736404868 0.372263909263902
"179" 178 14.8368359621505 96.6290222041316 11.0846805168372 -0.286543479504692
"180" 179 22.7345736479384 108.145614932759 13.9644609144283 -1.20959213139196
"181" 180 34.2775360465388 117.324807487476 14.7477983744038 -0.29786504983694
"182" 181 46.6178507463695 120.06227444849 12.6402963673127 -0.453523093196665
"183" 182 59.0885442908508 118.929027988889 12.5220783026847 -0.308920168244915
"184" 183 66.961878988613 111.522637311454 10.8094413421687 -0.664224095029827
"185" 184 74.7582315473306 103.735261213766 11.0193620371896 -0.0299741900984816
"186" 185 87.823993257158 103.955791346149 13.0676226834601 0.801699020966968
"187" 186 99.9969590349938 106.913694474408 12.5271819155198 0.221492887650607
"188" 187 103.884994482401 114.432374607429 8.46447698224631 0.855179511831387
"189" 188 96.503999495505 120.900749470378 9.81422235147595 1.32844623353451
"190" 189 85.2832866344775 125.145896729755 11.9969026154016 0.357909060224056
"191" 190 74.7748460494748 127.389353765817 10.7452511837177 0.151354743844035
"192" 191 64.9317437501093 128.27304800855 9.88269084765949 0.1207953698368
"193" 192 62.3553635104101 128.048879524985 2.58611419866491 0.176328479992554
"194" 193 57.3495771198096 127.914712246373 5.007584072881 -0.059994483218133
"195" 194 49.4641595518982 126.830884143932 7.95955360406379 0.109795261625085
"196" 195 44.4900324465649 125.132363258966 5.25613105398627 0.192465335008984
"197" 196 38.0421535349642 122.200195138722 7.08327271422193 0.0977397626259393
"198" 197 29.406190732196 117.49313489823 9.83545980818474 0.072241066846018
"199" 198 22.2828793794522 112.213108652943 8.86680561301755 0.138828476244881
"200" 199 21.3509194191384 105.753731711178 6.52626231800673 0.789639065846613
"201" 200 30.9697399618387 101.932363810786 10.350099577435 1.33592805215773
"202" 201 42.1263618350538 101.591037055803 11.1618419436744 0.34757505514337
"203" 202 53.1979392406804 107.717610493573 12.6536448637207 0.536004131343259
"204" 203 57.0491497787454 120.470475485105 13.3216886354824 0.772097221603937
"205" 204 65.2526961946928 117.164813841109 8.84452218625661 -1.66056815734597
"206" 205 79.579514300801 116.387411327547 14.3478943303052 0.328842472349153
"207" 206 94.5945169089155 118.289377989837 15.1349853156898 0.180208917668018
"208" 207 104.029045924194 115.02283060554 9.98402071081535 -0.459315212509718
"209" 208 111.706473359915 106.880217899777 11.1912927629834 -0.481479320221864
"210" 209 117.594229996454 99.4193273841346 9.5042393434468 -0.0879122618502444
"211" 210 122.304028694729 91.7946201110216 8.96205137113877 -0.114755300738273
"212" 211 126.305818322928 82.064627817542 10.5207922828813 -0.163138351097278
"213" 212 128.836883806089 69.3888626261556 12.9259937980494 -0.193110437250852
"214" 213 128.264439055806 59.2289421611706 10.1760344362108 -0.253369392573443
"215" 214 126.44719636104 47.7076436772903 11.6637339547137 -0.100156231701197
"216" 215 121.782575989745 36.8119911554866 11.8521697205275 -0.248068146994995
"217" 216 117.489905932914 27.8625274882118 9.92571993100166 -0.0427326109449827
"218" 217 108.821971418476 17.8826829651226 13.2185621552281 -0.267920899988232
"219" 218 96.6347131309108 8.9131590806041 15.1321387544115 -0.221169654870435
"220" 219 84.7944833421421 4.45798615968668 12.6506761560844 -0.274577559308974
"221" 220 75.8165055193366 10.2096343799524 10.6623422865932 -0.929654116557934
"222" 221 79.2046175741488 20.1305458507178 10.4835007371931 -1.33012287683063
"223" 222 91.711084146028 28.4401627270286 15.0153734134253 -0.655253455420184
"224" 223 87.5570252295037 41.8728497857254 14.0603444872035 1.28426812934731
"225" 224 73.3726958762094 44.8729874646281 14.4981386838138 1.06243635328087
"226" 225 61.5795763084989 37.8563767834757 13.7226271023146 0.745155077740432
"227" 226 58.7537745081833 24.4260921168132 13.7243470534032 0.826699658659548
"228" 227 56.3495616753285 10.6076911760833 14.0259917262356 0.0351183066296444
"229" 228 44.7815706553669 8.10158950311081 11.8363407281638 -1.18519021046818
"230" 229 34.4844040148741 14.2488339717425 11.992508302236 -0.751543125091737
"231" 230 21.7808066315838 23.7930492934453 15.8894125940441 -0.106133765904554
"232" 231 19.8611683333822 37.1804852519455 13.5243651510474 -0.784043376069875
"233" 232 28.2884291185815 47.0267304495912 12.960218703167 -0.85032135630339
"234" 233 38.7841515085284 54.3334655754208 12.7886108192354 -0.254748949541119
"235" 234 49.94485080175 59.7345861335789 12.3989238241662 -0.157428137767002
"236" 235 62.9870989222022 58.0846762318315 13.1461948380253 -0.576554701014119
"237" 236 76.1406317353517 58.4189884371039 13.1577805923793 0.151247270621088
"238" 237 88.6443247959185 53.39864270708 13.4739085421356 -0.407217274274479
"239" 238 101.040418573586 49.7844763029279 12.9122166858225 0.0981136665178801
"240" 239 105.023542185899 61.9654190766571 12.8156404665481 1.53845279944244
"241" 240 99.5613989060476 73.7846086459238 13.0203015051068 0.748941621428179
"242" 241 86.7634069072868 80.9761362895218 14.6801454028555 0.625937650626624
"243" 242 72.3070350526222 80.8648613271656 14.4568001064408 0.519650650532936
"244" 243 63.6832556997133 76.9057645709558 9.48915262037074 0.422690829481797
"245" 244 55.8707521225538 67.0251077449841 12.5961339884804 0.471372131138146
"246" 245 43.5082556003992 64.7936090085806 12.5622811173311 -0.723177563578465
"247" 246 31.8679879122734 69.2191408932475 12.453158808649 -0.541896955132207
"248" 247 21.5160395285106 77.1319490679405 13.0297877400047 -0.289325689097288
"249" 248 12.8837794892556 84.7183147395979 11.4921215399691 -0.0683599918797825
"250" 249 17.8164371235028 96.4396777185263 12.7169753251506 -1.24812639937795
"251" 250 28.503645228978 101.032269389748 11.6322102520676 -0.7665977485294
"252" 251 41.3554471219504 103.99822619503 13.1896061983295 -0.179058009969295
"253" 252 52.821446033679 107.249683974543 11.9181000472272 0.0495092749768672
"254" 253 65.6583524467394 108.895563544614 12.941989252694 -0.148800740613703
"255" 254 74.5800812266663 107.342947090071 9.05581924938285 -0.299819787598553
"256" 255 87.3245491552863 111.513196842629 13.4094163102774 0.488539705699838
"257" 256 96.3593189662741 118.129547234765 11.198355149264 0.31585126400314
"258" 257 103.657450753183 114.629183152214 8.09415074541458 -1.07930500333815
"259" 258 111.410911929062 107.953924839953 10.2310915224757 -0.263595738205485
"260" 259 117.824990938036 99.8713704272277 10.3183378200189 -0.189177328661349
"261" 260 123.691253394961 89.9791398091335 11.5008374397294 -0.135539138436665
"262" 261 126.527941971133 80.7231765605931 9.68089137096978 -0.237885945596019
"263" 262 128.873583962618 69.8602127386364 11.1133262054777 -0.0847181941611606
"264" 263 128.59985604829 59.3263259197191 10.5374426918888 -0.238644710142397
"265" 264 127.16033580683 49.2521561253835 10.1764981978419 -0.115951790792714
"266" 265 122.827473054334 37.7458428715722 12.2950780528959 -0.218209691586008
"267" 266 117.450175392277 28.2349720126136 10.925749157021 -0.15443675067261
"268" 267 107.246079524575 24.301830878228 10.9358662967441 -0.688320142500984
"269" 268 97.4368760874117 29.6622065671452 11.17828697064 -0.868022647255706
"270" 269 95.6685513485116 40.7268060708995 11.2050138134981 -0.912193988367408
"271" 270 101.985455153837 50.2600157843661 11.4361427556091 -0.743674468468335
"272" 271 111.976641546454 47.1751849636179 10.4565762429509 -1.2850694993122
"273" 272 116.200874209758 56.8427182594877 10.5501346730965 1.45831688520707
"274" 273 125.671505255228 62.9894936817114 11.2905137390058 -0.583150405921199
"275" 274 124.880931489826 76.2116126202471 13.2457327507137 1.05482012123162
"276" 275 122.558870284397 91.0015143971458 14.9710775434524 0.0960112008802505
"277" 276 116.020710489924 103.01466001337 13.6771049968431 0.342686386947417
"278" 277 108.256146892778 110.42938558073 10.7362285320958 0.310022899247749
"279" 278 96.6582709396615 111.13634877055 11.6194028923882 0.701474245687567
"280" 279 87.1367184047343 103.075753721668 12.4753018086718 0.763376314978551
"281" 280 79.6119801998343 93.2511864800172 12.375128546322 0.214694702094435
"282" 281 83.4807866512799 80.1934948179291 13.6187728852828 0.941651889153781
"283" 282 90.4525773959228 66.827935564206 15.0746157613344 0.192750797145307
"284" 283 104.708307196692 62.1312826571691 15.0094763626758 0.771741891966048
"285" 284 117.04800893905 58.2687669530356 12.9300915176586 0.0149037189587841
"286" 285 111.714769453043 45.4662303952832 13.8689720501446 -1.66215658271533
"287" 286 101.046533793285 32.0277772433367 17.1581839134913 -0.276270607095788
"288" 287 91.0159403718763 17.0407849506143 18.0339330809375 0.0811709115389726
"289" 288 84.9381465678961 5.84512691783008 12.7390084508468 0.0924611001781729
"290" 289 78.3350311668394 3.31026787613787 7.07295153107395 -0.70690287147553
"291" 290 64.1275356529574 1.30012290060226 14.3489934002231 -0.225988407789403
"292" 291 54.1414748753285 3.63187639241141 10.2546810872432 -0.36994269942873
"293" 292 44.7426852867031 4.47536093818452 9.43656250497028 0.139886596515727
"294" 293 34.3984978299813 8.31747935180713 11.0346766171057 -0.266130994180183
"295" 294 27.5266879652147 13.2648443869909 8.46747846816643 -0.268355477710367
"296" 295 22.9172973412243 22.0353251888603 9.90796726985361 -0.462921852419676
"297" 296 13.0824406516222 29.7729381941629 12.5137948330967 0.420300729694652
"298" 297 7.15472966036156 37.2424689189228 9.53580866230251 -0.233367170267933
"299" 298 2.608543560121 47.5021110935883 11.2217674904712 -0.253704996081133
"300" 299 1.11024027733772 57.3418961198498 9.95320461410486 -0.266003209544592
"301" 300 2.9328635804841 66.9085195673116 9.73869805932486 -0.339371968589451
"302" 301 2.71554984069532 79.8527777073765 12.9460821895328 0.205049643080805
"303" 302 7.69958771746344 90.3655136905568 11.6343565103152 -0.459496708696306
"304" 303 15.4683469292257 101.032112816647 13.1958310313164 -0.18677484180937
"305" 304 23.4664761449842 111.848505323962 13.4523015809287 -0.00722702537951463
"306" 305 34.1612805849793 119.93417495419 13.407344829568 -0.28673089030632
"307" 306 47.0081848990007 121.581185186258 12.9520497666646 -0.519846357108737
"308" 307 55.005274528073 114.365644948047 10.771140304752 -0.861575610692551
"309" 308 49.8385331135034 104.268016374342 11.3427209988406 -1.30967492484973
"310" 309 41.9663809501408 97.6729545552553 10.2696455674335 -0.400497877493426
"311" 310 35.9816869743309 84.9718251977808 14.0404860649265 0.433106454454132
"312" 311 35.9184478366885 71.5041823058808 13.4677913650411 0.435642677108839
"313" 312 36.5097700178331 58.3983930408905 13.119122462278 0.0497841794178291
"314" 313 32.1406196012276 44.2876359797477 14.7716938839631 -0.345359026864417
"315" 314 32.7885264744781 28.7887515454728 15.512420894993 0.342049574811205
"316" 315 31.698625545104 15.2749534415036 13.5576776488709 -0.12225590942972
"317" 316 35.1757463969353 10.602398703435 5.82435723479317 0.720228771805102
"318" 317 46.5940710896556 5.29595007770735 12.5911292506222 0.496007923350455
"319" 318 58.8607670488418 2.4730983803518 12.5873079512808 0.208850990727853
"320" 319 72.0682068855493 1.96824925884674 13.2170851429403 0.187979422978888
"321" 320 84.5944141318166 4.87643393715591 12.8593703617086 0.266332500714885
"322" 321 95.7763123650521 9.06771601745832 11.9415951017902 0.13049285977976
"323" 322 103.626375888929 18.1010116674782 11.9676199651212 0.496747144503933
"324" 323 105.219452339553 32.1417858503796 14.1308609869592 0.602452241500261
"325" 324 99.7100490800497 46.1411785977286 15.044484755895 0.487907704046032
"326" 325 87.6219499499901 55.04662082572 15.0142945839702 0.560924089401296
"327" 326 74.1830306445375 62.3912775389518 15.3149774512955 0.13477355196835
"328" 327 64.954996937726 70.5124051543988 12.292653083872 -0.221514255792829
"329" 328 60.496575221351 82.0907461584909 12.4070747804664 -0.481547469095185
"330" 329 56.5438273347772 94.137508941256 12.6786714366698 -0.0505174920941608
"331" 330 56.2263609109445 107.03981420344 12.9062103658995 -0.292448108008372
"332" 331 55.3017728077343 115.045509841192 8.05890971564487 0.0903814360737657
"333" 332 53.2408094648012 123.99558058967 9.18429835663373 0.111346173607938
"334" 333 58.9478319453337 127.881992916105 6.90465830902372 -1.19927260582952
"335" 334 69.5191619760452 128.301629385811 10.5796556364057 -0.558176888844087
"336" 335 80.0468699322185 126.677521566718 10.6522467591826 -0.192738072968046
"337" 336 85.9926872277616 124.841921758454 6.22271403553757 -0.146375368418275
"338" 337 82.9031549245001 126.367184134343 3.44552393232144 2.98244663204486
"339" 338 81.1686721137545 126.926484930726 1.82242914858327 0.146652015404921
"340" 339 77.1619306512088 127.502418866752 4.04792255933198 0.169169216156832
"341" 340 66.9633630622883 128.243661297046 10.2254692413722 0.070209892685392
"342" 341 56.4568213880335 127.867340829436 10.5132789864626 0.108355881712865
"343" 342 44.263930334642 124.878225461901 12.5539397370032 0.204608525632316
"344" 343 34.8573217710393 120.58405867628 10.3404135822302 0.187839609618907
"345" 344 30.5415173594041 109.729309830722 11.6812559350283 0.764113545022057
"346" 345 34.8304952469964 97.6813245755486 12.7886387089922 0.720434496477289
"347" 346 39.0320752920595 84.9758480547612 13.3821675559437 -0.0226321766989218
"348" 347 28.6917797693543 76.5745979573265 13.3230144748298 -1.20786385121126
"349" 348 13.7025259678445 80.8309857752352 15.5818666013581 -0.95898202161619
"350" 349 3.0846326343518 81.5306047703903 10.6409175158823 0.210883991532037
"351" 350 0.161137622450977 68.7666660092504 13.0944627909181 1.41143219214266
"352" 351 3.88567074298734 61.2052071702185 8.42898610393591 0.682843992787973
"353" 352 14.205079123184 54.7696965049227 12.1616605297307 0.55549712839018
"354" 353 26.7456444617559 61.0952293407617 14.0455738461719 1.02478076393503
"355" 354 21.8470594272375 74.3412813865484 14.1228194826705 1.45784730029443
"356" 355 8.68061130253243 78.3114995082325 13.7520176030391 0.923709835580988
"357" 356 3.31024007936529 78.4096065066163 5.37126726739172 0.274603385981713
"358" 357 5.31596187162571 88.4316819084826 10.2208079557657 -1.75005108711022
"359" 358 11.716764420304 97.7035797906379 11.2666926648543 -0.406695315976274
"360" 359 18.1097834075292 107.361010750376 11.5817384063504 0.0194657907055887
"361" 360 26.3392342858316 114.894273076931 11.1567873081405 -0.244785824397621
"362" 361 35.232977206685 121.059866483833 10.8218854734961 -0.135078203782706
"363" 362 46.81733205816 125.278762703547 12.3286804905313 -0.256922713441249
"364" 363 57.1112842480623 127.400122193033 10.5102624977508 -0.146026008704817
"365" 364 69.5189813708939 128.260057884172 12.4374610465649 -0.134037145108268
"366" 365 81.3384144921575 126.034266492888 12.0271836531058 -0.255332347952931
"367" 366 92.6896939629124 122.223228282816 11.9739533096557 -0.13777542578629
"368" 367 102.380894764294 116.345730342464 11.3342117066666 -0.221257171240163
"369" 368 111.360977263176 108.467128483804 11.9463069161143 -0.174985833598245
"370" 369 117.917311173235 99.8174466108954 10.8536865093259 -0.202049224404083
"371" 370 122.545415192398 91.5785284078328 9.44982116068578 -0.136782749994802
"372" 371 126.269003616245 82.075818627558 10.2062041875685 -0.138353139359492
"373" 372 128.943631454398 68.9035788624154 13.4410391898479 -0.173129558563138
"374" 373 127.606516117013 56.8412254884051 12.1362369103842 -0.310726427462538
"375" 374 125.570839099999 44.4710418735294 12.5365634678462 -0.0527017962330636
"376" 375 120.621896541308 33.0321841572235 12.4635267201188 -0.245225180025597
"377" 376 113.917618869612 22.9883811645378 12.0758154033209 -0.180255455835257
"378" 377 104.705960500407 14.8568679581424 12.2872355286585 -0.259016537878061
"379" 378 94.9721447871267 17.3371269655394 10.0448421134368 -0.972696953361527
"380" 379 95.0822551750018 28.4033908546285 11.0668116799951 -1.33124692709091
"381" 380 98.0146335346929 35.740466524311 7.90136204885158 -0.370268489579293
"382" 381 94.2703562731956 48.3769339020262 13.1795265468463 0.668283800321719
"383" 382 99.0861768335968 61.7382666568684 14.2027230014389 -0.634001432246281
"384" 383 102.603347163477 73.0018270184404 11.7999270823242 0.0432687958678539
"385" 384 104.302845442438 85.6820143850994 12.7935704966897 0.169433235573775
"386" 385 104.524138876995 98.4871105658056 12.8070081979092 0.115953908748136
"387" 386 93.7514370926893 109.295315420884 15.2600260787102 0.801032998944511
"388" 387 85.8708357368193 119.244560190806 12.6921766936155 -0.113859848131785
"389" 388 79.2238846009016 126.535144299734 9.86582870582235 0.069357919458253
"390" 389 68.1101616656026 128.002062810382 11.2101154052701 0.700312162340582
"391" 390 57.5905556079409 128.04255237721 10.5196839787807 0.1273840998677
"392" 391 51.0070778217372 127.040990629468 6.65922710950591 0.154823930948213
"393" 392 52.583970269464 126.805676093733 1.59435338693333 2.84248403825514
"394" 393 53.5543450400743 127.246151209096 1.06566670337909 0.574244863683915
"395" 394 64.9632370081652 128.853298471204 11.5215336766279 -0.286164127659281
"396" 395 78.9338213394469 127.1177706966 14.0779715589241 -0.263541204560929
"397" 396 93.6455239737237 122.261751346085 15.4924213192115 -0.195224413588766
"398" 397 102.216823843945 116.547779971901 10.3012936241158 -0.269165634323629
"399" 398 111.58071690943 108.552461435144 12.3129042815278 -0.118738234716839
"400" 399 118.545057199316 99.2922847570578 11.5867557056618 -0.21924665004676
"401" 400 123.78306595869 88.3427787579153 12.137891801649 -0.198625982854301
"402" 401 128.360215446795 74.5951179564782 14.4895988539308 -0.124804586297447
"403" 402 128.861789079099 63.065476088728 11.5405466814706 -0.277921173673414
"404" 403 127.202923282062 51.2802013692725 11.9014510016894 -0.183314356819979
"405" 404 122.928965093011 38.9015291909312 13.0957337900783 -0.192614137072417
"406" 405 117.348797210608 26.8362118897094 13.2932371969724 -0.100744405051438
"407" 406 108.145509223166 16.9066530473584 13.5387092657866 -0.31425966363177
"408" 407 96.7652744214923 11.7755771671235 12.4834964585229 -0.399757066926569
"409" 408 85.8126338545156 16.8856986318247 12.0860943556379 -0.860126127397424
"410" 409 83.298658774962 30.7863837069262 14.1261854815009 -0.955333790879196
"411" 410 94.783319840524 35.5193720730835 12.4216995079182 -1.35880941655033
"412" 411 111.10214011513 34.4944726860839 16.3509728734517 -0.453627937110563
"413" 412 123.863841441465 43.5102788476768 15.6251650066812 0.677779884452166
"414" 413 127.925555220613 57.7651979370821 14.8222885233425 0.678160521301683
"415" 414 128.279651852163 70.398389637696 12.638153226201 0.24955655233126
"416" 415 125.541521074349 83.2145952477054 13.105437283603 0.238503337179703
"417" 416 120.487826697313 93.1825268267202 11.1758438974606 0.258746566566548
"418" 417 115.55424048238 103.215809638471 11.1806545837326 -0.0122248372318749
"419" 418 108.331037298839 111.180304304491 10.7521086078859 0.279624855118452
"420" 419 97.7060280872559 119.147591417703 13.2803796892479 0.190755570392268
"421" 420 85.0847114331709 124.831133278606 13.8419753708536 0.220298455551688
"422" 421 71.8207290604431 128.00655649956 13.6387881065807 0.188134689991742
"423" 422 59.0944885853743 126.973754050272 12.7680804167476 0.315957302498248
"424" 423 47.0932558355688 125.889618637531 12.0501011243956 0.00911292885176606
"425" 424 36.6149651167055 121.741610815432 11.2694518625005 0.286847429288875
"426" 425 26.734017925704 115.717623394678 11.572447530093 0.17055166846013
"427" 426 21.5096296317624 110.816779098196 7.16327493987473 0.205964898726295
"428" 427 16.5258678918357 104.322234976025 8.18639019563507 0.162811774245131
"429" 428 12.025486209564 99.3818791518323 6.68285500035406 -0.0842983213475904
"430" 429 9.05870155256839 91.3445769761057 8.5673821827279 0.385216310334738
"431" 430 13.5864036901614 79.8241234359389 12.3782444804547 0.728081449697253
"432" 431 26.8888135375343 79.0246546441953 13.3264120488771 1.13629929332871
"433" 432 37.4770523943893 86.5858103035391 13.0108369060042 0.680159743376772
"434" 433 36.7589130346548 100.097781005243 13.5310412158008 1.00376234828837
"435" 434 48.0026624939154 106.997015806552 13.1917149281742 -1.07353068613005
"436" 435 58.8415184126208 117.647582654349 15.1958998353454 0.22627238369818
"437" 436 70.1297382687655 126.558902651902 14.3817777628308 -0.108370631732331
"438" 437 80.7950303378927 126.345643793144 10.6674239749166 -0.688258744655005
"439" 438 94.403821602739 121.229502243724 14.5387105358027 -0.339604978555367
"440" 439 106.673397081313 113.333200886621 14.5908895392502 -0.212242120953504
"441" 440 112.868809580899 105.3156543983 10.132333775218 -0.341064906087885
"442" 441 119.428924813698 97.0292375151138 10.5688133974233 0.0117501663511195
"443" 442 124.412452087148 87.0393628394013 11.1639213595253 -0.206908095724849
"444" 443 128.501405601933 75.3921796692191 12.3440842773307 -0.125107494924065
"445" 444 128.186362541114 61.9883250949875 13.4075564357312 -0.361125554834752
"446" 445 125.904410845829 49.3547065420439 12.8380536406769 -0.155199002218726
"447" 446 121.088146950058 36.1217422625612 14.0821781531044 -0.170357836663827
"448" 447 114.638914195035 24.3483932986693 13.4240213406427 -0.152082578462271
"449" 448 104.353627861771 14.1037367949415 14.516890226099 -0.286238207237739
"450" 449 93.3722456755534 6.99957871350198 13.0789837818486 -0.209206858925312
"451" 450 83.369772188804 4.13070008198334 10.4057647703332 -0.294893476966861
"452" 451 71.4344311809806 3.69787919876573 11.9431862955403 -0.243070856352083
"453" 452 66.269266090052 13.6275602065242 11.1927429762497 -1.12738774748313
"454" 453 67.7277328760036 26.2737111380795 12.7299748133844 -0.594478131077559
"455" 454 79.173834942125 28.4039394070432 11.6426425259028 -1.27197036495596
"456" 455 94.521081886754 28.6992699362783 15.3500882375614 -0.164763481095063
"457" 456 102.376270643389 41.7559896097036 15.2375168263327 1.00994536595662
"458" 457 116.527518760607 49.9613331580931 16.3580404089903 -0.503728298908271
"459" 458 125.631389308821 62.855668847814 15.7843071383526 0.430572637972721
"460" 459 128.104350384348 75.6586420154112 13.0396187985419 0.423960311738451
"461" 460 124.189614656485 88.1788916083914 13.1179954905286 0.493847326789388
"462" 461 119.986690637847 95.6463264508627 8.56896454847368 0.209601053856104
"463" 462 113.811345670922 104.68450108671 10.9463914697307 0.0867536703734394
"464" 463 105.336220987763 114.58644259188 13.0336558174181 0.108515856299333
"465" 464 93.8019669562223 121.879291191869 13.6464155281328 0.299068457220124
"466" 465 80.9523611424097 126.535801094418 13.6673133439935 0.216149702809278
"467" 466 70.3618271364274 128.593078886995 10.7885032533571 0.155799012693309
"468" 467 58.8868781487209 128.178156534187 11.4824481200363 0.228009931183348
"469" 468 50.8810413691445 126.88638843195 8.10938267509784 0.123831268408263
"470" 469 41.9751665169216 122.933165999635 9.7438480326211 0.257786155167511
"471" 470 34.80578474993 120.37951665663 7.61059523873807 -0.07558360881076
"472" 471 25.037053346045 113.956243448611 11.6913024058953 0.239476283111762
"473" 472 20.9726819380441 109.09596554254 6.33572539386142 0.29269024136438
"474" 473 19.4156275912198 108.229922802167 1.78169814141397 -0.366748271869984
"475" 474 15.7538427387346 103.858031393231 5.70281533958577 0.365964977547482
"476" 475 13.7495752176358 97.8419007559134 6.3412077825446 0.375651469333086
"477" 476 22.36069231496 95.1636796734021 9.01799344813671 1.59084584712608
"478" 477 36.7142510039825 97.7922423982627 14.5922578457804 0.482657811503238
"479" 478 50.3348086613513 96.0361740018584 13.7332941099562 -0.309343213182128
"480" 479 61.9417330394083 103.480945611215 13.7893189764184 0.698531731408482
"481" 480 66.4808821159636 117.871688318158 15.0896437995274 0.694940870441867
"482" 481 79.6871034509132 120.013271297764 13.3787390888012 -1.10448691505336
"483" 482 93.1876155743208 121.44731654544 13.576461739594 -0.0549404902676513
"484" 483 105.843322932442 114.092064486663 14.6378503060576 -0.632291513887938
"485" 484 114.831554939884 104.357868169001 13.2492600763358 -0.298753665826496
"486" 485 121.61980920239 94.6696546159412 11.8297031992405 -0.134399440748558
"487" 486 126.505255113238 82.6138260068837 13.0080969091867 -0.226165131032883
"488" 487 128.138363720644 69.4070403381772 13.3073750763528 -0.261979079934262
"489" 488 128.715894184386 58.10050532027 11.321275349876 -0.0719972267829937
"490" 489 125.128057822991 43.0697263871646 15.4530542318349 -0.285349751195028
"491" 490 120.25732181546 32.622713435171 11.5266711965852 -0.20195574628943
"492" 491 112.967486422389 22.6812816956599 12.3277639939055 -0.196442494557137
"493" 492 103.669258278902 15.4577731317126 11.7743841699573 -0.27760642422551
"494" 493 96.8348685289808 20.7544453763517 8.64659586895104 -1.31978882043689
"495" 494 94.7583642334777 13.0122304899499 8.01584439946682 1.96806976839688
"496" 495 101.158477752247 10.8005287286784 6.77149006747757 1.50010993737714
"497" 496 112.59846041523 20.9429986096596 15.2886526095647 1.0580764214706
"498" 497 120.341588214537 31.4369727532887 13.0414539620227 0.209755922311839
"499" 498 126.436666391782 44.695529140494 14.592439667836 0.204790278921134
"500" 499 128.31823768273 57.0601643336972 12.5069786113161 0.27988350972974
"501" 500 129.020152651452 67.6283166493962 10.5914365404855 0.0846945165492658
"502" 501 128.160102853819 73.7296941133852 6.16169559557124 0.206357842859017
"503" 502 129.248184468922 70.6883392298303 3.23013329892873 -2.93805690092348
"504" 503 128.923451857643 63.540132161883 7.15557933050009 -0.388970383703416
"505" 504 127.987744737877 52.5094526821469 11.0702952805538 -0.0392277758458713
"506" 505 123.076944921329 36.6984902932963 16.5560407857634 -0.216522960074876
"507" 506 114.916089913559 23.8558661272273 15.2161936741335 -0.264931116639628
"508" 507 104.988364438806 13.8784720509753 14.0750888329304 -0.216823720700346
"509" 508 93.5711094718401 6.51956219656382 13.5833451412408 -0.215364098249092
"510" 509 82.3276234235267 3.57365782810438 11.6230086925342 -0.316279582304745
"511" 510 70.8747236121165 1.00019414017128 11.7384679342455 -0.0352211066707849
"512" 511 59.148391554426 1.01851169511618 11.7263463644922 -0.222590724752268
"513" 512 46.582327199102 2.57200509678068 12.66172638826 -0.121439907484165
"514" 513 37.2419465925064 6.45999375352299 10.1172706631297 -0.271439083777353
"515" 514 27.7826799818343 11.6900137343418 10.808831287958 -0.110625203804913
"516" 515 20.0271194599952 18.6574016721129 10.4256037562966 -0.226849324001637
"517" 516 13.4484810829576 28.0556137438716 11.4719167117611 -0.22816261780142
"518" 517 7.67814090374333 35.8375501215495 9.6878975825553 0.0273236216772141
"519" 518 3.24076759884893 45.7739123978238 10.8821678507711 -0.218036128736144
"520" 519 0.451309609715959 57.9998480325432 12.540118740165 -0.195686357014126
"521" 520 1.52451287591053 71.5434005301653 13.5860067535099 -0.303394905777019
"522" 521 3.6859864359185 84.6687028496845 13.3020873899321 -0.0841393269790421
"523" 522 8.79653788805455 94.794590791969 11.3424575275657 -0.304186787054965
"524" 523 13.8940361022364 103.507895822811 10.0948587213529 -0.0619336535024705
"525" 524 20.6235056909195 110.978457058941 10.0546032307488 -0.203920596672648
"526" 525 26.2998334203419 115.93301191095 7.53447478417577 -0.119932074707893
"527" 526 27.1189669132121 115.919617488822 0.819242997947412 -0.73395870517264
"528" 527 29.1334449217098 115.999119530956 2.01604618534013 0.0557953445410725
"529" 528 35.9273000385113 117.835119742004 7.03756805459513 0.224494603696233
"530" 529 42.5320910330825 124.35014292197 9.27732672257815 0.514616649276919
"531" 530 50.8682034476883 124.204008645876 8.33739320264995 -0.796084585771705
"532" 531 61.5587282320627 122.89049163024 10.770916725873 -0.104726186860023
"533" 532 70.4325083507881 127.526850717552 10.0119827797487 0.603722909915621
"534" 533 83.7159154246914 125.463166033936 13.4427563380586 -0.635594216377876
"535" 534 97.7236833739797 119.381235075544 15.2711311664771 -0.255496758284708
"536" 535 108.769269262024 110.588186467543 14.1181681330414 -0.262716672631803
"537" 536 115.721116412683 103.119678792013 10.2032732838825 -0.148872006921876
"538" 537 122.89577484882 91.5300742149028 13.6306514124966 -0.19526861267994
"539" 538 127.550255057393 78.369839903863 13.9590813857311 -0.214368989654338
"540" 539 128.861134399889 66.4314890493615 12.0101051525689 -0.230581400786517
"541" 540 127.99979695351 54.025659281707 12.4356951723881 -0.178684734513154
"542" 541 123.86866991663 38.9847516984133 15.5979201025015 -0.19873074045382
"543" 542 117.544547664373 28.0177556623103 12.6597600418565 -0.255024133339036
"544" 543 116.77882578741 28.0635872607529 0.767092255387681 -1.10750542270479
"545" 544 119.381184108543 31.8032932774833 4.55605859522682 -2.11896395307984
"546" 545 122.577310197486 35.9303015385425 5.21990604927628 -0.0510105807782651
"547" 546 126.210837805287 45.3730882914993 10.1177440439294 0.291631575072543
"548" 547 128.700770390561 59.5759284384494 14.4194463319167 0.193780744000717
"549" 548 127.412512410137 76.237206449599 16.7110081559715 0.250715613944554
"550" 549 122.910380300156 91.4784585065949 15.8922924023126 0.210056272585606
"551" 550 113.784042895669 105.781788209776 16.9668876055222 0.280710243302508
"552" 551 101.110635668166 117.817538834553 17.4778300671441 0.243265466968218
"553" 552 86.4159608995938 124.468974926243 16.1299432310203 0.334548044510575
"554" 553 72.370914845744 128.123300892406 14.512664018771 0.170506975912106
"555" 554 60.3730668907326 128.268728005566 11.9987292909214 0.242421874521301
"556" 555 46.1151156459045 126.378718008831 14.3826740033851 0.143910480824899
"557" 556 37.3889602755708 122.535681033049 9.53492111894113 0.283055633056381
"558" 557 25.4644338147297 115.71918266198 13.7353187570617 0.10445747901485
"559" 558 16.8625079122442 107.783832649636 11.7031153566156 0.225809406329545
"560" 559 10.6667884392309 99.4768122642945 10.363084843364 0.184849564722354
"561" 560 6.36352207989749 90.7440338631282 9.73547738753715 0.182985975349593
"562" 561 2.74683636433837 76.387593558758 14.8049921910846 0.211062651370672
"563" 562 3.37567137985058 58.3419183748694 18.0566283209005 0.281618402198573
"564" 563 16.0995600457084 48.5115943639423 16.0789493730453 0.878162155347565
"565" 564 28.70175200579 47.4108201833051 12.6501757298269 0.570674709817683
"566" 565 43.0691869177306 50.4147755222728 14.6781106967948 0.293238394985762
"567" 566 59.0214048749473 49.8409758382043 15.9625343799781 -0.242066092100501
"568" 567 74.2057116587414 48.3154035770734 15.2607517255314 -0.0641799016643399
"569" 568 88.8502744400247 49.982577274955 14.7391549009384 0.213488789936835
"570" 569 101.686706967122 52.4379473067411 13.069156132502 0.0756438626506413
"571" 570 115.694278983673 46.3981987135594 15.2542006302429 -0.59608966257282
"572" 571 125.390783583385 42.5394462036691 10.4360994813592 0.0283508854161492
"573" 572 127.898867204048 53.6501983813599 11.3903159483087 1.72752300946082
"574" 573 128.331189392232 58.9929786907997 5.36024289648654 0.141272574287175
"575" 574 127.948292739147 69.7183084713401 10.732162351935 0.116426235020414
"576" 575 126.836413003342 78.5649620681947 8.91625237471625 0.0893430057371247
"577" 576 124.907276149873 83.9919913483495 5.75970622576098 0.216509950195601
"578" 577 121.301718571071 93.997066729121 10.6349226056882 0.00434759560887388
"579" 578 120.019294009887 95.9324730901896 2.32172576709483 0.239305041052322
"580" 579 123.471115125636 91.521033421569 5.6014166926781 -3.0628229002814
"581" 580 127.059011934989 80.2770966448245 11.8025047237435 -0.355077586323081
"582" 581 129.345476126604 62.8704044724692 17.5562197207337 -0.178275113017247
"583" 582 127.278140069982 52.4721647538965 10.6017577606693 -0.326864518511468
"584" 583 122.734686392949 36.6356669917835 16.4753644173584 -0.0831365468973971
"585" 584 114.796745560103 23.2081485442058 15.598370309933 -0.254507912233452
"586" 585 104.304422156065 13.2550046478855 14.4621548821667 -0.277862379474704
"587" 586 93.5011980175798 7.23988749065937 12.3649216011062 -0.250992078456443
"588" 587 82.4121856512835 3.5818792489344 11.6767812155748 -0.189404122689257
"589" 588 70.9353789373642 0.623891417196224 11.8518683911599 -0.0663901056540448
"590" 589 58.5019495528293 0.741786529105095 12.4339883190241 -0.261728199376751
"591" 590 46.4757461054657 6.13217578330198 13.1789933480954 -0.411891168754662
"592" 591 34.9243417951911 7.70984014150328 11.6586434187931 0.285635117494119
"593" 592 25.8945991380703 13.478911827288 10.7153366988421 -0.432792133759568
"594" 593 18.3367063144765 20.9566520450043 10.6319491485137 -0.211537362260259
"595" 594 11.6328648912043 29.296066749521 10.6998751133969 -0.113630077365823
"596" 595 7.21842082073544 38.4760423345872 10.1862293413073 -0.228865933355889
"597" 596 2.00923270987842 51.1350894260737 13.6889413045263 -0.0578529142162064
"598" 597 0.627771052531028 64.0941604532133 13.0324962381414 -0.28417920215886
"599" 598 4.40171688481998 75.5424777804723 12.0543202533643 -0.424633361001162
"600" 599 12.8729517580699 78.0403017607802 8.83181436140766 -0.965629713038091
"601" 600 18.4341234165879 69.6543751223121 10.0623255662532 -1.27196269573857
